#
0.0050184 12.344 1.7723
0.0050554 10.071 1.7903
0.0050926 7.5363 1.5504
0.0051301 8.8114 1.4978
0.0051679 13.866 1.714
0.005206 7.5494 2.1926
0.0052444 7.5341 3.1008
0.005283 NaN NaN
0.005322 9.6629 2.0237
0.0053612 8.4758 1.6445
0.0054007 9.0219 1.3835
0.0054405 13.999 1.3337
0.0054806 12.601 1.6343
0.005521 10.28 1.4769
0.0055616 11.833 1.7357
0.0056026 8.0501 1.4322
0.0056439 6.4923 1.1747
0.0056855 10.492 2.1098
0.0057274 3.0947 1.4154
0.0057696 6.5978 1.4503
0.0058121 10.381 1.818
0.0058549 6.9827 0.99459
0.0058981 7.9604 1.8393
0.0059416 7.5407 1.5504
0.0059853 10.067 1.3533
0.0060294 11.334 2.6854
0.0060739 7.152 0.83767
0.0061186 10.074 1.7903
0.0061637 6.2819 1.0008
0.0062091 10.489 1.2181
0.0062549 7.7855 1.4097
0.006301 3.1035 1.4154
0.0063474 5.7995 0.96253
0.0063942 5.6549 1.3427
0.0064413 3.7342 1.5504
0.0064888 11.338 2.6854
0.0065366 6.47 0.79707
0.0065847 6.7968 0.85051
0.0066333 6.2666 0.85348
0.0066821 5.374 0.99053
0.0067314 6.7807 1.3156
0.006781 4.2568 1.0439
0.006831 5.6374 1.3427
0.0068813 4.8402 0.88105
0.006932 3.9198 0.84825
0.0069831 9.6643 2.0237
0.0070345 7.5422 1.172
0.0070864 5.402 0.65722
0.0071386 4.5555 0.72785
0.0071912 3.3334 1.1935
0.0072442 4.0616 0.80687
0.0072976 4.7283 0.82017
0.0073513 4.4807 0.69177
0.0074055 4.0469 0.80688
0.0074601 4.4977 1.0742
0.0075151 3.1035 1.4154
0.0075704 6.0025 0.92235
0.0076262 5.2751 0.69455
0.0076824 5.5817 0.80558
0.007739 4.3088 0.78315
0.0077961 3.8938 0.54212
0.0078535 3.3672 0.7883
0.0079114 2.6446 0.65245
0.0079697 2.9012 1.1164
0.0080284 4.7544 1.1036
0.0080876 3.7492 0.60813
0.0081471 3.892 0.54212
0.0082072 5.5813 0.80558
0.0082677 3.0212 0.52726
0.0083286 3.7424 0.66111
0.00839 2.4727 0.7309
0.0084518 2.197 0.56264
0.0085141 3.5474 0.59234
0.0085768 3.7402 0.58601
0.00864 4.5117 1.0742
0.0087037 3.2769 0.61975
0.0087678 3.8168 0.53698
0.0088324 3.1188 0.47178
0.0088975 2.2331 0.53709
0.0089631 2.933 0.51945
0.0090291 3.1096 0.63297
0.0090956 1.9051 0.47452
0.0091627 2.4815 1.2659
0.0092302 3.5368 0.48962
0.0092982 4.2197 0.47472
0.0093667 3.1911 0.50662
0.0094357 2.1541 0.83735
0.0095053 3.1343 0.46162
0.0095753 3.039 0.65975
0.0096459 2.8171 0.49211
0.0097169 3.6368 0.62411
0.0097885 3.0162 0.43051
0.0098607 2.4749 0.44758
0.0099333 3.3237 0.68909
0.010007 2.5799 0.36515
0.01008 1.9178 0.39561
0.010155 3.234 0.6455
0.010229 3.2134 0.58737
0.010305 2.4711 0.44758
0.010381 1.9549 0.38695
0.010457 2.6097 0.3611
0.010534 2.6448 0.3945
0.010612 3.8952 0.79121
0.01069 1.2063 0.3165
0.010769 2.472 0.46226
0.010848 2.1756 0.36669
0.010928 3.0179 0.43051
0.011009 1.568 0.28646
0.01109 2.766 0.52441
0.011171 1.9943 0.35151
0.011254 1.9111 0.37216
0.011337 2.2102 0.45213
0.01142 2.5974 0.39028
0.011504 2.2988 0.32079
0.011589 2.53 0.37734
0.011675 1.8748 0.35881
0.011761 1.4842 0.32989
0.011847 2.0126 0.48828
0.011935 2.3362 0.32915
0.012023 2.0741 0.29072
0.012111 2.4762 0.40033
0.0122 1.8704 0.34102
0.01229 2.3069 0.36846
0.012381 1.4226 0.27912
0.012472 2.7602 0.4028
0.012564 2.5693 0.3578
0.012657 1.3954 0.26107
0.01275 1.1243 0.22684
0.012844 1.6334 0.34456
0.012938 1.7901 0.30015
0.013034 1.3751 0.28067
0.01313 1.8734 0.23551
0.013227 1.9141 0.30387
0.013324 2.2502 0.41462
0.013422 1.7034 0.28236
0.013521 1.4615 0.3101
0.013621 1.7777 0.24104
0.013721 1.5394 0.25503
0.013822 1.3594 0.26796
0.013924 1.4581 0.2306
0.014027 1.2079 0.3165
0.01413 1.2814 0.21678
0.014234 1.9122 0.2559
0.014339 2.1308 0.27372
0.014445 1.1157 0.23445
0.014551 1.7305 0.36482
0.014658 1.5209 0.20179
0.014766 1.2132 0.211
0.014875 1.4521 0.24841
0.014985 1.4117 0.24503
0.015095 1.3496 0.22241
0.015206 1.5846 0.24699
0.015319 1.6455 0.22899
0.015431 1.5423 0.2124
0.015545 1.5833 0.24699
0.01566 1.7191 0.28904
0.015775 1.3346 0.20714
0.015891 1.1591 0.17377
0.016008 1.6076 0.25639
0.016126 1.2082 0.20538
0.016245 1.3214 0.22649
0.016365 1.3985 0.18656
0.016486 1.238 0.20012
0.016607 1.4055 0.19067
0.016729 1.5056 0.25669
0.016853 1.4253 0.20224
0.016977 1.2116 0.17728
0.017102 1.6801 0.21845
0.017228 1.1715 0.21702
0.017355 1.23 0.16766
0.017483 1.3408 0.19201
0.017612 1.7761 0.22682
0.017741 1.2628 0.18451
0.017872 1.7766 0.22212
0.018004 1.5381 0.20344
0.018136 1.4261 0.17131
0.01827 1.2071 0.19086
0.018405 1.7401 0.24482
0.01854 1.4298 0.15958
0.018677 1.7412 0.21749
0.018815 1.4755 0.19324
0.018953 1.2536 0.17545
0.019093 1.4422 0.17779
0.019234 1.6637 0.18451
0.019375 1.4803 0.19324
0.019518 1.409 0.19068
0.019662 1.2094 0.14619
0.019807 1.4647 0.18081
0.019953 1.555 0.20014
0.0201 0.98564 0.13933
0.020248 1.5294 0.16822
0.020397 1.4912 0.17801
0.020547 1.499 0.18583
0.020699 1.2462 0.15577
0.020851 1.1786 0.14063
0.021005 1.5323 0.18459
0.02116 1.2644 0.15688
0.021316 1.3353 0.14647
0.021473 1.4281 0.17131
0.021631 1.3187 0.15647
0.02179 1.3314 0.15512
0.021951 1.5254 0.15335
0.022113 1.3935 0.16443
0.022276 1.4466 0.16477
0.02244 1.5976 0.14709
0.022605 1.6592 0.18715
0.022772 1.0868 0.13282
0.02294 1.8033 0.15989
0.023109 1.2997 0.1439
0.023279 1.3676 0.16642
0.02345 1.642 0.14881
0.023623 1.4902 0.14443
0.023797 1.102 0.14469
0.023973 1.4294 0.13521
0.024149 1.6359 0.15518
0.024327 1.6121 0.1524
0.024507 1.5273 0.14854
0.024687 1.8969 0.15198
0.024869 1.6563 0.15973
0.025052 1.7308 0.14539
0.025237 1.5581 0.14984
0.025423 1.5528 0.14567
0.02561 1.504 0.13422
0.025799 2.1696 0.16158
0.025989 1.9295 0.17105
0.026181 1.8266 0.14154
0.026373 1.8474 0.14874
0.026568 1.6377 0.14233
0.026764 1.6879 0.1373
0.026961 1.8083 0.14649
0.027159 1.7576 0.14725
0.02736 2.2906 0.15065
0.027561 1.8654 0.15453
0.027764 1.5842 0.12406
0.027969 1.9796 0.14974
0.028175 1.719 0.13468
0.028383 2.0866 0.14981
0.028592 1.9105 0.14067
0.028802 1.8547 0.13705
0.029015 2.3836 0.14809
0.029228 2.2569 0.15497
0.029444 2.121 0.13886
0.029661 1.9149 0.13352
0.029879 1.8228 0.13634
0.0301 2.4003 0.14306
0.030321 2.2779 0.15566
0.030545 2.0529 0.12842
0.03077 2.192 0.14067
0.030997 1.8321 0.13168
0.031225 2.4617 0.13692
0.031455 2.3013 0.14658
0.031687 2.6852 0.14332
0.03192 2.2815 0.14048
0.032156 2.5012 0.14221
0.032393 2.5594 0.13953
0.032631 2.2935 0.13716
0.032872 2.6789 0.14109
0.033114 2.1426 0.12878
0.033358 2.8277 0.14699
0.033604 2.4817 0.13401
0.033851 2.7863 0.13875
0.034101 2.8247 0.15291
0.034352 2.7378 0.13075
0.034605 2.9961 0.14944
0.03486 2.7468 0.13594
0.035117 3 0.14049
0.035376 2.6902 0.13391
0.035637 3.3342 0.15069
0.035899 2.8134 0.13282
0.036164 3.4063 0.1452
0.03643 2.8271 0.13866
0.036699 3.3608 0.13744
0.036969 2.8074 0.13268
0.037241 3.5399 0.1462
0.037516 2.6745 0.12832
0.037792 3.5913 0.14145
0.038071 2.743 0.12497
0.038351 3.5459 0.14568
0.038634 2.9629 0.1244
0.038919 3.7754 0.14459
0.039205 3.1487 0.13008
0.039494 3.525 0.14132
0.039785 3.228 0.12435
0.040079 3.2642 0.13184
0.040374 3.3841 0.12895
0.040671 3.4773 0.13682
0.040971 3.5644 0.13052
0.041273 3.111 0.12302
0.041577 3.7795 0.13337
0.041883 3.2483 0.12519
0.042192 4.053 0.1404
0.042503 3.3425 0.12079
0.042816 3.7008 0.12944
0.043132 3.8598 0.12901
0.04345 3.3531 0.12331
0.04377 4.0475 0.13337
0.044092 3.639 0.12451
0.044417 3.8079 0.12688
0.044744 3.4741 0.1171
0.045074 3.6648 0.12289
0.045406 4.0038 0.12716
0.045741 3.4668 0.11753
0.046078 3.7293 0.12146
0.046417 3.9298 0.12276
0.04676 3.7784 0.12183
0.047104 3.9724 0.12056
0.047451 3.8938 0.11769
0.047801 3.9551 0.11963
0.048153 4.2984 0.12429
0.048508 4.4749 0.12336
0.048865 4.4661 0.12457
0.049225 4.6664 0.12697
0.049588 4.9071 0.12727
0.049954 5.1743 0.13083
0.050322 5.5447 0.13733
0.050693 6.0009 0.13644
0.051066 6.3127 0.14181
0.051442 7.0945 0.14842
0.051821 6.739 0.14346
0.052203 7.092 0.1468
0.052588 7.7899 0.15147
0.052975 7.5962 0.14995
0.053366 7.8571 0.15041
0.053759 8.4533 0.15509
0.054155 9.0816 0.15982
0.054554 10.418 0.16606
0.054956 11.499 0.17682
0.055361 13.353 0.18789
0.055769 14.448 0.19747
0.05618 15.607 0.20038
0.056594 16.812 0.20669
0.057011 17.879 0.21124
0.057431 18.881 0.21878
0.057854 19.205 0.21575
0.058281 18.876 0.21514
0.05871 19.179 0.212
0.059143 18.639 0.20881
0.059579 18.204 0.20523
0.060018 19.214 0.20763
0.06046 20.004 0.21129
0.060905 20.632 0.21271
0.061354 21.347 0.21674
0.061806 20.983 0.2118
0.062262 19.666 0.20386
0.062721 17.146 0.18745
0.063183 14.865 0.1763
0.063648 12.696 0.16023
0.064117 10.823 0.14503
0.06459 8.8771 0.13182
0.065066 7.4881 0.12032
0.065545 6.6028 0.11314
0.066028 6.1709 0.1089
0.066515 5.8871 0.10326
0.067005 5.6137 0.1018
0.067499 5.4124 0.10041
0.067996 4.9484 0.093563
0.068497 4.4113 0.087095
0.069002 4.296 0.087371
0.06951 3.9282 0.08154
0.070023 3.68 0.078349
0.070539 3.5661 0.077748
0.071058 3.2689 0.072682
0.071582 3.0685 0.069976
0.072109 3.007 0.06981
0.072641 2.7987 0.066281
0.073176 2.7425 0.065349
0.073715 2.5596 0.06269
0.074258 2.6298 0.062457
0.074806 2.2951 0.058887
0.075357 2.0582 0.055165
0.075912 2.0703 0.054958
0.076472 2.0362 0.0534
0.077035 1.914 0.052397
0.077603 1.7371 0.049343
0.078175 1.7233 0.048588
0.078751 1.7156 0.048307
0.079331 1.6621 0.047254
0.079916 1.6306 0.046551
0.080504 1.5844 0.045823
0.081098 1.4843 0.043063
0.081695 1.4872 0.044201
0.082297 1.4759 0.042282
0.082904 1.3941 0.041737
0.083515 1.4451 0.041357
0.08413 1.4978 0.042472
0.08475 1.464 0.041863
0.085374 1.3674 0.03983
0.086004 1.448 0.041192
0.086637 1.356 0.038726
0.087276 1.3909 0.038926
0.087919 1.4174 0.039724
0.088567 1.4238 0.039296
0.089219 1.4085 0.03888
0.089877 1.4201 0.038472
0.090539 1.3956 0.03786
0.091206 1.4332 0.038032
0.091878 1.4958 0.038931
0.092555 1.4474 0.038016
0.093237 1.4318 0.037053
0.093924 1.4439 0.037
0.094616 1.518 0.038159
0.095314 1.5562 0.03788
0.096016 1.4851 0.036814
0.096724 1.5298 0.037524
0.097436 1.5876 0.037828
0.098154 1.6448 0.037428
0.098878 1.6654 0.037986
0.099606 1.6747 0.037975
0.10034 1.7481 0.037812
0.10108 1.7523 0.038136
0.10182 1.8926 0.039146
0.10257 1.9071 0.038754
0.10333 2.0262 0.040184
0.10409 2.0258 0.039174
0.10486 2.1417 0.040557
0.10563 2.1111 0.039698
0.10641 2.2249 0.04054
0.10719 2.3658 0.041761
0.10798 2.4818 0.041679
0.10878 2.4912 0.042366
0.10958 2.7311 0.043089
0.11039 2.8215 0.044259
0.1112 3.0154 0.044595
0.11202 2.9255 0.044587
0.11285 2.9655 0.043532
0.11368 2.9112 0.043549
0.11452 2.7623 0.04133
0.11536 2.5831 0.040505
0.11621 2.641 0.040273
0.11707 2.5802 0.039588
0.11793 2.5807 0.039363
0.1188 2.5371 0.038485
0.11967 2.5682 0.038983
0.12056 2.6542 0.038728
0.12144 2.6831 0.038755
0.12234 2.8311 0.040068
0.12324 2.9285 0.039674
0.12415 2.8909 0.039416
0.12506 2.7205 0.038482
0.12598 2.4648 0.035633
0.12691 2.1768 0.033621
0.12785 1.9193 0.031398
0.12879 1.7453 0.029868
0.12974 1.516 0.027476
0.1307 1.5199 0.027358
0.13166 1.4503 0.026681
0.13263 1.3484 0.025559
0.13361 1.3673 0.025413
0.13459 1.2803 0.024506
0.13558 1.1845 0.023337
0.13658 1.2129 0.023733
0.13759 1.1848 0.023032
0.1386 1.1277 0.022392
0.13962 1.1807 0.02277
0.14065 1.0955 0.021697
0.14169 1.0455 0.021112
0.14273 1.0655 0.021219
0.14378 1.0593 0.020898
0.14484 1.0141 0.02038
0.14591 0.97022 0.019788
0.14699 0.98853 0.019916
0.14807 0.95639 0.019394
0.14916 0.98754 0.01953
0.15026 0.9844 0.019322
0.15137 0.96743 0.019104
0.15248 0.96441 0.018853
0.15361 0.94839 0.018636
0.15474 0.97151 0.018667
0.15588 0.95135 0.0184
0.15703 0.93813 0.018097
0.15818 0.91376 0.017757
0.15935 0.94965 0.017968
0.16052 0.9277 0.017572
0.16171 0.93698 0.017575
0.1629 0.93155 0.017424
0.1641 0.92221 0.017192
0.16531 0.95737 0.017412
0.16653 0.93503 0.01703
0.16775 0.94603 0.017014
0.16899 0.90675 0.016553
0.17023 0.89994 0.016417
0.17149 0.86519 0.015972
0.17275 0.87853 0.015929
0.17403 0.84524 0.015577
0.17531 0.81909 0.015261
0.1766 0.837 0.01521
0.1779 0.79104 0.014779
0.17921 0.80221 0.014709
0.18053 0.76281 0.014329
0.18186 0.75773 0.014129
0.1832 0.78173 0.014257
0.18455 0.75142 0.013901
0.18591 0.73944 0.013683
0.18728 0.72241 0.01341
0.18866 0.7 0.013197
0.19005 0.68428 0.012843
0.19145 0.63768 0.012461
0.19286 0.6049 0.012001
0.19429 0.56204 0.011537
0.19572 0.54335 0.011309
