#
0.0050184 12.051 1.6473
0.0050554 15.363 2.0782
0.0050926 4.1509 1.0853
0.0051301 7.5777 1.3072
0.0051679 15.64 1.7122
0.005206 11.728 2.5682
0.0052444 8.9127 3.1703
0.005283 NaN NaN
0.005322 5.9405 1.4945
0.0053612 8.0653 1.509
0.0054007 10.417 1.398
0.0054405 10.602 1.0925
0.0054806 11.531 1.471
0.005521 8.3548 1.2532
0.0055616 11.822 1.632
0.0056026 6.9036 1.2482
0.0056439 8.9243 1.2943
0.0056855 15.268 2.3924
0.0057274 8.3445 2.1706
0.0057696 5.5617 1.2532
0.0058121 7.5106 1.4561
0.0058549 5.4354 0.82612
0.0058981 9.2902 1.8681
0.0059416 10.039 1.6813
0.0059853 11.156 1.3397
0.0060294 13.959 2.8022
0.0060739 9.5228 0.9084
0.0061186 8.359 1.5348
0.0061637 4.5814 0.80487
0.0062091 8.914 1.0568
0.0062549 5.9969 1.1649
0.006301 2.1875 1.1209
0.0063474 5.2752 0.8637
0.0063942 7.2488 1.4288
0.0064413 4.9877 1.6813
0.0064888 4.435 1.5852
0.0065366 6.4186 0.7467
0.0065847 6.8587 0.80352
0.0066333 6.6695 0.82783
0.0066821 6.8399 1.05
0.0067314 6.228 1.1862
0.006781 3.9933 0.95111
0.006831 6.3927 1.3439
0.0068813 4.8462 0.82891
0.006932 3.4707 0.75107
0.0069831 5.1946 1.398
0.0070345 4.5965 0.86231
0.0070864 4.573 0.56913
0.0071386 5.7659 0.76932
0.0071912 6.3141 1.5405
0.0072442 4.5771 0.80488
0.0072976 4.5602 0.75757
0.0073513 3.6871 0.59076
0.0074055 5.1244 0.85226
0.0074601 4.2066 0.97717
0.0075151 2.7479 1.2532
0.0075704 3.6958 0.68215
0.0076262 5.3914 0.66022
0.0076824 4.4328 0.67592
0.007739 3.9397 0.70452
0.0077961 4.3708 0.5397
0.0078535 2.6612 0.66023
0.0079114 4.7235 0.81698
0.0079697 4.0634 1.2392
0.0080284 3.7614 0.92431
0.0080876 4.2681 0.60968
0.0081471 3.2484 0.46623
0.0082072 4.4324 0.67592
0.0082677 3.5557 0.53709
0.0083286 4.7402 0.69859
0.00839 3.1235 0.77027
0.0084518 2.9416 0.61014
0.0085141 3.4859 0.5521
0.0085768 2.9114 0.48701
0.00864 5.1157 1.0751
0.0087037 5.0413 0.72054
0.0087678 3.4455 0.48002
0.0088324 3.9446 0.49817
0.0088975 2.6498 0.54913
0.0089631 3.3976 0.52502
0.0090291 2.7534 0.56045
0.0090956 3.0115 0.55813
0.0091627 3.8785 1.4828
0.0092302 3.0726 0.42949
0.0092982 3.4561 0.40447
0.0093667 3.5961 0.50518
0.0094357 3.0282 0.92941
0.0095053 3.1291 0.43352
0.0095753 2.3172 0.54288
0.0096459 1.8219 0.37364
0.0097169 1.5388 0.38514
0.0097885 3.3111 0.42366
0.0098607 3.6625 0.51002
0.0099333 4.0638 0.71545
0.010007 2.643 0.3473
0.01008 3.3794 0.4904
0.010155 1.5185 0.41942
0.010229 3.1254 0.54466
0.010305 2.9586 0.45939
0.010381 2.7859 0.43237
0.010457 2.5263 0.33395
0.010534 1.9342 0.31819
0.010612 2.6083 0.61074
0.01069 3.0997 0.46995
0.010769 1.8899 0.38104
0.010848 1.9797 0.32904
0.010928 2.1384 0.34178
0.011009 2.7783 0.35588
0.01109 2.6216 0.48008
0.011171 1.9794 0.32904
0.011254 2.1903 0.37364
0.011337 1.8769 0.39224
0.01142 1.9432 0.31819
0.011504 2.6925 0.32569
0.011589 2.1914 0.33054
0.011675 2.073 0.35398
0.011761 1.501 0.31137
0.011847 1.6801 0.42016
0.011935 1.7483 0.26855
0.012023 2.0467 0.27133
0.012111 1.8563 0.3268
0.0122 2.2967 0.35406
0.01229 1.2784 0.25981
0.012381 1.2596 0.24715
0.012472 2.0874 0.3302
0.012564 2.1456 0.30789
0.012657 1.8583 0.28158
0.01275 1.7685 0.26499
0.012844 1.5708 0.31754
0.012938 1.4557 0.25506
0.013034 1.7049 0.29242
0.01313 2.1428 0.23625
0.013227 2.1099 0.29937
0.013324 1.5309 0.32303
0.013422 1.4282 0.24352
0.013521 1.6304 0.30698
0.013621 1.6581 0.21887
0.013721 2.1946 0.28471
0.013822 1.921 0.29742
0.013924 1.6335 0.22881
0.014027 1.4198 0.32105
0.01413 1.7262 0.23508
0.014234 1.7521 0.23039
0.014339 2.1593 0.25884
0.014445 1.2785 0.23486
0.014551 1.9279 0.36115
0.014658 1.5526 0.1914
0.014766 1.6035 0.22668
0.014875 1.2495 0.21696
0.014985 1.5392 0.23986
0.015095 1.5374 0.22237
0.015206 1.5349 0.22842
0.015319 1.3476 0.19525
0.015431 1.4653 0.19455
0.015545 1.336 0.21367
0.01566 1.2315 0.23116
0.015775 1.4277 0.20091
0.015891 1.7736 0.20024
0.016008 1.5636 0.23758
0.016126 1.5713 0.21877
0.016245 1.3348 0.21367
0.016365 1.5344 0.18316
0.016486 1.7523 0.22211
0.016607 1.5302 0.1865
0.016729 1.3705 0.23034
0.016853 1.262 0.17907
0.016977 1.7102 0.19659
0.017102 1.4876 0.19342
0.017228 1.7845 0.24961
0.017355 1.4563 0.17069
0.017483 1.4207 0.18536
0.017612 1.2738 0.18135
0.017741 1.5756 0.19276
0.017872 1.263 0.17688
0.018004 1.6593 0.19812
0.018136 1.613 0.17071
0.01827 1.2217 0.18015
0.018405 1.3638 0.20438
0.01854 1.7356 0.16455
0.018677 1.822 0.20888
0.018815 1.4789 0.18164
0.018953 1.3798 0.17243
0.019093 1.6319 0.17724
0.019234 1.7533 0.17776
0.019375 1.3323 0.17246
0.019518 1.2695 0.17026
0.019662 1.3399 0.14414
0.019807 1.5628 0.17517
0.019953 1.7945 0.20145
0.0201 1.4826 0.15897
0.020248 1.7015 0.16634
0.020397 1.4469 0.16472
0.020547 1.6812 0.18448
0.020699 1.499 0.15983
0.020851 1.5827 0.15216
0.021005 1.5087 0.17205
0.02116 1.2184 0.14466
0.021316 1.7154 0.15526
0.021473 1.6148 0.17072
0.021631 1.1203 0.13582
0.02179 1.747 0.1661
0.021951 1.7726 0.15492
0.022113 1.9427 0.18133
0.022276 1.6492 0.16487
0.02244 1.9577 0.15244
0.022605 1.6499 0.17529
0.022772 1.6731 0.15345
0.02294 1.8647 0.15267
0.023109 1.4885 0.1442
0.023279 1.5386 0.16542
0.02345 1.6619 0.14059
0.023623 1.8799 0.15178
0.023797 1.4721 0.15609
0.023973 1.7989 0.1419
0.024149 1.9523 0.15882
0.024327 1.6861 0.14627
0.024507 1.6602 0.14523
0.024687 1.9205 0.14364
0.024869 1.5193 0.14387
0.025052 1.5429 0.12916
0.025237 2.2911 0.1698
0.025423 1.7602 0.14538
0.02561 1.7087 0.13404
0.025799 2.1909 0.15255
0.025989 1.7215 0.15201
0.026181 2.0506 0.14067
0.026373 2.3762 0.15799
0.026568 1.7779 0.1391
0.026764 2.3089 0.15027
0.026961 2.2125 0.15184
0.027159 1.9581 0.14577
0.02736 2.3277 0.14268
0.027561 2.3111 0.16115
0.027764 2.0421 0.13182
0.027969 2.5034 0.15778
0.028175 1.9288 0.13378
0.028383 2.5609 0.15557
0.028592 2.0208 0.1358
0.028802 1.9029 0.13035
0.029015 3.1122 0.15861
0.029228 2.0351 0.13844
0.029444 2.4424 0.13979
0.029661 2.5122 0.14323
0.029879 2.1744 0.13958
0.0301 2.8923 0.14731
0.030321 2.706 0.15915
0.030545 2.7173 0.13839
0.03077 2.7894 0.14873
0.030997 2.4588 0.14279
0.031225 2.8984 0.13941
0.031455 2.4974 0.14336
0.031687 3.0873 0.14426
0.03192 2.8422 0.14702
0.032156 2.677 0.13819
0.032393 3.0377 0.14265
0.032631 2.5203 0.13499
0.032872 3.6218 0.15381
0.033114 2.5911 0.13278
0.033358 3.4722 0.15285
0.033604 2.6045 0.12896
0.033851 3.4322 0.1445
0.034101 3.119 0.15091
0.034352 2.9277 0.12701
0.034605 3.6053 0.15389
0.03486 3.1795 0.1373
0.035117 4.0003 0.15218
0.035376 3.3007 0.13916
0.035637 4.1444 0.15771
0.035899 2.9101 0.12693
0.036164 4.191 0.15119
0.03643 3.1227 0.13685
0.036699 4.087 0.1423
0.036969 2.9374 0.12751
0.037241 4.3501 0.15217
0.037516 2.7845 0.12301
0.037792 4.4659 0.14807
0.038071 3.1399 0.12552
0.038351 4.5162 0.15432
0.038634 3.336 0.12396
0.038919 4.3673 0.14608
0.039205 3.4139 0.12724
0.039494 4.3756 0.14783
0.039785 3.7792 0.12634
0.040079 4.2012 0.14036
0.040374 3.9292 0.13049
0.040671 3.9513 0.13699
0.040971 4.5188 0.13797
0.041273 3.7571 0.12691
0.041577 4.5579 0.13755
0.041883 3.8041 0.12722
0.042192 5.0112 0.14661
0.042503 4.0274 0.12448
0.042816 5.061 0.14205
0.043132 5.1368 0.1397
0.04345 4.619 0.13577
0.04377 5.9142 0.1513
0.044092 5.6424 0.14539
0.044417 6.4288 0.15458
0.044744 6.5527 0.15068
0.045074 6.6908 0.15563
0.045406 7.3314 0.16132
0.045741 7.7587 0.16464
0.046078 9.0558 0.17724
0.046417 9.6171 0.17987
0.04676 9.8218 0.18396
0.047104 11.854 0.19499
0.047451 12.274 0.19562
0.047801 13.241 0.20488
0.048153 13.959 0.20975
0.048508 13.252 0.19889
0.048865 12.817 0.19772
0.049225 11.88 0.18987
0.049588 9.8609 0.16923
0.049954 8.6401 0.15867
0.050322 7.2203 0.14723
0.050693 5.9229 0.12749
0.051066 4.6501 0.11463
0.051442 4.5496 0.11201
0.051821 3.8748 0.10259
0.052203 3.2952 0.094492
0.052588 3.5729 0.096848
0.052975 3.3729 0.094368
0.053366 2.9381 0.086976
0.053759 2.9852 0.087163
0.054155 2.8215 0.084297
0.054554 2.9496 0.083623
0.054956 2.7453 0.081842
0.055361 2.7117 0.080242
0.055769 2.8115 0.082531
0.05618 2.7251 0.079374
0.056594 2.7124 0.078709
0.057011 2.8327 0.079698
0.057431 2.7177 0.078712
0.057854 2.5808 0.075045
0.058281 2.5337 0.074795
0.05871 2.4021 0.071244
0.059143 2.6753 0.075022
0.059579 2.7599 0.07576
0.060018 2.6647 0.073325
0.06046 2.6846 0.073416
0.060905 2.8655 0.075128
0.061354 3.0119 0.077146
0.061806 2.8838 0.074438
0.062262 3.0721 0.076334
0.062721 3.0937 0.075418
0.063183 3.3052 0.078678
0.063648 3.5279 0.079863
0.064117 3.6082 0.079138
0.06459 3.9089 0.082569
0.065066 4.0903 0.083871
0.065545 4.5259 0.088251
0.066028 4.6411 0.088938
0.066515 5.2476 0.091736
0.067005 5.8136 0.097408
0.067499 6.0181 0.099526
0.067996 6.1549 0.098029
0.068497 6.1486 0.09653
0.069002 6.031 0.097179
0.06951 5.3663 0.089455
0.070023 4.7128 0.083235
0.070539 4.0751 0.078068
0.071058 3.498 0.070646
0.071582 3.1236 0.066358
0.072109 2.7963 0.063319
0.072641 2.4453 0.058307
0.073176 2.4675 0.058318
0.073715 2.4366 0.057512
0.074258 2.578 0.05813
0.074806 2.5491 0.058254
0.075357 2.4634 0.056593
0.075912 2.5146 0.056786
0.076472 2.66 0.057186
0.077035 2.8791 0.060114
0.077603 2.9889 0.060438
0.078175 3.056 0.060397
0.078751 3.3121 0.062608
0.079331 3.4179 0.063161
0.079916 3.6686 0.065034
0.080504 3.9577 0.067405
0.081098 4.3302 0.068331
0.081695 4.705 0.072992
0.082297 5.0308 0.07244
0.082904 5.3535 0.075821
0.083515 5.5681 0.075276
0.08413 5.3098 0.074226
0.08475 5.1274 0.07269
0.085374 4.4196 0.066402
0.086004 3.8582 0.062494
0.086637 3.3376 0.056435
0.087276 2.8281 0.051664
0.087919 2.5312 0.049469
0.088567 2.2622 0.046217
0.089219 2.2244 0.04559
0.089877 2.0114 0.042779
0.090539 1.978 0.042103
0.091206 1.8854 0.0408
0.091878 1.8455 0.040488
0.092555 1.8271 0.039967
0.093237 1.7028 0.037842
0.093924 1.6575 0.037143
0.094616 1.6604 0.037426
0.095314 1.6184 0.036256
0.096016 1.6256 0.036115
0.096724 1.5778 0.035769
0.097436 1.5198 0.034783
0.098154 1.4694 0.033284
0.098878 1.4761 0.033651
0.099606 1.5359 0.034202
0.10034 1.4271 0.032189
0.10108 1.4134 0.032277
0.10182 1.4731 0.032562
0.10257 1.4508 0.03188
0.10333 1.4563 0.032156
0.10409 1.4354 0.031133
0.10486 1.4119 0.031121
0.10563 1.4609 0.031185
0.10641 1.4358 0.030783
0.10719 1.4933 0.031362
0.10798 1.4482 0.030128
0.10878 1.3926 0.029996
0.10958 1.4342 0.029581
0.11039 1.4063 0.02962
0.1112 1.4205 0.02903
0.11202 1.4322 0.029573
0.11285 1.3775 0.028147
0.11368 1.4057 0.028693
0.11452 1.4664 0.02852
0.11536 1.4039 0.028283
0.11621 1.4319 0.028084
0.11707 1.4778 0.028352
0.11793 1.5178 0.028555
0.1188 1.5197 0.02817
0.11967 1.4943 0.028134
0.12056 1.4915 0.027478
0.12144 1.5409 0.027786
0.12234 1.4021 0.026732
0.12324 1.4776 0.026703
0.12415 1.512 0.026997
0.12506 1.5164 0.027193
0.12598 1.5346 0.026579
0.12691 1.5512 0.026785
0.12785 1.5868 0.026891
0.12879 1.5892 0.026807
0.12974 1.5291 0.02591
0.1307 1.5115 0.025623
0.13166 1.5026 0.025486
0.13263 1.4701 0.025019
0.13361 1.4375 0.024444
0.13459 1.4387 0.024338
0.13558 1.4438 0.024098
0.13658 1.4111 0.023963
0.13759 1.4103 0.023512
0.1386 1.3822 0.023176
0.13962 1.3769 0.023014
0.14065 1.3281 0.022335
0.14169 1.3656 0.02252
0.14273 1.294 0.021858
0.14378 1.2892 0.021548
0.14484 1.3007 0.021544
0.14591 1.2466 0.020929
0.14699 1.2906 0.02123
0.14807 1.1986 0.020266
0.14916 1.2197 0.020271
0.15026 1.1695 0.019685
0.15137 1.1428 0.019407
0.15248 1.0943 0.018787
0.15361 1.1018 0.01878
0.15474 1.0808 0.018426
0.15588 1.0469 0.018067
0.15703 1.0545 0.01795
0.15818 1.0216 0.017564
0.15935 1.0043 0.01731
0.16052 0.98235 0.016938
0.16171 0.98238 0.01686
0.1629 0.94346 0.016443
0.1641 0.94596 0.016322
0.16531 0.92277 0.01605
0.16653 0.90941 0.015765
0.16775 0.85788 0.015236
0.16899 0.89218 0.015406
0.17023 0.89409 0.01535
0.17149 0.83656 0.014741
0.17275 0.83328 0.014569
0.17403 0.83461 0.01452
0.17531 0.78048 0.013987
0.1766 0.7719 0.013728
0.1779 0.75989 0.013596
0.17921 0.74162 0.01329
0.18053 0.73836 0.013227
0.18186 0.73186 0.01303
0.1832 0.70121 0.012701
0.18455 0.69059 0.012524
0.18591 0.66015 0.012162
0.18728 0.65441 0.012
0.18866 0.6425 0.011882
0.19005 0.61913 0.011486
0.19145 0.59501 0.011303
0.19286 0.60091 0.011204
0.19429 0.57578 0.010921
0.19572 0.55406 0.01068
