#
0.0050184 7.0417 0.91276
0.0050554 9.2536 1.1691
0.0050926 3.213 0.69089
0.0051301 5.5151 0.80785
0.0051679 8.025 0.88922
0.005206 8.2271 1.5588
0.0052444 7.6308 2.1243
0.005283 NaN NaN
0.005322 6.0685 1.0935
0.0053612 7.6273 1.0622
0.0054007 5.7702 0.75427
0.0054405 7.2816 0.65609
0.0054806 7.534 0.86168
0.005521 6.061 0.77321
0.0055616 6.9214 0.90512
0.0056026 7.164 0.92034
0.0056439 4.4947 0.66601
0.0056855 8.0257 1.2575
0.0057274 6.743 1.4128
0.0057696 4.9856 0.85888
0.0058121 4.0952 0.77942
0.0058549 5.2139 0.58554
0.0058981 6.4545 1.1282
0.0059416 4.8353 0.84616
0.0059853 8.1364 0.82897
0.0060294 5.8643 1.3175
0.0060739 5.2322 0.48813
0.0061186 4.8358 0.84616
0.0061637 4.0285 0.54619
0.0062091 5.3403 0.59281
0.0062549 4.9198 0.76367
0.006301 2.3282 0.83325
0.0063474 5.1296 0.61619
0.0063942 3.3684 0.70641
0.0064413 3.8001 1.0622
0.0064888 5.2772 1.2499
0.0065366 4.8695 0.471
0.0065847 4.6364 0.47856
0.0066333 4.1486 0.47305
0.0066821 3.9321 0.57704
0.0067314 4.9235 0.76367
0.006781 2.4526 0.54
0.006831 4.9806 0.85888
0.0068813 3.873 0.53617
0.006932 1.4877 0.35711
0.0069831 2.5341 0.70812
0.0070345 2.5003 0.46102
0.0070864 3.7294 0.37191
0.0071386 3.7807 0.45133
0.0071912 4.1046 0.9
0.0072442 3.8789 0.53617
0.0072976 2.7244 0.42427
0.0073513 2.38 0.3437
0.0074055 3.1355 0.48295
0.0074601 2.0934 0.49995
0.0075151 1.1498 0.58921
0.0075704 4.2339 0.5278
0.0076262 3.9282 0.40803
0.0076824 3.562 0.43843
0.007739 2.791 0.42929
0.0077961 2.7134 0.30805
0.0078535 2.9139 0.49796
0.0079114 3.1457 0.48295
0.0079697 2.9215 0.76064
0.0080284 1.8593 0.47136
0.0080876 3.1046 0.37648
0.0081471 3.0245 0.32512
0.0082072 3.6689 0.44493
0.0082677 2.0795 0.29759
0.0083286 2.2239 0.34713
0.00839 3.0166 0.54675
0.0084518 2.8556 0.43425
0.0085141 2.1043 0.31072
0.0085768 2.33 0.31494
0.00864 2.4534 0.54
0.0087037 3.132 0.41143
0.0087678 2.4349 0.29204
0.0088324 2.0408 0.25981
0.0088975 2.041 0.34857
0.0089631 1.7859 0.27597
0.0090291 1.3884 0.28865
0.0090956 1.4759 0.28343
0.0091627 1.4495 0.65875
0.0092302 2.4214 0.27563
0.0092982 2.2586 0.23675
0.0093667 1.8903 0.26555
0.0094357 2.6228 0.62494
0.0095053 2.0169 0.25193
0.0095753 1.8072 0.34642
0.0096459 1.8611 0.27214
0.0097169 1.3981 0.26441
0.0097885 1.7685 0.22446
0.0098607 2.1461 0.28286
0.0099333 2.0052 0.3645
0.010007 2.0963 0.22358
0.01008 1.1135 0.20504
0.010155 2.0944 0.35352
0.010229 1.4465 0.26893
0.010305 1.6656 0.24976
0.010381 1.6724 0.24261
0.010457 1.6905 0.19756
0.010534 1.7666 0.21922
0.010612 1.6656 0.35321
0.01069 1.482 0.2358
0.010769 1.9754 0.28052
0.010848 1.742 0.2227
0.010928 1.8535 0.22966
0.011009 1.3897 0.18256
0.01109 1.7406 0.28304
0.011171 1.3491 0.1964
0.011254 1.3805 0.21465
0.011337 1.2391 0.23052
0.01142 1.5303 0.20396
0.011504 1.7607 0.19059
0.011589 1.3568 0.18825
0.011675 1.0587 0.18346
0.011761 1.2473 0.20442
0.011847 1.6866 0.303
0.011935 1.2557 0.16435
0.012023 1.5361 0.16976
0.012111 1.2998 0.19763
0.0122 1.4878 0.20618
0.01229 1.7164 0.21592
0.012381 0.98124 0.1572
0.012472 1.2043 0.18165
0.012564 1.649 0.19494
0.012657 1.4569 0.17995
0.01275 1.1531 0.15473
0.012844 1.0221 0.18517
0.012938 1.445 0.18271
0.013034 1.2292 0.17932
0.01313 1.0862 0.122
0.013227 1.4364 0.17862
0.013324 1.4632 0.22728
0.013422 1.1716 0.15887
0.013521 1.2694 0.19542
0.013621 1.6081 0.15519
0.013721 1.4767 0.16893
0.013822 1.3161 0.17794
0.013924 1.2024 0.14174
0.014027 1.2619 0.21786
0.01413 1.3329 0.14911
0.014234 1.2776 0.14211
0.014339 1.0236 0.12937
0.014445 0.89027 0.14143
0.014551 0.97873 0.18665
0.014658 1.0446 0.11344
0.014766 1.252 0.14455
0.014875 1.322 0.16015
0.014985 1.0181 0.14096
0.015095 0.87362 0.12138
0.015206 1.1534 0.14291
0.015319 1.0389 0.12362
0.015431 1.019 0.11711
0.015545 0.80622 0.12007
0.01566 1.0183 0.15119
0.015775 1.2678 0.13634
0.015891 1.2789 0.12281
0.016008 1.0428 0.14023
0.016126 1.198 0.13782
0.016245 0.75364 0.11625
0.016365 0.89549 0.10128
0.016486 0.97857 0.12024
0.016607 1.0123 0.1096
0.016729 1.2114 0.15589
0.016853 1.0476 0.1174
0.016977 1.0491 0.11142
0.017102 0.94848 0.11167
0.017228 0.92017 0.12999
0.017355 0.87724 0.09584
0.017483 1.1028 0.11774
0.017612 1.0492 0.11857
0.017741 1.1288 0.11782
0.017872 0.75167 0.098715
0.018004 1.1728 0.12025
0.018136 1.1793 0.10537
0.01827 1.0171 0.11827
0.018405 1.1355 0.13428
0.01854 1.1671 0.09752
0.018677 1.0436 0.1145
0.018815 0.8227 0.098132
0.018953 0.88896 0.10001
0.019093 0.99531 0.10015
0.019234 1.0045 0.097434
0.019375 1.0742 0.1116
0.019518 0.93305 0.10526
0.019662 1.1521 0.09622
0.019807 1.211 0.11121
0.019953 1.001 0.109
0.0201 0.92664 0.090881
0.020248 1.1766 0.099932
0.020397 1.2262 0.10919
0.020547 1.2145 0.11324
0.020699 1.1085 0.099177
0.020851 1.1154 0.092257
0.021005 1.0327 0.10282
0.02116 0.91774 0.090467
0.021316 1.2825 0.09694
0.021473 1.1895 0.10578
0.021631 1.0121 0.092786
0.02179 1.2008 0.099513
0.021951 1.0704 0.087135
0.022113 1.1252 0.099931
0.022276 1.1446 0.099241
0.02244 1.0534 0.081045
0.022605 1.2094 0.10836
0.022772 1.0232 0.086826
0.02294 1.3196 0.092812
0.023109 1.2296 0.094448
0.023279 1.0988 0.10094
0.02345 1.3109 0.0901
0.023623 1.2577 0.08975
0.023797 1.3294 0.10681
0.023973 1.2888 0.086759
0.024149 1.3308 0.094792
0.024327 1.1906 0.088782
0.024507 1.3454 0.094279
0.024687 1.3895 0.088281
0.024869 1.2076 0.092487
0.025052 1.4113 0.088966
0.025237 1.5151 0.099892
0.025423 1.1585 0.08527
0.02561 1.3749 0.086705
0.025799 1.4353 0.089316
0.025989 1.2817 0.094691
0.026181 1.578 0.089128
0.026373 1.741 0.097754
0.026568 1.2347 0.083753
0.026764 1.6468 0.091764
0.026961 1.4094 0.087693
0.027159 1.2794 0.085216
0.02736 1.6553 0.086987
0.027561 1.5441 0.095274
0.027764 1.4444 0.080126
0.027969 1.8436 0.09789
0.028175 1.5603 0.086845
0.028383 1.7503 0.093036
0.028592 1.6608 0.088854
0.028802 1.5895 0.085942
0.029015 2.0287 0.092695
0.029228 1.6252 0.08932
0.029444 1.7 0.084346
0.029661 1.7204 0.085741
0.029879 1.8243 0.092299
0.0301 2.1328 0.091491
0.030321 1.833 0.094769
0.030545 1.8175 0.0819
0.03077 2.0268 0.091682
0.030997 1.7664 0.087507
0.031225 2.144 0.086723
0.031455 1.8553 0.089325
0.031687 2.2365 0.088824
0.03192 2.0989 0.09137
0.032156 1.8675 0.083495
0.032393 2.4078 0.091837
0.032631 1.9215 0.085207
0.032872 2.3982 0.090616
0.033114 2.0038 0.084398
0.033358 2.3272 0.090587
0.033604 1.9945 0.08157
0.033851 2.2547 0.084787
0.034101 2.4629 0.096966
0.034352 2.1709 0.079094
0.034605 2.5695 0.094023
0.03486 2.193 0.082522
0.035117 2.6319 0.089387
0.035376 2.3364 0.084721
0.035637 3.0701 0.098246
0.035899 2.2477 0.080654
0.036164 2.9764 0.092235
0.03643 2.3237 0.085387
0.036699 3.0258 0.088616
0.036969 2.2649 0.080958
0.037241 3.0363 0.092046
0.037516 2.297 0.080743
0.037792 2.9674 0.087404
0.038071 2.4967 0.080932
0.038351 3.0646 0.092051
0.038634 2.5098 0.077783
0.038919 3.0957 0.089043
0.039205 2.6047 0.08039
0.039494 3.1566 0.090894
0.039785 2.7028 0.077326
0.040079 2.8439 0.08361
0.040374 2.7941 0.079646
0.040671 2.8808 0.08466
0.040971 3.245 0.084644
0.041273 2.5575 0.075802
0.041577 3.0973 0.082109
0.041883 2.6021 0.076167
0.042192 3.1296 0.083935
0.042503 2.8241 0.07546
0.042816 3.0753 0.080228
0.043132 3.0818 0.078404
0.04345 2.6417 0.07441
0.04377 3.1612 0.080193
0.044092 2.5932 0.071509
0.044417 2.8927 0.075226
0.044744 2.6925 0.070103
0.045074 2.6312 0.070848
0.045406 2.7122 0.071244
0.045741 2.4127 0.066712
0.046078 2.6115 0.069165
0.046417 2.6083 0.068085
0.04676 2.3947 0.066044
0.047104 2.5691 0.066015
0.047451 2.351 0.06229
0.047801 2.3123 0.062312
0.048153 2.3654 0.062837
0.048508 2.1874 0.058822
0.048865 2.1138 0.058462
0.049225 2.1941 0.059392
0.049588 1.9619 0.054953
0.049954 2.0763 0.05659
0.050322 2.0446 0.056967
0.050693 2.0034 0.053883
0.051066 1.8374 0.052333
0.051442 2.0502 0.054564
0.051821 1.7732 0.050363
0.052203 1.7026 0.049252
0.052588 1.7256 0.048828
0.052975 1.6896 0.048441
0.053366 1.555 0.045873
0.053759 1.6179 0.04651
0.054155 1.5924 0.045887
0.054554 1.6007 0.044651
0.054956 1.5148 0.044058
0.055361 1.5969 0.044601
0.055769 1.4691 0.043256
0.05618 1.4384 0.041808
0.056594 1.5083 0.042533
0.057011 1.5631 0.042905
0.057431 1.7203 0.045333
0.057854 1.8639 0.046115
0.058281 2.1795 0.050101
0.05871 2.6741 0.054196
0.059143 3.2091 0.059261
0.059579 3.8823 0.064778
0.060018 4.7651 0.070632
0.06046 5.5472 0.075983
0.060905 6.6366 0.082352
0.061354 8.0868 0.091036
0.061806 9.5876 0.097673
0.062262 11.724 0.10735
0.062721 12.662 0.10983
0.063183 13.338 0.11382
0.063648 13.411 0.11221
0.064117 12.097 0.10445
0.06459 9.6019 0.093364
0.065066 7.2788 0.08077
0.065545 5.1937 0.068333
0.066028 3.6211 0.056857
0.066515 2.5171 0.046085
0.067005 1.8405 0.039849
0.067499 1.6319 0.037722
0.067996 1.454 0.034714
0.068497 1.4045 0.033625
0.069002 1.2729 0.032565
0.06951 1.3336 0.032498
0.070023 1.2816 0.031625
0.070539 1.2156 0.031056
0.071058 1.2049 0.03017
0.071582 1.2509 0.030519
0.072109 1.2092 0.030245
0.072641 1.2582 0.030329
0.073176 1.1891 0.029378
0.073715 1.1507 0.028687
0.074258 1.2503 0.029374
0.074806 1.2274 0.029333
0.075357 1.2199 0.028891
0.075912 1.2636 0.029199
0.076472 1.2751 0.028731
0.077035 1.2773 0.029076
0.077603 1.3254 0.029223
0.078175 1.328 0.028915
0.078751 1.339 0.028926
0.079331 1.3353 0.028694
0.079916 1.3652 0.028843
0.080504 1.3758 0.028903
0.081098 1.435 0.028614
0.081695 1.4437 0.029425
0.082297 1.5571 0.02932
0.082904 1.7782 0.031765
0.083515 1.893 0.031899
0.08413 2.1605 0.034373
0.08475 2.4324 0.036317
0.085374 2.681 0.037468
0.086004 3.141 0.040791
0.086637 3.5513 0.042048
0.087276 3.9708 0.044147
0.087919 4.5147 0.047572
0.088567 5.1769 0.050268
0.089219 5.7837 0.052836
0.089877 5.9562 0.052845
0.090539 5.4014 0.049943
0.091206 4.5129 0.045317
0.091878 3.2831 0.038798
0.092555 2.5043 0.033646
0.093237 1.9566 0.029187
0.093924 1.6797 0.026919
0.094616 1.5275 0.025865
0.095314 1.4308 0.024568
0.096016 1.3865 0.024043
0.096724 1.3422 0.023778
0.097436 1.346 0.02358
0.098154 1.4311 0.023636
0.098878 1.3828 0.023446
0.099606 1.4653 0.024048
0.10034 1.5236 0.023911
0.10108 1.6067 0.024724
0.10182 1.8066 0.025901
0.10257 2.0952 0.027484
0.10333 2.3214 0.029108
0.10409 2.5961 0.029994
0.10486 2.8894 0.031869
0.10563 3.2435 0.033269
0.10641 3.6956 0.035333
0.10719 4.3307 0.038219
0.10798 5.1103 0.040455
0.10878 6.0137 0.044511
0.10958 6.5637 0.045204
0.11039 6.7133 0.046215
0.1112 6.1137 0.043017
0.11202 4.7784 0.038618
0.11285 3.4724 0.03196
0.11368 2.4969 0.027399
0.11452 1.867 0.023111
0.11536 1.5803 0.02156
0.11621 1.4045 0.02001
0.11707 1.3767 0.019702
0.11793 1.2933 0.018997
0.1188 1.2321 0.018289
0.11967 1.1548 0.017841
0.12056 1.1658 0.017521
0.12144 1.1605 0.017401
0.12234 1.0963 0.017043
0.12324 1.0753 0.016441
0.12415 1.0134 0.01597
0.12506 1.0002 0.015961
0.12598 1.0236 0.015686
0.12691 0.98816 0.015459
0.12785 0.95999 0.015134
0.12879 0.95037 0.015002
0.12974 0.92456 0.014578
0.1307 0.94582 0.014658
0.13166 0.89766 0.014255
0.13263 0.90684 0.014213
0.13361 0.90885 0.014053
0.13459 0.9118 0.014008
0.13558 0.92464 0.013941
0.13658 0.92059 0.013988
0.13759 0.9125 0.013669
0.1386 0.94084 0.013809
0.13962 0.96145 0.013884
0.14065 0.98086 0.013846
0.14169 1.0227 0.014057
0.14273 1.0127 0.013936
0.14378 0.98349 0.013568
0.14484 0.96863 0.013407
0.14591 0.91532 0.012933
0.14699 0.93401 0.013029
0.14807 0.95307 0.013016
0.14916 0.93539 0.012792
0.15026 0.95336 0.012795
0.15137 0.99247 0.013007
0.15248 1.0074 0.012951
0.15361 1.0705 0.013293
0.15474 1.1028 0.013352
0.15588 1.181 0.013749
0.15703 1.181 0.013612
0.15818 1.1281 0.013223
0.15935 1.0924 0.012933
0.16052 1.0569 0.012585
0.16171 1.0529 0.012502
0.1629 1.0561 0.01245
0.1641 1.1007 0.012593
0.16531 1.1666 0.012893
0.16653 1.2077 0.01297
0.16775 1.2678 0.013194
0.16899 1.2914 0.013215
0.17023 1.2666 0.013031
0.17149 1.1955 0.012554
0.17275 1.0875 0.01187
0.17403 1.0144 0.011424
0.17531 0.98991 0.011224
0.1766 0.96627 0.010944
0.1779 0.96925 0.010936
0.17921 0.96861 0.01081
0.18053 0.95939 0.01073
0.18186 0.93537 0.010484
0.1832 0.91544 0.010317
0.18455 0.91261 0.01023
0.18591 0.89569 0.010053
0.18728 0.86974 0.00982
0.18866 0.87979 0.0098624
0.19005 0.86823 0.009636
0.19145 0.88573 0.0097525
0.19286 0.85584 0.0094621
0.19429 0.8095 0.0091567
0.19572 0.74385 0.0087457
