#
0.0050184 7.3033 1.2255
0.0050554 8.6353 1.4887
0.0050926 6.5902 1.3018
0.0051301 7.1082 1.2083
0.0051679 7.612 1.1418
0.005206 4.0478 1.4442
0.0052444 11.184 3.387
0.005283 NaN NaN
0.005322 5.4123 1.3616
0.0053612 6.0717 1.2507
0.0054007 5.4059 0.96282
0.0054405 9.1489 0.96881
0.0054806 9.8246 1.2962
0.005521 7.2716 1.1161
0.0055616 11.792 1.5555
0.0056026 6.0856 1.1187
0.0056439 7.9607 1.1669
0.0056855 10.507 1.8953
0.0057274 5.5602 1.6935
0.0057696 5.5778 1.1975
0.0058121 5.5664 1.1975
0.0058549 6.0869 0.83383
0.0058981 10.166 1.8645
0.0059416 7.8703 1.4215
0.0059853 10.747 1.255
0.0060294 7.6114 1.9776
0.0060739 6.3195 0.707
0.0061186 6.5946 1.3018
0.0061637 5.4506 0.83708
0.0062091 6.1925 0.84151
0.0062549 4.851 1.0006
0.006301 3.0142 1.2508
0.0063474 4.6785 0.77649
0.0063942 7.8809 1.4215
0.0064413 7.0973 1.9105
0.0064888 5.5725 1.6935
0.0065366 4.2768 0.58259
0.0065847 5.483 0.68612
0.0066333 5.6124 0.7251
0.0066821 6.2318 0.95666
0.0067314 5.0616 1.0212
0.006781 4.0467 0.91342
0.006831 6.3349 1.2765
0.0068813 3.3941 0.66332
0.006932 2.8703 0.65245
0.0069831 5.4135 1.3616
0.0070345 5.355 0.88741
0.0070864 5.1876 0.57798
0.0071386 5.2532 0.70092
0.0071912 5.7528 1.4035
0.0072442 3.0213 0.62538
0.0072976 3.247 0.61106
0.0073513 2.253 0.44221
0.0074055 3.9029 0.71075
0.0074601 3.4241 0.84214
0.0075151 3.0142 1.2508
0.0075704 4.9557 0.75267
0.0076262 4.1826 0.55554
0.0076824 3.4816 0.5723
0.007739 4.4972 0.71765
0.0077961 3.5016 0.46143
0.0078535 2.5705 0.61897
0.0079114 3.9206 0.71075
0.0079697 3.0213 1.0212
0.0080284 3.4269 0.84213
0.0080876 3.1817 0.50301
0.0081471 3.1398 0.43734
0.0082072 4.0383 0.61583
0.0082677 3.4584 0.50538
0.0083286 2.7405 0.50851
0.00839 2.3352 0.63686
0.0084518 3.134 0.60043
0.0085141 2.7046 0.46475
0.0085768 1.996 0.386
0.00864 3.0269 0.79105
0.0087037 2.6435 0.49996
0.0087678 2.5985 0.39848
0.0088324 2.7996 0.40118
0.0088975 1.9036 0.44515
0.0089631 2.6578 0.44371
0.0090291 1.8958 0.44516
0.0090956 2.4652 0.48241
0.0091627 2.0018 1.0213
0.0092302 1.9394 0.32695
0.0092982 2.4254 0.32407
0.0093667 2.6381 0.41365
0.0094357 2.5036 0.80737
0.0095053 1.6147 0.29927
0.0095753 1.09 0.35884
0.0096459 1.8641 0.36027
0.0097169 1.3169 0.34043
0.0097885 2.3359 0.34042
0.0098607 2.6348 0.41365
0.0099333 2.3409 0.51999
0.010007 1.7544 0.27097
0.01008 1.9939 0.36107
0.010155 2.8132 0.54039
0.010229 1.9114 0.40815
0.010305 1.802 0.34373
0.010381 2.2379 0.37032
0.010457 1.9874 0.28325
0.010534 1.7622 0.2899
0.010612 1.7381 0.47765
0.01069 2.3773 0.39346
0.010769 2.1304 0.38514
0.010848 1.901 0.30757
0.010928 1.851 0.3037
0.011009 2.0411 0.29173
0.01109 2.2314 0.42305
0.011171 1.3171 0.25734
0.011254 1.8821 0.33083
0.011337 1.6371 0.34984
0.01142 1.8168 0.29359
0.011504 1.5023 0.2336
0.011589 1.5081 0.26269
0.011675 1.7812 0.31342
0.011761 1.2541 0.27211
0.011847 1.7164 0.40469
0.011935 2.1034 0.28016
0.012023 1.2903 0.20683
0.012111 1.5381 0.28431
0.0122 1.363 0.26189
0.01229 1.5825 0.27463
0.012381 1.5731 0.26231
0.012472 1.1591 0.23671
0.012564 1.3657 0.23568
0.012657 1.4661 0.23923
0.01275 1.5056 0.2336
0.012844 1.0908 0.25374
0.012938 1.2477 0.22565
0.013034 1.9529 0.29786
0.01313 1.3024 0.17677
0.013227 1.6576 0.25374
0.013324 1.6351 0.31789
0.013422 1.2647 0.21885
0.013521 1.179 0.25016
0.013621 1.4341 0.19445
0.013721 1.6701 0.23756
0.013822 1.2192 0.22745
0.013924 1.1195 0.18165
0.014027 1.4851 0.3127
0.01413 1.3741 0.2006
0.014234 1.6232 0.21162
0.014339 1.3325 0.19518
0.014445 1.7322 0.25931
0.014551 1.5162 0.30633
0.014658 1.2269 0.16279
0.014766 1.6595 0.21974
0.014875 0.90785 0.17742
0.014985 1.1059 0.19491
0.015095 1.2589 0.19241
0.015206 1.2182 0.19467
0.015319 1.0783 0.1671
0.015431 1.5619 0.19123
0.015545 1.4575 0.2124
0.01566 1.1221 0.21061
0.015775 1.1264 0.17077
0.015891 1.4958 0.17572
0.016008 1.3288 0.20928
0.016126 1.0016 0.16784
0.016245 1.3063 0.2015
0.016365 1.3209 0.16237
0.016486 1.1481 0.17258
0.016607 1.0938 0.15119
0.016729 1.0784 0.19557
0.016853 1.394 0.179
0.016977 1.458 0.17342
0.017102 1.3776 0.17762
0.017228 0.82125 0.16377
0.017355 1.0275 0.13753
0.017483 1.1029 0.15636
0.017612 0.91087 0.14709
0.017741 1.2896 0.16674
0.017872 0.99865 0.15055
0.018004 1.0532 0.15174
0.018136 1.4377 0.15389
0.01827 1.1363 0.16576
0.018405 0.89314 0.15901
0.01854 1.0845 0.12498
0.018677 1.1281 0.1578
0.018815 1.1117 0.15086
0.018953 0.93563 0.13639
0.019093 1.1294 0.14139
0.019234 1.3102 0.14712
0.019375 0.89957 0.13608
0.019518 1.0966 0.15119
0.019662 1.248 0.13273
0.019807 1.1296 0.14275
0.019953 1.0742 0.14986
0.0201 0.96033 0.12294
0.020248 1.6078 0.15426
0.020397 1.3841 0.15365
0.020547 1.263 0.15309
0.020699 1.1855 0.13601
0.020851 1.3128 0.13247
0.021005 1.0803 0.13956
0.02116 1.1401 0.1335
0.021316 1.1021 0.11947
0.021473 1.3117 0.14713
0.021631 1.0638 0.12623
0.02179 1.2979 0.13708
0.021951 1.1224 0.11834
0.022113 1.4546 0.15019
0.022276 1.2545 0.13764
0.02244 1.2993 0.11912
0.022605 1.2891 0.14826
0.022772 1.1881 0.12393
0.02294 1.6656 0.13776
0.023109 1.2208 0.12488
0.023279 1.4332 0.15234
0.02345 1.4615 0.12591
0.023623 1.4412 0.12717
0.023797 1.0057 0.1238
0.023973 1.3713 0.11857
0.024149 1.6755 0.14054
0.024327 1.3903 0.12698
0.024507 1.8381 0.14547
0.024687 1.4921 0.12111
0.024869 1.4203 0.13272
0.025052 1.3103 0.11374
0.025237 1.5151 0.13232
0.025423 1.4442 0.12588
0.02561 1.5104 0.12034
0.025799 1.8732 0.13474
0.025989 1.4497 0.13331
0.026181 1.4306 0.11256
0.026373 1.659 0.12641
0.026568 1.3694 0.11682
0.026764 1.9116 0.13065
0.026961 1.6445 0.12526
0.027159 1.5239 0.12301
0.02736 1.6841 0.11616
0.027561 1.9053 0.13982
0.027764 1.4747 0.10726
0.027969 2.0233 0.13556
0.028175 1.6585 0.1185
0.028383 2.1222 0.13531
0.028592 1.7358 0.12023
0.028802 1.5437 0.11225
0.029015 1.9953 0.12164
0.029228 1.67 0.11986
0.029444 2.0038 0.121
0.029661 1.9022 0.1192
0.029879 1.646 0.11618
0.0301 2.3193 0.12606
0.030321 2.0218 0.13157
0.030545 1.6057 0.10205
0.03077 2.1088 0.12366
0.030997 1.8628 0.11888
0.031225 2.2382 0.11711
0.031455 2.0402 0.12383
0.031687 2.42 0.12207
0.03192 2.3172 0.12684
0.032156 2.139 0.11805
0.032393 2.5032 0.12371
0.032631 2.1734 0.11972
0.032872 2.525 0.12285
0.033114 1.9899 0.11127
0.033358 2.8915 0.13323
0.033604 2.3044 0.11582
0.033851 2.5372 0.11879
0.034101 2.8025 0.13655
0.034352 2.3023 0.10765
0.034605 2.6472 0.12607
0.03486 2.3755 0.11347
0.035117 2.9204 0.1243
0.035376 2.3123 0.11143
0.035637 3.4138 0.13671
0.035899 2.4778 0.11186
0.036164 3.126 0.1248
0.03643 2.6139 0.1196
0.036699 3.0056 0.11665
0.036969 2.4086 0.11031
0.037241 3.4599 0.12965
0.037516 2.4931 0.11112
0.037792 3.388 0.12325
0.038071 2.6403 0.10994
0.038351 3.3308 0.12667
0.038634 2.6755 0.10607
0.038919 3.4507 0.12405
0.039205 2.6678 0.10749
0.039494 3.4151 0.12477
0.039785 3.0066 0.10766
0.040079 3.1187 0.11559
0.040374 3.0886 0.11054
0.040671 3.0103 0.11427
0.040971 3.6766 0.11886
0.041273 2.6985 0.10285
0.041577 3.4193 0.11385
0.041883 2.9724 0.10745
0.042192 3.6216 0.11912
0.042503 2.9388 0.10165
0.042816 3.248 0.10885
0.043132 3.4874 0.11006
0.04345 2.6798 0.099019
0.04377 3.475 0.11095
0.044092 2.9458 0.10062
0.044417 3.2567 0.10534
0.044744 3.0282 0.098134
0.045074 2.7175 0.095109
0.045406 3.2107 0.10228
0.045741 2.6956 0.093114
0.046078 2.9802 0.09753
0.046417 2.716 0.091776
0.04676 2.4828 0.088846
0.047104 2.8816 0.092301
0.047451 2.5555 0.085776
0.047801 2.3706 0.083393
0.048153 2.8124 0.090434
0.048508 2.2932 0.079595
0.048865 2.3185 0.080896
0.049225 2.52 0.084054
0.049588 2.2448 0.077652
0.049954 2.2368 0.077629
0.050322 2.2698 0.079298
0.050693 2.0816 0.072624
0.051066 1.9722 0.071689
0.051442 2.1419 0.073728
0.051821 2.025 0.071122
0.052203 1.791 0.066829
0.052588 2.0167 0.069744
0.052975 1.8169 0.066447
0.053366 1.9021 0.06703
0.053759 1.7645 0.064251
0.054155 1.8491 0.065357
0.054554 1.7572 0.061881
0.054956 1.925 0.065592
0.055361 1.9036 0.064347
0.055769 2.0519 0.067444
0.05618 2.2698 0.069205
0.056594 2.7899 0.076116
0.057011 3.5181 0.084578
0.057431 4.6619 0.097977
0.057854 6.2171 0.1105
0.058281 7.9209 0.12535
0.05871 9.8764 0.13676
0.059143 11.644 0.1483
0.059579 12.882 0.1551
0.060018 12.992 0.15339
0.06046 12.089 0.1476
0.060905 10.215 0.13454
0.061354 7.7598 0.11756
0.061806 5.5906 0.098467
0.062262 3.7015 0.079819
0.062721 2.6226 0.066321
0.063183 1.9125 0.057377
0.063648 1.5868 0.05149
0.064117 1.4033 0.047541
0.06459 1.3346 0.046528
0.065066 1.2624 0.044998
0.065545 1.3517 0.046561
0.066028 1.2282 0.044235
0.066515 1.2257 0.042905
0.067005 1.1837 0.042576
0.067499 1.2716 0.044267
0.067996 1.2586 0.042896
0.068497 1.2031 0.04136
0.069002 1.2143 0.042217
0.06951 1.1687 0.040429
0.070023 1.2368 0.04123
0.070539 1.2683 0.042055
0.071058 1.2526 0.040782
0.071582 1.2299 0.040148
0.072109 1.2449 0.040693
0.072641 1.1789 0.038984
0.073176 1.3544 0.04151
0.073715 1.2686 0.039906
0.074258 1.2673 0.039215
0.074806 1.158 0.037841
0.075357 1.3028 0.039564
0.075912 1.2979 0.039233
0.076472 1.3347 0.038949
0.077035 1.3293 0.039312
0.077603 1.4561 0.040552
0.078175 1.372 0.038948
0.078751 1.4775 0.040223
0.079331 1.5242 0.040563
0.079916 1.7362 0.042968
0.080504 1.9156 0.045001
0.081098 2.4455 0.049185
0.081695 2.979 0.055567
0.082297 3.908 0.060994
0.082904 4.9221 0.069392
0.083515 5.6952 0.072631
0.08413 6.2549 0.076816
0.08475 6.1695 0.076019
0.085374 5.5735 0.071065
0.086004 4.6081 0.065094
0.086637 3.5762 0.055699
0.087276 2.6004 0.047283
0.087919 1.9347 0.041358
0.088567 1.6621 0.03791
0.089219 1.4653 0.035465
0.089877 1.3859 0.034025
0.090539 1.3489 0.033324
0.091206 1.3334 0.032869
0.091878 1.3313 0.032933
0.092555 1.3126 0.032449
0.093237 1.31 0.031763
0.093924 1.3879 0.032484
0.094616 1.3448 0.032208
0.095314 1.3488 0.031637
0.096016 1.3463 0.031419
0.096724 1.444 0.032659
0.097436 1.6467 0.034472
0.098154 1.6957 0.034011
0.098878 1.9855 0.037058
0.099606 2.5351 0.041644
0.10034 3.3048 0.046285
0.10108 4.1283 0.052041
0.10182 5.222 0.057809
0.10257 6.2661 0.062414
0.10333 6.9626 0.066212
0.10409 7.0319 0.064872
0.10486 6.5491 0.063099
0.10563 5.2075 0.055516
0.10641 3.6533 0.046371
0.10719 2.6123 0.039293
0.10798 1.9054 0.032819
0.10878 1.5952 0.030536
0.10958 1.426 0.028116
0.11039 1.3489 0.027666
0.1112 1.3501 0.026995
0.11202 1.2247 0.026131
0.11285 1.2014 0.02511
0.11368 1.1729 0.025056
0.11452 1.1101 0.023762
0.11536 1.112 0.024088
0.11621 1.0698 0.023254
0.11707 1.0791 0.023217
0.11793 1.0618 0.022904
0.1188 1.0062 0.022009
0.11967 0.97867 0.021867
0.12056 0.97842 0.021374
0.12144 0.92867 0.020751
0.12234 0.93375 0.020952
0.12324 0.95006 0.020574
0.12415 0.92748 0.020336
0.12506 0.91373 0.020309
0.12598 0.89332 0.019525
0.12691 0.9107 0.019754
0.12785 0.92104 0.019723
0.12879 0.95451 0.019985
0.12974 0.96241 0.019755
0.1307 0.97079 0.019728
0.13166 1.0186 0.020138
0.13263 1.0784 0.020533
0.13361 1.0704 0.020207
0.13459 1.0405 0.019839
0.13558 1.0403 0.019608
0.13658 1.0222 0.019551
0.13759 0.94063 0.018439
0.1386 0.94568 0.018401
0.13962 0.92577 0.018121
0.14065 0.93993 0.018025
0.14169 0.97926 0.018288
0.14273 0.99575 0.018362
0.14378 1.0706 0.018776
0.14484 1.0938 0.018887
0.14591 1.218 0.019721
0.14699 1.2283 0.019754
0.14807 1.2375 0.019611
0.14916 1.1851 0.019049
0.15026 1.1293 0.018443
0.15137 1.0876 0.018055
0.15248 1.1046 0.017979
0.15361 1.0994 0.017874
0.15474 1.2205 0.018612
0.15588 1.2643 0.018849
0.15703 1.3399 0.019194
0.15818 1.3999 0.019477
0.15935 1.447 0.019665
0.16052 1.4234 0.019292
0.16171 1.3037 0.018402
0.1629 1.2092 0.017643
0.1641 1.1247 0.016891
0.16531 1.0769 0.01646
0.16653 1.074 0.016259
0.16775 1.0665 0.016098
0.16899 1.0802 0.016077
0.17023 1.0565 0.015833
0.17149 1.0383 0.015562
0.17275 1.0269 0.015328
0.17403 1.0128 0.015163
0.17531 1.0046 0.015017
0.1766 1.0204 0.014927
0.1779 1.0437 0.015056
0.17921 1.0286 0.014783
0.18053 1.0141 0.014643
0.18186 0.99579 0.014359
0.1832 0.95651 0.014007
0.18455 0.88325 0.013391
0.18591 0.83835 0.012955
0.18728 0.81247 0.012646
0.18866 0.77667 0.012363
0.19005 0.75696 0.012011
0.19145 0.73932 0.011905
0.19286 0.70347 0.011475
0.19429 0.68452 0.011262
0.19572 0.65843 0.011006
