#
0.0050184 31.438 1.7189
0.0050554 33.2 1.9748
0.0050926 38.129 2.1163
0.0051301 54.074 2.2539
0.0051679 34.021 1.6322
0.005206 43.417 3.1933
0.0052444 34.255 4.0119
0.005283 NaN NaN
0.005322 44.436 2.6377
0.0053612 27.209 1.788
0.0054007 40.911 1.7897
0.0054405 42.71 1.4165
0.0054806 27.526 1.4683
0.005521 55.621 2.0868
0.0055616 23.265 1.4789
0.0056026 40.363 1.9474
0.0056439 41.147 1.7949
0.0056855 27.057 2.0587
0.0057274 41.53 3.1235
0.0057696 24.282 1.6889
0.0058121 26.272 1.7569
0.0058549 28.155 1.2124
0.0058981 27.996 2.0941
0.0059416 25.101 1.7173
0.0059853 43.177 1.7023
0.0060294 25.334 2.4399
0.0060739 35.233 1.1284
0.0061186 25.219 1.7213
0.0061637 24.106 1.1899
0.0062091 25.908 1.1631
0.0062549 24.675 1.523
0.006301 13.594 1.788
0.0063474 22.694 1.1547
0.0063942 19.354 1.5079
0.0064413 24.159 2.3827
0.0064888 35.666 2.8945
0.0065366 23.783 0.92723
0.0065847 25.099 0.99146
0.0066333 20.125 0.9274
0.0066821 20.507 1.1734
0.0067314 25.617 1.5517
0.006781 18.201 1.308
0.006831 15.473 1.3487
0.0068813 15.999 0.9698
0.006932 17.151 1.0733
0.0069831 18.298 1.693
0.0070345 21.513 1.2018
0.0070864 18.732 0.74186
0.0071386 19.96 0.92346
0.0071912 19.862 1.7639
0.0072442 18.821 1.0516
0.0072976 14.38 0.86677
0.0073513 13.988 0.74037
0.0074055 15.999 0.9698
0.0074601 12.75 1.0952
0.0075151 7.725 1.3487
0.0075704 13.965 0.85411
0.0076262 16.446 0.74319
0.0076824 15.133 0.80429
0.007739 12.92 0.82162
0.0077961 14.343 0.62986
0.0078535 14.933 1.0017
0.0079114 14.305 0.91684
0.0079697 13.911 1.4766
0.0080284 10.309 0.98496
0.0080876 11.793 0.65316
0.0081471 12.989 0.59945
0.0082072 12.016 0.71684
0.0082677 12.323 0.64341
0.0083286 13.255 0.7528
0.00839 12.187 0.97747
0.0084518 10.258 0.73229
0.0085141 10.743 0.62353
0.0085768 9.94 0.57802
0.00864 10.219 0.98047
0.0087037 11.162 0.69095
0.0087678 10.531 0.53985
0.0088324 12.27 0.56615
0.0088975 7.4021 0.59023
0.0089631 9.6741 0.57018
0.0090291 9.6524 0.67395
0.0090956 10.781 0.67898
0.0091627 10.312 1.5574
0.0092302 9.3685 0.48176
0.0092982 8.3738 0.40524
0.0093667 9.7825 0.53635
0.0094357 7.2554 0.92433
0.0095053 8.3048 0.45368
0.0095753 8.588 0.67018
0.0096459 8.2136 0.50767
0.0097169 7.3359 0.53652
0.0097885 7.2678 0.40372
0.0098607 8.6364 0.50406
0.0099333 7.9632 0.64535
0.010007 6.9673 0.36226
0.01008 6.6982 0.44411
0.010155 7.8673 0.60862
0.010229 7.0223 0.52499
0.010305 7.6959 0.47594
0.010381 7.4095 0.45302
0.010457 7.3071 0.3639
0.010534 7.4695 0.39987
0.010612 6.7274 0.62944
0.01069 5.9061 0.41711
0.010769 6.2699 0.44381
0.010848 5.8156 0.36124
0.010928 6.6423 0.386
0.011009 6.5356 0.35089
0.01109 6.9858 0.5031
0.011171 5.7484 0.35916
0.011254 5.9262 0.3939
0.011337 6.1192 0.45372
0.01142 5.6377 0.34745
0.011504 5.6616 0.30335
0.011589 5.9607 0.34946
0.011675 5.91 0.38287
0.011761 5.4027 0.37623
0.011847 6.4239 0.52455
0.011935 4.774 0.28361
0.012023 4.8193 0.26656
0.012111 5.6141 0.36372
0.0122 5.0987 0.33837
0.01229 4.6975 0.3173
0.012381 4.4407 0.29543
0.012472 4.7803 0.32016
0.012564 5.3777 0.31229
0.012657 4.7958 0.28945
0.01275 4.8698 0.28139
0.012844 4.7015 0.35096
0.012938 4.3121 0.27979
0.013034 4.6749 0.30962
0.01313 4.4834 0.21923
0.013227 4.1534 0.26943
0.013324 4.315 0.3461
0.013422 4.2374 0.26727
0.013521 4.1108 0.31148
0.013621 4.2281 0.22335
0.013721 4.6304 0.2654
0.013822 3.8851 0.27089
0.013924 3.9843 0.22854
0.014027 3.5883 0.32548
0.01413 3.997 0.22891
0.014234 3.6379 0.2126
0.014339 4.2423 0.23263
0.014445 3.4921 0.24718
0.014551 3.6526 0.31855
0.014658 3.6019 0.18632
0.014766 3.8543 0.22479
0.014875 3.9467 0.24518
0.014985 3.3259 0.22518
0.015095 3.4875 0.21393
0.015206 3.6123 0.22397
0.015319 3.7026 0.20647
0.015431 3.6399 0.1955
0.015545 3.5704 0.22269
0.01566 2.9159 0.22609
0.015775 3.3811 0.19738
0.015891 3.1737 0.17151
0.016008 3.1643 0.21616
0.016126 2.9566 0.19183
0.016245 3.2937 0.21396
0.016365 3.5576 0.17808
0.016486 3.4255 0.1987
0.016607 3.3572 0.17639
0.016729 3.0002 0.21745
0.016853 3.2032 0.18146
0.016977 2.9446 0.16522
0.017102 2.8894 0.17233
0.017228 2.7824 0.19972
0.017355 3.0551 0.15782
0.017483 3.1289 0.17555
0.017612 3.0484 0.17892
0.017741 3.1229 0.17356
0.017872 2.6672 0.16386
0.018004 2.9471 0.16873
0.018136 3.0603 0.15037
0.01827 3.1478 0.18392
0.018405 3.0674 0.19538
0.01854 2.8338 0.13461
0.018677 2.7589 0.16486
0.018815 2.6784 0.15615
0.018953 2.8911 0.15916
0.019093 2.9689 0.15296
0.019234 2.8036 0.14396
0.019375 2.6441 0.1551
0.019518 2.7692 0.16027
0.019662 2.7276 0.13118
0.019807 2.4216 0.13945
0.019953 2.8878 0.16367
0.0201 2.7549 0.13846
0.020248 2.9086 0.1392
0.020397 2.6586 0.1425
0.020547 2.8545 0.1539
0.020699 2.817 0.14
0.020851 2.7434 0.12818
0.021005 2.6058 0.14458
0.02116 2.8583 0.14102
0.021316 2.5282 0.1208
0.021473 3.083 0.1509
0.021631 2.6651 0.13326
0.02179 2.7066 0.13246
0.021951 2.6706 0.12191
0.022113 2.706 0.13725
0.022276 2.8442 0.13862
0.02244 2.6258 0.11322
0.022605 2.7437 0.1447
0.022772 2.7682 0.12638
0.02294 2.6595 0.11695
0.023109 2.796 0.12626
0.023279 2.3856 0.13183
0.02345 2.8747 0.11838
0.023623 2.6409 0.11533
0.023797 2.8237 0.13813
0.023973 2.6866 0.11111
0.024149 2.7912 0.12181
0.024327 2.755 0.11969
0.024507 2.9815 0.12449
0.024687 2.6916 0.1091
0.024869 3.0783 0.13085
0.025052 2.9679 0.11453
0.025237 2.8949 0.12266
0.025423 3.0119 0.1218
0.02561 2.9186 0.11206
0.025799 2.9831 0.1143
0.025989 2.7251 0.12246
0.026181 2.9465 0.10821
0.026373 2.9298 0.11276
0.026568 2.9909 0.11552
0.026764 2.9178 0.10859
0.026961 2.7668 0.10909
0.027159 3.0752 0.11713
0.02736 3.0184 0.10439
0.027561 2.9432 0.11683
0.027764 3.193 0.10574
0.027969 3.0251 0.11153
0.028175 3.0651 0.10811
0.028383 3.2966 0.11348
0.028592 3.1349 0.10847
0.028802 3.3199 0.11029
0.029015 3.2954 0.10511
0.029228 3.2967 0.11301
0.029444 3.5682 0.10857
0.029661 3.2427 0.10463
0.029879 3.5927 0.11514
0.0301 3.4669 0.10381
0.030321 3.3546 0.11399
0.030545 3.3703 0.099153
0.03077 3.5035 0.10722
0.030997 3.4733 0.10905
0.031225 3.5815 0.099751
0.031455 3.6611 0.11154
0.031687 3.583 0.10007
0.03192 3.6138 0.10667
0.032156 3.7982 0.10586
0.032393 3.5819 0.099752
0.032631 3.9566 0.10872
0.032872 3.8464 0.10217
0.033114 3.8723 0.10433
0.033358 3.8415 0.1036
0.033604 3.8562 0.10086
0.033851 3.9717 0.10014
0.034101 3.9256 0.109
0.034352 4.0872 0.096544
0.034605 3.8665 0.10272
0.03486 4.1985 0.10159
0.035117 3.9616 0.097678
0.035376 4.0963 0.099837
0.035637 4.2109 0.10254
0.035899 4.4175 0.10059
0.036164 4.1399 0.096926
0.03643 4.4817 0.1055
0.036699 4.3104 0.094244
0.036969 4.4039 0.10044
0.037241 4.2939 0.097535
0.037516 4.6215 0.10189
0.037792 4.5788 0.096711
0.038071 4.491 0.096616
0.038351 4.3383 0.097586
0.038634 4.5441 0.093164
0.038919 4.5764 0.096465
0.039205 4.7703 0.096835
0.039494 4.628 0.098068
0.039785 4.6069 0.089889
0.040079 4.6456 0.095169
0.040374 4.5874 0.090887
0.040671 4.7835 0.097162
0.040971 4.7474 0.091235
0.041273 4.8436 0.09285
0.041577 4.6566 0.089701
0.041883 4.9021 0.093057
0.042192 4.7997 0.092606
0.042503 4.9603 0.089051
0.042816 4.6998 0.088358
0.043132 4.8815 0.087901
0.04345 4.8189 0.089466
0.04377 4.7051 0.087178
0.044092 4.9607 0.088025
0.044417 4.6412 0.08487
0.044744 4.7173 0.082619
0.045074 4.7041 0.084335
0.045406 4.749 0.083935
0.045741 4.8352 0.084032
0.046078 4.7098 0.082685
0.046417 4.7228 0.081554
0.04676 4.8054 0.083252
0.047104 4.567 0.078353
0.047451 4.6993 0.078362
0.047801 4.5046 0.07738
0.048153 4.4149 0.076393
0.048508 4.6235 0.076064
0.048865 4.4084 0.075084
0.049225 4.2615 0.073631
0.049588 4.3464 0.072709
0.049954 4.3064 0.072472
0.050322 4.0565 0.071364
0.050693 3.9871 0.067596
0.051066 4.1605 0.069981
0.051442 3.8703 0.066682
0.051821 3.8323 0.065797
0.052203 3.8305 0.065627
0.052588 3.8093 0.064455
0.052975 3.5521 0.062401
0.053366 3.5368 0.06142
0.053759 3.3096 0.059093
0.054155 3.4495 0.059984
0.054554 3.2931 0.056888
0.054956 3.1332 0.056265
0.055361 3.1505 0.055651
0.055769 3.1712 0.05642
0.05618 3.085 0.054345
0.056594 2.9634 0.052949
0.057011 2.903 0.051947
0.057431 2.8035 0.051462
0.057854 2.7547 0.049884
0.058281 2.6918 0.049599
0.05871 2.7759 0.049237
0.059143 2.6665 0.048217
0.059579 2.5713 0.047096
0.060018 2.698 0.047499
0.06046 2.5396 0.045977
0.060905 2.6185 0.04627
0.061354 2.5439 0.045697
0.061806 2.4156 0.043901
0.062262 2.4773 0.044192
0.062721 2.5385 0.04404
0.063183 2.4523 0.043718
0.063648 2.436 0.042835
0.064117 2.5701 0.043107
0.06459 2.5164 0.042786
0.065066 2.5825 0.043046
0.065545 2.6715 0.043813
0.066028 2.7043 0.043876
0.066515 2.7692 0.04309
0.067005 2.8164 0.043857
0.067499 2.8999 0.044692
0.067996 3.0559 0.04468
0.068497 3.2326 0.045264
0.069002 3.3541 0.04686
0.06951 3.5744 0.047172
0.070023 3.91 0.048941
0.070539 4.3939 0.052273
0.071058 4.844 0.053547
0.071582 5.3615 0.055939
0.072109 6.1359 0.060279
0.072641 6.6304 0.061616
0.073176 7.3372 0.064534
0.073715 7.7933 0.06599
0.074258 8.0368 0.065886
0.074806 8.2608 0.067301
0.075357 8.5919 0.067809
0.075912 8.7751 0.068064
0.076472 8.8127 0.066836
0.077035 8.8042 0.067536
0.077603 8.478 0.065419
0.078175 7.7454 0.061812
0.078751 6.911 0.058185
0.079331 5.7161 0.052579
0.079916 4.86 0.048225
0.080504 3.8024 0.042615
0.081098 3.0047 0.036758
0.081695 2.3686 0.033491
0.082297 1.9704 0.029353
0.082904 1.7105 0.027778
0.083515 1.5623 0.025865
0.08413 1.4057 0.024785
0.08475 1.3583 0.024284
0.085374 1.311 0.023461
0.086004 1.2763 0.023302
0.086637 1.2107 0.022025
0.087276 1.1241 0.021092
0.087919 1.0774 0.020887
0.088567 1.0359 0.020224
0.089219 0.97551 0.019532
0.089877 0.95796 0.019081
0.090539 0.89931 0.018357
0.091206 0.91172 0.018333
0.091878 0.85941 0.01786
0.092555 0.8524 0.017645
0.093237 0.82087 0.016975
0.093924 0.78817 0.016549
0.094616 0.75255 0.016291
0.095314 0.76054 0.016061
0.096016 0.72078 0.015552
0.096724 0.69193 0.015321
0.097436 0.68772 0.015126
0.098154 0.68709 0.014706
0.098878 0.65788 0.014526
0.099606 0.69535 0.014877
0.10034 0.62636 0.013792
0.10108 0.63537 0.013991
0.10182 0.61274 0.013594
0.10257 0.61942 0.013478
0.10333 0.58476 0.013198
0.10409 0.59911 0.013019
0.10486 0.58233 0.012939
0.10563 0.59824 0.012921
0.10641 0.55846 0.012441
0.10719 0.55368 0.012386
0.10798 0.51222 0.011632
0.10878 0.53817 0.012086
0.10958 0.51308 0.011484
0.11039 0.52245 0.01171
0.1112 0.49852 0.011167
0.11202 0.51485 0.011507
0.11285 0.49863 0.01099
0.11368 0.49353 0.011039
0.11452 0.52008 0.011025
0.11536 0.49171 0.01087
0.11621 0.48496 0.01062
0.11707 0.4739 0.010442
0.11793 0.48232 0.01047
0.1188 0.48958 0.010398
0.11967 0.46869 0.010252
0.12056 0.46323 0.0099664
0.12144 0.46586 0.0099471
0.12234 0.44832 0.0098348
0.12324 0.45915 0.0096879
0.12415 0.47555 0.0098506
0.12506 0.49375 0.010088
0.12598 0.47374 0.0096108
0.12691 0.44918 0.0093923
0.12785 0.4533 0.009368
0.12879 0.47324 0.0095263
0.12974 0.4878 0.0095175
0.1307 0.48039 0.0093958
0.13166 0.48587 0.009424
0.13263 0.49292 0.0094145
0.13361 0.50382 0.0093961
0.13459 0.51462 0.0094474
0.13558 0.51242 0.0093189
0.13658 0.52833 0.0095093
0.13759 0.56097 0.0096062
0.1386 0.53516 0.0093467
0.13962 0.56638 0.0095564
0.14065 0.57294 0.0094901
0.14169 0.59175 0.0095894
0.14273 0.63185 0.0098605
0.14378 0.63461 0.0097588
0.14484 0.66058 0.0099059
0.14591 0.69023 0.010033
0.14699 0.7283 0.010274
0.14807 0.73735 0.010224
0.14916 0.76569 0.010329
0.15026 0.77299 0.010283
0.15137 0.78857 0.010351
0.15248 0.78892 0.010233
0.15361 0.78365 0.010163
0.15474 0.78006 0.010039
0.15588 0.74728 0.0097898
0.15703 0.69101 0.0093305
0.15818 0.6526 0.0090155
0.15935 0.56562 0.0083586
0.16052 0.52794 0.0079953
0.16171 0.46525 0.0074894
0.1629 0.42482 0.0071295
0.1641 0.38225 0.0067213
0.16531 0.35812 0.0064845
0.16653 0.34313 0.0062849
0.16775 0.33192 0.0061475
0.16899 0.31446 0.0059487
0.17023 0.29642 0.0057592
0.17149 0.2809 0.005566
0.17275 0.27007 0.005411
0.17403 0.26921 0.0053809
0.17531 0.26754 0.0053346
0.1766 0.25801 0.0051752
0.1779 0.23803 0.0049745
0.17921 0.24715 0.0050044
0.18053 0.22603 0.0047902
0.18186 0.22881 0.0047649
0.1832 0.22667 0.0047182
0.18455 0.21169 0.0045416
0.18591 0.21492 0.0045356
0.18728 0.21361 0.0044804
0.18866 0.19798 0.0043223
0.19005 0.19826 0.0042538
0.19145 0.19544 0.0042361
0.19286 0.18503 0.0040781
0.19429 0.18135 0.0040177
0.19572 0.18008 0.003987
