#
0.0050184 44.904 1.0993
0.0050554 32.722 1.0492
0.0050926 20.781 0.83617
0.0051301 27.872 0.86611
0.0051679 39.079 0.93618
0.005206 24.684 1.2887
0.0052444 27.171 1.9122
0.005283 NaN NaN
0.005322 20.536 0.95978
0.0053612 29.054 0.98869
0.0054007 27.89 0.7909
0.0054405 32.742 0.66378
0.0054806 36.993 0.91086
0.005521 26.611 0.77257
0.0055616 30.023 0.89893
0.0056026 26.338 0.84194
0.0056439 27.083 0.77937
0.0056855 37.352 1.2944
0.0057274 24.95 1.2957
0.0057696 20.277 0.82596
0.0058121 21.386 0.84826
0.0058549 22.179 0.57589
0.0058981 26.947 1.0995
0.0059416 25.827 0.93214
0.0059853 27.479 0.72683
0.0060294 37.195 1.582
0.0060739 21.18 0.46825
0.0061186 28.887 0.98582
0.0061637 17.771 0.54678
0.0062091 21.58 0.56807
0.0062549 20.336 0.73987
0.006301 10.219 0.82938
0.0063474 17.754 0.54652
0.0063942 23.911 0.89689
0.0064413 15.398 1.018
0.0064888 18.763 1.1237
0.0065366 17.371 0.42408
0.0065847 18.292 0.45294
0.0066333 16.982 0.45585
0.0066821 15.621 0.54804
0.0067314 18.561 0.70683
0.006781 11.054 0.54552
0.006831 16.879 0.75362
0.0068813 14.642 0.49634
0.006932 13.083 0.50158
0.0069831 13.629 0.78195
0.0070345 14.045 0.51967
0.0070864 14.516 0.34945
0.0071386 13.89 0.41225
0.0071912 14.661 0.81099
0.0072442 12.12 0.45159
0.0072976 12.432 0.4312
0.0073513 12.294 0.37135
0.0074055 11.547 0.44081
0.0074601 10.623 0.5348
0.0075151 6.5189 0.66255
0.0075704 10.729 0.40057
0.0076262 13.016 0.35376
0.0076824 12.25 0.38717
0.007739 9.6069 0.37908
0.0077961 10.141 0.28337
0.0078535 8.9495 0.41491
0.0079114 10.086 0.41195
0.0079697 10.713 0.69333
0.0080284 6.2907 0.41163
0.0080876 9.5371 0.31426
0.0081471 8.8345 0.26451
0.0082072 9.5709 0.34226
0.0082677 8.4033 0.28428
0.0083286 9.2043 0.33564
0.00839 8.3354 0.4325
0.0084518 8.1118 0.34835
0.0085141 6.8765 0.26689
0.0085768 6.9613 0.25876
0.00864 7.7449 0.45666
0.0087037 9.167 0.33497
0.0087678 7.2437 0.23953
0.0088324 7.7015 0.24001
0.0088975 6.6551 0.29934
0.0089631 6.6545 0.25299
0.0090291 5.5777 0.27409
0.0090956 6.5627 0.28344
0.0091627 8 0.73385
0.0092302 6.3383 0.21197
0.0092982 7.0524 0.19891
0.0093667 6.4525 0.23304
0.0094357 6.9561 0.48394
0.0095053 5.7149 0.20129
0.0095753 5.645 0.29065
0.0096459 5.8247 0.22868
0.0097169 5.1404 0.24021
0.0097885 5.9266 0.19496
0.0098607 5.7037 0.21912
0.0099333 6.0191 0.30011
0.010007 5.3707 0.1701
0.01008 4.7447 0.19988
0.010155 5.0393 0.26054
0.010229 4.1872 0.21683
0.010305 5.3585 0.2124
0.010381 5.5421 0.20954
0.010457 5.0226 0.16133
0.010534 4.3113 0.1625
0.010612 4.9044 0.28739
0.01069 3.845 0.17996
0.010769 4.3529 0.19774
0.010848 4.4982 0.16987
0.010928 4.1136 0.16246
0.011009 3.7778 0.14269
0.01109 4.351 0.21236
0.011171 3.6973 0.15403
0.011254 3.5966 0.1641
0.011337 3.4159 0.18133
0.01142 4.4041 0.16421
0.011504 3.826 0.13334
0.011589 3.7378 0.14799
0.011675 3.4071 0.15547
0.011761 3.028 0.15061
0.011847 3.7732 0.21501
0.011935 3.6407 0.13238
0.012023 3.7186 0.12515
0.012111 3.0953 0.14444
0.0122 3.0178 0.13919
0.01229 3.3886 0.14408
0.012381 3.0888 0.13171
0.012472 3.0026 0.13565
0.012564 3.4504 0.13375
0.012657 2.7595 0.1174
0.01275 2.7872 0.11383
0.012844 2.8271 0.14552
0.012938 2.6431 0.11709
0.013034 3.4571 0.14233
0.01313 2.7371 0.091583
0.013227 2.9392 0.12114
0.013324 2.6768 0.14572
0.013422 2.6317 0.11259
0.013521 2.5099 0.1301
0.013621 2.9976 0.10052
0.013721 2.5854 0.10605
0.013822 2.4802 0.11568
0.013924 2.36 0.094031
0.014027 2.0372 0.13109
0.01413 2.6589 0.099796
0.014234 2.5188 0.094544
0.014339 2.3865 0.093279
0.014445 2.1218 0.10297
0.014551 2.1784 0.13149
0.014658 2.4379 0.081916
0.014766 2.4162 0.095138
0.014875 2.2376 0.098686
0.014985 2.268 0.099352
0.015095 1.9075 0.084568
0.015206 2.1945 0.09331
0.015319 2.1373 0.083858
0.015431 2.0177 0.077795
0.015545 1.8778 0.086337
0.01566 1.867 0.096628
0.015775 2.206 0.085196
0.015891 2.057 0.073774
0.016008 2.0755 0.093546
0.016126 1.874 0.08159
0.016245 1.9014 0.08688
0.016365 2.0069 0.071488
0.016486 2.0809 0.08276
0.016607 1.8589 0.070148
0.016729 1.788 0.089698
0.016853 1.9796 0.076217
0.016977 1.9755 0.072298
0.017102 1.8662 0.073996
0.017228 1.8614 0.087256
0.017355 1.7291 0.063445
0.017483 1.9729 0.074479
0.017612 1.89 0.075285
0.017741 1.8092 0.070596
0.017872 1.7662 0.071224
0.018004 1.951 0.07332
0.018136 1.7809 0.061292
0.01827 1.6725 0.071649
0.018405 1.7464 0.078776
0.01854 1.7738 0.05689
0.018677 1.7912 0.070968
0.018815 1.6886 0.066221
0.018953 1.6282 0.063817
0.019093 1.954 0.066295
0.019234 1.6842 0.059611
0.019375 1.6089 0.064635
0.019518 1.6034 0.065159
0.019662 1.8472 0.057659
0.019807 1.7634 0.063527
0.019953 1.6216 0.065532
0.0201 1.6877 0.057891
0.020248 1.7411 0.057542
0.020397 1.6472 0.059905
0.020547 1.5992 0.061555
0.020699 1.6877 0.057891
0.020851 1.8693 0.056513
0.021005 1.6155 0.060808
0.02116 1.4818 0.05426
0.021316 1.8287 0.054864
0.021473 1.8042 0.061688
0.021631 1.5766 0.05476
0.02179 1.7506 0.056899
0.021951 1.8274 0.053866
0.022113 1.6717 0.05762
0.022276 1.6895 0.057085
0.02244 1.8385 0.050587
0.022605 1.7258 0.061305
0.022772 1.5775 0.050972
0.02294 1.9437 0.053396
0.023109 1.6684 0.052102
0.023279 1.673 0.05895
0.02345 1.8793 0.051136
0.023623 1.9133 0.052417
0.023797 1.6414 0.05627
0.023973 1.7704 0.048175
0.024149 2.1815 0.057508
0.024327 1.7091 0.050359
0.024507 1.8952 0.053023
0.024687 1.957 0.049683
0.024869 1.759 0.052857
0.025052 1.9205 0.049219
0.025237 2.1203 0.056069
0.025423 1.7558 0.049692
0.02561 1.9371 0.048759
0.025799 2.1729 0.052103
0.025989 1.8885 0.054446
0.026181 2.1152 0.048973
0.026373 2.3566 0.054005
0.026568 1.7354 0.047018
0.026764 2.2379 0.050796
0.026961 2.1591 0.051462
0.027159 1.9461 0.049781
0.02736 2.3316 0.049001
0.027561 2.2891 0.055026
0.027764 1.9176 0.043786
0.027969 2.6136 0.055363
0.028175 1.9384 0.045935
0.028383 2.5681 0.053504
0.028592 2.358 0.050247
0.028802 1.9109 0.044718
0.029015 2.7526 0.05131
0.029228 2.385 0.051353
0.029444 2.4855 0.048419
0.029661 2.4727 0.048808
0.029879 2.0785 0.046811
0.0301 3.0356 0.05189
0.030321 2.5483 0.053077
0.030545 2.5538 0.046111
0.03077 2.8502 0.051664
0.030997 2.3398 0.047827
0.031225 3.043 0.049124
0.031455 2.4798 0.049055
0.031687 3.006 0.04897
0.03192 2.852 0.050633
0.032156 2.6828 0.04755
0.032393 3.256 0.050811
0.032631 2.5942 0.047056
0.032872 3.5829 0.052682
0.033114 2.4583 0.044428
0.033358 3.6899 0.054246
0.033604 2.7963 0.045898
0.033851 3.4133 0.049603
0.034101 3.4476 0.05458
0.034352 3.025 0.044389
0.034605 3.7648 0.054156
0.03486 3.0399 0.046201
0.035117 3.8167 0.051228
0.035376 3.2087 0.047221
0.035637 4.2338 0.05494
0.035899 3.1443 0.045363
0.036164 4.131 0.051733
0.03643 3.2282 0.04786
0.036699 4.1284 0.049288
0.036969 3.0177 0.044442
0.037241 4.6739 0.054373
0.037516 3.1241 0.044785
0.037792 4.5968 0.051781
0.038071 3.3159 0.044375
0.038351 4.8981 0.055402
0.038634 3.5177 0.043814
0.038919 4.7066 0.052281
0.039205 3.6303 0.045154
0.039494 4.7678 0.053196
0.039785 3.8832 0.044108
0.040079 4.2098 0.048417
0.040374 4.1639 0.046278
0.040671 3.9476 0.04718
0.040971 4.6493 0.048257
0.041273 3.4276 0.041756
0.041577 4.4524 0.046878
0.041883 3.6222 0.042762
0.042192 4.6558 0.048746
0.042503 3.6062 0.040593
0.042816 4.0451 0.043813
0.043132 4.2295 0.043734
0.04345 3.2604 0.039342
0.04377 4.2063 0.044058
0.044092 3.3811 0.03885
0.044417 3.7769 0.040921
0.044744 3.617 0.038672
0.045074 3.268 0.037578
0.045406 3.7258 0.03974
0.045741 3.0182 0.035496
0.046078 3.3747 0.037415
0.046417 3.2633 0.03624
0.04676 2.6555 0.033094
0.047104 3.2317 0.035232
0.047451 2.8223 0.03247
0.047801 2.4711 0.030644
0.048153 2.8335 0.032717
0.048508 2.3739 0.029146
0.048865 2.3481 0.029301
0.049225 2.6295 0.030919
0.049588 2.1243 0.027182
0.049954 2.1446 0.027348
0.050322 2.2769 0.028584
0.050693 2.0433 0.025873
0.051066 1.8053 0.024655
0.051442 2.0677 0.026057
0.051821 1.7713 0.02392
0.052203 1.5808 0.022548
0.052588 1.7976 0.023676
0.052975 1.5599 0.022112
0.053366 1.3934 0.02062
0.053759 1.4283 0.020758
0.054155 1.3924 0.020382
0.054554 1.274 0.018925
0.054956 1.1456 0.018199
0.055361 1.2024 0.018388
0.055769 1.165 0.018292
0.05618 1.0967 0.017333
0.056594 0.9608 0.016132
0.057011 0.9931 0.016254
0.057431 0.98624 0.016327
0.057854 0.92029 0.015425
0.058281 0.81909 0.014642
0.05871 0.82072 0.014329
0.059143 0.80147 0.014147
0.059579 0.77035 0.013796
0.060018 0.73122 0.01324
0.06046 0.70709 0.012988
0.060905 0.67404 0.012572
0.061354 0.65077 0.012378
0.061806 0.64706 0.012166
0.062262 0.62965 0.011932
0.062721 0.59669 0.01144
0.063183 0.55568 0.011152
0.063648 0.5632 0.011036
0.064117 0.53997 0.010592
0.06459 0.52089 0.010436
0.065066 0.51178 0.010276
0.065545 0.50998 0.010267
0.066028 0.49921 0.010112
0.066515 0.46861 0.0095135
0.067005 0.47778 0.0096939
0.067499 0.45358 0.0094898
0.067996 0.45863 0.0092939
0.068497 0.45622 0.0091328
0.069002 0.42751 0.0089894
0.06951 0.42956 0.0087889
0.070023 0.42098 0.0086345
0.070539 0.41697 0.008661
0.071058 0.39793 0.0082585
0.071582 0.40643 0.008288
0.072109 0.41057 0.0083926
0.072641 0.39624 0.0081107
0.073176 0.4269 0.0083787
0.073715 0.40457 0.0080967
0.074258 0.39034 0.0078214
0.074806 0.38262 0.0078041
0.075357 0.37539 0.0076379
0.075912 0.38725 0.0077041
0.076472 0.37364 0.0074157
0.077035 0.37565 0.0075179
0.077603 0.35156 0.0071825
0.078175 0.36189 0.0072016
0.078751 0.35013 0.0070597
0.079331 0.34606 0.0069725
0.079916 0.34138 0.0068866
0.080504 0.34657 0.0069262
0.081098 0.3364 0.0066188
0.081695 0.32524 0.0066747
0.082297 0.32459 0.0064021
0.082904 0.31754 0.0064274
0.083515 0.30771 0.0061628
0.08413 0.30246 0.0061689
0.08475 0.30493 0.0061717
0.085374 0.28529 0.0058731
0.086004 0.27749 0.0058307
0.086637 0.28733 0.0057535
0.087276 0.26965 0.0055392
0.087919 0.2459 0.0053541
0.088567 0.24493 0.0052749
0.089219 0.24627 0.0052604
0.089877 0.22929 0.0050072
0.090539 0.22935 0.0049693
0.091206 0.21949 0.0048249
0.091878 0.21539 0.004794
0.092555 0.21768 0.00478
0.093237 0.21312 0.0046357
0.093924 0.19731 0.0044405
0.094616 0.19615 0.0044579
0.095314 0.18868 0.0042909
0.096016 0.17373 0.004098
0.096724 0.17599 0.0041436
0.097436 0.1692 0.0040258
0.098154 0.16737 0.0038952
0.098878 0.16132 0.0038603
0.099606 0.1594 0.0038268
0.10034 0.15293 0.003658
0.10108 0.15427 0.0037006
0.10182 0.14188 0.0035151
0.10257 0.14528 0.0035066
0.10333 0.14835 0.0035662
0.10409 0.13931 0.0033736
0.10486 0.14076 0.0034162
0.10563 0.13887 0.0033453
0.10641 0.13512 0.0032864
0.10719 0.13552 0.00329
0.10798 0.13272 0.0031761
0.10878 0.13031 0.0031942
0.10958 0.12272 0.003018
0.11039 0.12668 0.0030972
0.1112 0.12391 0.0029892
0.11202 0.1203 0.0029903
0.11285 0.11987 0.0028953
0.11368 0.11878 0.0029099
0.11452 0.11718 0.0028155
0.11536 0.11849 0.0028669
0.11621 0.12048 0.0028422
0.11707 0.11733 0.0027903
0.11793 0.12014 0.0028057
0.1188 0.11654 0.0027268
0.11967 0.11428 0.0027198
0.12056 0.11896 0.0027102
0.12144 0.11203 0.0026216
0.12234 0.11758 0.0027015
0.12324 0.11659 0.0026204
0.12415 0.11345 0.0025862
0.12506 0.11783 0.0026484
0.12598 0.11582 0.0025528
0.12691 0.11832 0.0025852
0.12785 0.12013 0.002586
0.12879 0.11533 0.0025267
0.12974 0.12005 0.0025357
0.1307 0.11492 0.0024698
0.13166 0.11766 0.0024917
0.13263 0.12011 0.0024964
0.13361 0.11699 0.0024347
0.13459 0.12394 0.0024907
0.13558 0.12366 0.0024592
0.13658 0.12957 0.0025286
0.13759 0.12197 0.0024109
0.1386 0.11824 0.0023645
0.13962 0.12861 0.0024487
0.14065 0.13119 0.0024412
0.14169 0.13057 0.0024232
0.14273 0.13439 0.0024473
0.14378 0.12996 0.0023785
0.14484 0.13697 0.0024283
0.14591 0.14119 0.002443
0.14699 0.1413 0.0024381
0.14807 0.14652 0.0024541
0.14916 0.14902 0.0024539
0.15026 0.15177 0.0024532
0.15137 0.15558 0.0024749
0.15248 0.15677 0.0024552
0.15361 0.1718 0.002557
0.15474 0.16802 0.0025046
0.15588 0.18052 0.0025819
0.15703 0.17941 0.0025486
0.15818 0.18775 0.0025884
0.15935 0.19389 0.0026122
0.16052 0.19957 0.0026196
0.16171 0.20953 0.0026697
0.1629 0.21577 0.0026929
0.1641 0.22031 0.0026966
0.16531 0.22529 0.0027128
0.16653 0.23223 0.0027231
0.16775 0.24044 0.0027514
0.16899 0.24674 0.0027657
0.17023 0.24777 0.0027586
0.17149 0.27249 0.0028642
0.17275 0.28636 0.0029062
0.17403 0.28972 0.0029104
0.17531 0.28578 0.0028742
0.1766 0.27468 0.0027813
0.1779 0.28007 0.0028016
0.17921 0.2737 0.0027392
0.18053 0.26017 0.0026646
0.18186 0.25381 0.0026043
0.1832 0.25325 0.0025869
0.18455 0.24707 0.0025381
0.18591 0.23657 0.0024642
0.18728 0.22905 0.0024036
0.18866 0.2201 0.0023544
0.19005 0.21051 0.0022655
0.19145 0.20658 0.00225
0.19286 0.19483 0.0021575
0.19429 0.18726 0.0021041
0.19572 0.17637 0.0020338
