#
0.0050184 14.936 1.283
0.0050554 11.39 1.2529
0.0050926 548.82 8.6879
0.0051301 15.821 1.3202
0.0051679 19.503 1.338
0.005206 446.93 11.087
0.0052444 66.534 6.051
0.005283 NaN NaN
0.005322 16.301 1.7298
0.0053612 12.21 1.2974
0.0054007 50.861 2.1599
0.0054405 16.645 0.95753
0.0054806 12.627 1.077
0.005521 970.51 9.4329
0.0055616 9.6526 1.0321
0.0056026 480.09 7.2678
0.0056439 22.899 1.4496
0.0056855 13.727 1.588
0.0057274 498.9 11.714
0.0057696 10.156 1.183
0.0058121 10.975 1.23
0.0058549 11.775 0.84912
0.0058981 94.224 4.1571
0.0059416 17.304 1.5437
0.0059853 17.027 1.1576
0.0060294 9.0508 1.58
0.0060739 324.66 3.7066
0.0061186 22.668 1.7665
0.0061637 232.32 3.997
0.0062091 10.976 0.82003
0.0062549 172.26 4.3537
0.006301 3.2739 0.95279
0.0063474 8.4336 0.7626
0.0063942 10.846 1.2223
0.0064413 122.37 5.8021
0.0064888 18.129 2.2345
0.0065366 11.147 0.68753
0.0065847 84.963 1.9738
0.0066333 170.15 2.9172
0.0066821 190.54 3.8698
0.0067314 8.4474 0.96541
0.006781 118.03 3.6038
0.006831 6.1628 0.92253
0.0068813 9.1857 0.79597
0.006932 31.015 1.5618
0.0069831 5.1164 0.97027
0.0070345 7.9139 0.78976
0.0070864 6.9888 0.49106
0.0071386 63.84 1.787
0.0071912 400.26 8.5672
0.0072442 135.92 3.0574
0.0072976 6.6387 0.63813
0.0073513 47.513 1.4762
0.0074055 7.0532 0.69785
0.0074601 35.84 1.9864
0.0075151 3.2739 0.9528
0.0075704 5.481 0.57985
0.0076262 10.386 0.63963
0.0076824 40.932 1.4311
0.007739 100.64 2.4805
0.0077961 49.873 1.2707
0.0078535 62.445 2.2157
0.0079114 7.269 0.70794
0.0079697 47.468 2.951
0.0080284 3.7163 0.64152
0.0080876 5.8607 0.49888
0.0081471 6.6744 0.46556
0.0082072 6.226 0.55911
0.0082677 63.63 1.5815
0.0083286 57.885 1.7017
0.00839 59.751 2.341
0.0084518 5.4777 0.57985
0.0085141 14.49 0.78368
0.0085768 4.0221 0.39878
0.00864 3.8309 0.65088
0.0087037 10.075 0.71075
0.0087678 13.987 0.67333
0.0088324 54.103 1.2861
0.0088975 3.3358 0.42964
0.0089631 26.854 1.0276
0.0090291 13.618 0.86629
0.0090956 4.9285 0.49758
0.0091627 15.656 2.0766
0.0092302 4.1426 0.34743
0.0092982 9.4662 0.46636
0.0093667 52.545 1.3444
0.0094357 4.2366 0.7657
0.0095053 18.038 0.72323
0.0095753 16.662 1.0099
0.0096459 3.8279 0.37579
0.0097169 5.2476 0.49159
0.0097885 3.904 0.32082
0.0098607 25.555 0.93778
0.0099333 39.462 1.5535
0.010007 13.927 0.55404
0.01008 9.4285 0.57014
0.010155 3.5507 0.4435
0.010229 4.2843 0.44445
0.010305 3.4117 0.34381
0.010381 4.053 0.36323
0.010457 21.064 0.66805
0.010534 12.551 0.56079
0.010612 14.414 0.99645
0.01069 2.6902 0.30559
0.010769 5.2182 0.43855
0.010848 2.6481 0.26456
0.010928 3.8261 0.3176
0.011009 17.338 0.61807
0.01109 15.42 0.80843
0.011171 7.0486 0.43043
0.011254 2.4502 0.27505
0.011337 4.4575 0.41953
0.01142 2.904 0.27047
0.011504 7.2017 0.37026
0.011589 15.952 0.61816
0.011675 2.465 0.2685
0.011761 8.1935 0.50124
0.011847 5.8754 0.54324
0.011935 2.6458 0.22912
0.012023 3.0673 0.23064
0.012111 12.408 0.58476
0.0122 9.1952 0.49146
0.01229 5.6532 0.37673
0.012381 3.4374 0.28166
0.012472 2.7247 0.26225
0.012564 3.6554 0.27909
0.012657 7.0853 0.38062
0.01275 8.095 0.39243
0.012844 2.2684 0.26467
0.012938 2.9359 0.25034
0.013034 3.2763 0.28097
0.01313 3.4645 0.20883
0.013227 8.0237 0.40493
0.013324 6.0905 0.44486
0.013422 3.2549 0.25389
0.013521 2.5604 0.26667
0.013621 2.079 0.17011
0.013721 5.0697 0.30062
0.013822 5.9596 0.3629
0.013924 2.834 0.20896
0.014027 1.6939 0.24312
0.01413 2.635 0.20157
0.014234 3.2195 0.21666
0.014339 4.9699 0.27253
0.014445 3.4187 0.26486
0.014551 3.2113 0.32359
0.014658 2.1316 0.15556
0.014766 2.8804 0.21063
0.014875 4.8011 0.29266
0.014985 3.5059 0.25033
0.015095 2.2826 0.18777
0.015206 1.6431 0.16421
0.015319 2.4727 0.18299
0.015431 3.4329 0.20565
0.015545 3.7944 0.24855
0.01566 2.051 0.20577
0.015775 2.0558 0.16704
0.015891 2.7041 0.17157
0.016008 4.0851 0.26576
0.016126 2.0885 0.17492
0.016245 2.2892 0.19348
0.016365 1.9467 0.14307
0.016486 3.7044 0.22371
0.016607 2.2611 0.15705
0.016729 2.3596 0.20907
0.016853 1.8033 0.14792
0.016977 2.4465 0.16323
0.017102 3.0142 0.19059
0.017228 2.7261 0.21413
0.017355 1.8813 0.13447
0.017483 2.0954 0.15588
0.017612 2.8989 0.18899
0.017741 1.7163 0.13977
0.017872 2.317 0.16553
0.018004 2.0605 0.15311
0.018136 2.5279 0.14813
0.01827 1.6373 0.14419
0.018405 2.3341 0.18483
0.01854 1.7959 0.11636
0.018677 2.5674 0.17229
0.018815 1.6356 0.13256
0.018953 1.7672 0.13515
0.019093 2.0203 0.13692
0.019234 2.2959 0.14124
0.019375 1.8387 0.14035
0.019518 1.8311 0.14147
0.019662 1.7138 0.11292
0.019807 1.9791 0.13672
0.019953 2.0564 0.14985
0.0201 1.6256 0.11555
0.020248 2.067 0.12731
0.020397 2.0676 0.13631
0.020547 1.5875 0.12472
0.020699 1.6822 0.11751
0.020851 2.2809 0.12669
0.021005 1.7754 0.12953
0.02116 1.6011 0.1147
0.021316 2.2037 0.12224
0.021473 1.9185 0.12922
0.021631 1.6733 0.11466
0.02179 1.7767 0.1165
0.021951 2.1578 0.11881
0.022113 1.9161 0.12533
0.022276 1.7131 0.11683
0.02244 1.8682 0.10365
0.022605 1.9366 0.13191
0.022772 1.4718 0.10018
0.02294 2.1469 0.11393
0.023109 1.8506 0.1115
0.023279 1.5676 0.11605
0.02345 1.9725 0.1064
0.023623 1.9351 0.10712
0.023797 1.8306 0.12073
0.023973 1.7801 0.098194
0.024149 2.5158 0.12531
0.024327 1.825 0.10575
0.024507 1.8908 0.10763
0.024687 2.1456 0.10562
0.024869 1.917 0.1121
0.025052 2.0426 0.10308
0.025237 2.3093 0.11877
0.025423 1.9928 0.10751
0.02561 2.0989 0.1031
0.025799 2.3894 0.1109
0.025989 1.9643 0.11281
0.026181 2.1945 0.10128
0.026373 2.4128 0.11092
0.026568 2.1233 0.1056
0.026764 2.4685 0.10825
0.026961 2.2911 0.10761
0.027159 2.3052 0.10997
0.02736 2.5156 0.10329
0.027561 2.4286 0.11505
0.027764 2.1962 0.095134
0.027969 2.568 0.11137
0.028175 2.0336 0.095567
0.028383 2.4207 0.10546
0.028592 2.4937 0.10488
0.028802 2 0.092946
0.029015 2.889 0.10664
0.029228 2.3876 0.1043
0.029444 2.7221 0.1028
0.029661 2.5493 0.10057
0.029879 2.1846 0.097442
0.0301 3.0626 0.10571
0.030321 2.7665 0.11219
0.030545 2.5255 0.093064
0.03077 2.9506 0.10663
0.030997 2.3548 0.097406
0.031225 3.1829 0.10187
0.031455 2.6227 0.10237
0.031687 2.8303 0.096403
0.03192 2.8656 0.10296
0.032156 2.7476 0.097617
0.032393 3.2642 0.10315
0.032631 2.8455 0.099951
0.032872 3.5702 0.10661
0.033114 2.6764 0.094059
0.033358 3.7288 0.11054
0.033604 2.8979 0.09478
0.033851 3.3378 0.099463
0.034101 3.4457 0.11063
0.034352 3.0527 0.090441
0.034605 3.6965 0.10878
0.03486 3.3054 0.097676
0.035117 3.6698 0.10183
0.035376 3.0548 0.093454
0.035637 4.1326 0.11
0.035899 2.9905 0.089736
0.036164 4.0908 0.10433
0.03643 3.1772 0.096297
0.036699 3.9493 0.097706
0.036969 2.9479 0.089099
0.037241 4.2839 0.10549
0.037516 3.1166 0.090716
0.037792 4.2233 0.1006
0.038071 3.3054 0.089838
0.038351 4.6166 0.10899
0.038634 3.4169 0.087551
0.038919 4.389 0.1023
0.039205 3.5391 0.090396
0.039494 4.5516 0.10531
0.039785 3.6913 0.087181
0.040079 4.0102 0.095782
0.040374 3.9862 0.091773
0.040671 3.8406 0.094325
0.040971 4.2098 0.093054
0.041273 3.4467 0.084894
0.041577 4.3952 0.094376
0.041883 3.4144 0.084182
0.042192 4.2849 0.094771
0.042503 3.5599 0.081764
0.042816 4.0123 0.088438
0.043132 4.1106 0.087381
0.04345 3.5822 0.083595
0.04377 4.2535 0.089772
0.044092 3.5489 0.080697
0.044417 3.7559 0.08272
0.044744 3.6716 0.07898
0.045074 3.4089 0.077812
0.045406 3.842 0.081795
0.045741 3.2763 0.074988
0.046078 3.3998 0.076144
0.046417 3.5439 0.076561
0.04676 2.9408 0.070628
0.047104 3.4348 0.073641
0.047451 3.2024 0.070126
0.047801 2.8718 0.067004
0.048153 3.1779 0.070256
0.048508 2.8275 0.064513
0.048865 2.8697 0.065693
0.049225 2.9784 0.066738
0.049588 2.5677 0.06063
0.049954 2.5826 0.060887
0.050322 2.7021 0.063162
0.050693 2.4407 0.05738
0.051066 2.2917 0.056374
0.051442 2.4764 0.057861
0.051821 2.2057 0.054178
0.052203 2.0626 0.052288
0.052588 2.1144 0.052132
0.052975 1.9885 0.050698
0.053366 1.9114 0.049042
0.053759 1.922 0.048898
0.054155 1.839 0.047574
0.054554 1.7667 0.04527
0.054956 1.6177 0.043945
0.055361 1.6168 0.043335
0.055769 1.6193 0.043822
0.05618 1.5434 0.041797
0.056594 1.4489 0.040271
0.057011 1.4907 0.040479
0.057431 1.4293 0.039965
0.057854 1.2991 0.037291
0.058281 1.2212 0.036383
0.05871 1.2692 0.036252
0.059143 1.1691 0.034782
0.059579 1.2212 0.035338
0.060018 1.1852 0.034291
0.06046 1.0951 0.03291
0.060905 1.0832 0.03244
0.061354 1.0413 0.031889
0.061806 1.0373 0.031376
0.062262 0.93178 0.0296
0.062721 0.96181 0.029598
0.063183 0.95506 0.029786
0.063648 0.97551 0.029579
0.064117 0.9542 0.028677
0.06459 0.91669 0.028202
0.065066 0.89181 0.027642
0.065545 0.90933 0.027935
0.066028 0.99755 0.029082
0.066515 0.85821 0.026238
0.067005 0.82421 0.025965
0.067499 0.85959 0.026617
0.067996 0.8604 0.025934
0.068497 0.8244 0.025029
0.069002 0.85154 0.025838
0.06951 0.81441 0.024664
0.070023 0.88178 0.025438
0.070539 0.8311 0.024908
0.071058 0.82872 0.024267
0.071582 0.81984 0.023976
0.072109 0.82685 0.024259
0.072641 0.81091 0.023634
0.073176 0.77797 0.023066
0.073715 0.80868 0.023322
0.074258 0.77543 0.022467
0.074806 0.82241 0.023297
0.075357 0.78306 0.022473
0.075912 0.84845 0.023211
0.076472 0.83388 0.022545
0.077035 0.79902 0.02233
0.077603 0.80737 0.022152
0.078175 0.8203 0.022068
0.078751 0.82792 0.022086
0.079331 0.82498 0.021901
0.079916 0.80125 0.021469
0.080504 0.86713 0.022269
0.081098 0.88044 0.021757
0.081695 0.87831 0.022283
0.082297 0.85574 0.021125
0.082904 0.86848 0.02159
0.083515 0.88238 0.021188
0.08413 0.91776 0.021801
0.08475 0.89311 0.021439
0.085374 0.89482 0.021098
0.086004 0.90888 0.021391
0.086637 0.97035 0.021425
0.087276 0.95589 0.021122
0.087919 0.97095 0.021521
0.088567 0.97965 0.021337
0.089219 1.0145 0.021587
0.089877 0.98714 0.020995
0.090539 1.0394 0.021364
0.091206 1.1196 0.021978
0.091878 1.0395 0.021252
0.092555 1.088 0.021555
0.093237 1.1185 0.02141
0.093924 1.1141 0.021249
0.094616 1.1748 0.021957
0.095314 1.2341 0.022063
0.096016 1.2666 0.022209
0.096724 1.3195 0.02277
0.097436 1.3233 0.022581
0.098154 1.4346 0.022852
0.098878 1.6394 0.02462
0.099606 1.7344 0.025233
0.10034 1.8939 0.025706
0.10108 1.928 0.026124
0.10182 1.8833 0.025533
0.10257 1.8206 0.024766
0.10333 1.8449 0.025098
0.10409 1.8505 0.024506
0.10486 1.9327 0.025229
0.10563 2.0787 0.025781
0.10641 2.2166 0.026492
0.10719 2.5532 0.028404
0.10798 3.1056 0.030514
0.10878 4.0895 0.035495
0.10958 5.4009 0.039632
0.11039 6.8718 0.045172
0.1112 8.6478 0.049399
0.11202 10.699 0.05575
0.11285 13.069 0.059747
0.11368 16.44 0.067636
0.11452 18.666 0.070178
0.11536 18.229 0.070233
0.11621 15.163 0.063005
0.11707 10.251 0.051531
0.11793 6.0863 0.039509
0.1188 3.6229 0.030088
0.11967 2.6591 0.025989
0.12056 2.4592 0.02444
0.12144 2.3541 0.023808
0.12234 2.2833 0.023615
0.12324 2.2076 0.022618
0.12415 2.2037 0.022594
0.12506 2.1775 0.022592
0.12598 2.166 0.021897
0.12691 2.2667 0.022453
0.12785 2.4221 0.023035
0.12879 2.6255 0.02388
0.12974 2.8497 0.024497
0.1307 3.1498 0.0256
0.13166 3.5503 0.027098
0.13263 3.734 0.027569
0.13361 3.467 0.026246
0.13459 2.8954 0.023887
0.13558 2.1397 0.020327
0.13658 1.6038 0.017727
0.13759 1.3128 0.015767
0.1386 1.2436 0.015281
0.13962 1.2414 0.015189
0.14065 1.2616 0.01512
0.14169 1.3539 0.015571
0.14273 1.5128 0.016383
0.14378 1.8274 0.017759
0.14484 2.377 0.020131
0.14591 3.047 0.022575
0.14699 3.7136 0.024846
0.14807 4.123 0.02589
0.14916 4.1698 0.025821
0.15026 4.192 0.02566
0.15137 4.1724 0.025518
0.15248 4.0697 0.024914
0.15361 4.0975 0.02491
0.15474 3.9343 0.024164
0.15588 3.7283 0.023429
0.15703 3.5028 0.022489
0.15818 3.3342 0.021801
0.15935 3.3576 0.021736
0.16052 3.1952 0.020972
0.16171 3.0763 0.020481
0.1629 2.792 0.019412
0.1641 2.5529 0.018406
0.16531 2.4286 0.017869
0.16653 2.2912 0.017172
0.16775 2.1975 0.016709
0.16899 2.1361 0.016354
0.17023 2.0746 0.016046
0.17149 1.9791 0.015537
0.17275 1.9359 0.015219
0.17403 1.8676 0.014887
0.17531 1.8118 0.014581
0.1766 1.6926 0.013912
0.1779 1.6133 0.013556
0.17921 1.5306 0.013061
0.18053 1.4378 0.01263
0.18186 1.331 0.012029
0.1832 1.2478 0.011589
0.18455 1.0597 0.010623
0.18591 0.93242 0.0098965
0.18728 0.89281 0.0096012
0.18866 0.88895 0.0095688
0.19005 0.86175 0.0092682
0.19145 0.81683 0.009051
0.19286 0.7816 0.0087401
0.19429 0.76611 0.0086055
0.19572 0.73392 0.0083864
