#
0.0050184 10.531 0.69214
0.0050554 9.5894 0.73842
0.0050926 4.8743 0.52676
0.0051301 6.171 0.52993
0.0051679 10.138 0.61992
0.005206 6.1263 0.83481
0.0052444 4.9875 1.0657
0.005283 NaN NaN
0.005322 4.4608 0.58173
0.0053612 10.269 0.76419
0.0054007 6.6178 0.50094
0.0054405 8.4881 0.43939
0.0054806 9.9108 0.61294
0.005521 5.3289 0.44965
0.0055616 9.0763 0.64264
0.0056026 6.3525 0.53767
0.0056439 6.0502 0.47899
0.0056855 10.668 0.89931
0.0057274 3.9635 0.67209
0.0057696 7.4323 0.65012
0.0058121 7.089 0.63506
0.0058549 5.9741 0.38864
0.0058981 7.4876 0.75356
0.0059416 5.7839 0.57367
0.0059853 8.0063 0.51012
0.0060294 13.167 1.2235
0.0060739 6.5269 0.338
0.0061186 7.3178 0.64514
0.0061637 6.0976 0.41644
0.0062091 5.8209 0.38369
0.0062549 3.4877 0.39875
0.006301 4.3059 0.7003
0.0063474 4.7046 0.36592
0.0063942 5.1615 0.54185
0.0064413 3.0559 0.5903
0.0064888 6.8063 0.87997
0.0065366 6.2472 0.33069
0.0065847 5.196 0.31398
0.0066333 4.9872 0.32132
0.0066821 4.7621 0.39353
0.0067314 4.5342 0.45441
0.006781 3.2178 0.3829
0.006831 4.1359 0.48531
0.0068813 5.5833 0.39862
0.006932 3.5598 0.34042
0.0069831 4.3853 0.57678
0.0070345 4.6644 0.3895
0.0070864 4.4913 0.25283
0.0071386 4.329 0.29932
0.0071912 4.0821 0.55654
0.0072442 4.5347 0.35925
0.0072976 4.3577 0.33205
0.0073513 3.3981 0.25403
0.0074055 3.4812 0.31498
0.0074601 3.4883 0.39875
0.0075151 1.9203 0.4684
0.0075704 3.3746 0.29223
0.0076262 4.1439 0.25966
0.0076824 4.761 0.31393
0.007739 2.9192 0.2719
0.0077961 3.1313 0.20488
0.0078535 2.4545 0.28296
0.0079114 3.3715 0.30982
0.0079697 2.4141 0.42843
0.0080284 2.8527 0.36068
0.0080876 3.714 0.25508
0.0081471 2.8102 0.19414
0.0082072 3.8728 0.28321
0.0082677 3.3499 0.2335
0.0083286 2.7579 0.2391
0.00839 2.9431 0.33444
0.0084518 2.9188 0.2719
0.0085141 1.8951 0.18247
0.0085768 2.4727 0.20074
0.00864 2.5365 0.34005
0.0087037 2.9635 0.24786
0.0087678 2.77 0.19276
0.0088324 2.7309 0.18594
0.0088975 2.4684 0.23721
0.0089631 2.9283 0.21834
0.0090291 1.9214 0.20948
0.0090956 2.614 0.23277
0.0091627 2.0358 0.48198
0.0092302 2.7275 0.18096
0.0092982 2.3667 0.14999
0.0093667 2.1064 0.17334
0.0094357 1.6931 0.31112
0.0095053 1.9617 0.15361
0.0095753 2.5651 0.25497
0.0096459 2.3081 0.18736
0.0097169 1.8266 0.18648
0.0097885 2.1534 0.15301
0.0098607 1.9636 0.16742
0.0099333 2.1113 0.23138
0.010007 2.3261 0.1457
0.01008 1.7359 0.15749
0.010155 1.8074 0.20322
0.010229 1.5802 0.17353
0.010305 2.1192 0.17392
0.010381 2.1017 0.168
0.010457 1.6569 0.12077
0.010534 1.4868 0.12436
0.010612 1.4091 0.20083
0.01069 1.9348 0.16621
0.010769 1.716 0.16173
0.010848 2.0783 0.15031
0.010928 1.9265 0.14475
0.011009 1.8264 0.12917
0.01109 1.7024 0.17302
0.011171 1.6455 0.13383
0.011254 1.5926 0.14225
0.011337 1.3704 0.14963
0.01142 1.9843 0.14348
0.011504 1.6897 0.11541
0.011589 1.5111 0.12259
0.011675 1.4845 0.1337
0.011761 1.3393 0.13057
0.011847 1.931 0.20026
0.011935 1.5472 0.11244
0.012023 1.7426 0.11159
0.012111 1.5691 0.13394
0.0122 1.3311 0.12048
0.01229 1.5811 0.12816
0.012381 1.3914 0.11517
0.012472 1.3216 0.1173
0.012564 1.5972 0.11854
0.012657 1.2519 0.10307
0.01275 1.424 0.10599
0.012844 1.2651 0.12686
0.012938 1.4136 0.11157
0.013034 1.4619 0.12059
0.01313 1.4155 0.085789
0.013227 1.1766 0.099925
0.013324 1.4464 0.13954
0.013422 1.4986 0.11067
0.013521 1.0689 0.11073
0.013621 1.4721 0.091768
0.013721 1.4856 0.10468
0.013822 1.3346 0.11057
0.013924 1.221 0.088134
0.014027 1.4522 0.14412
0.01413 1.3597 0.092973
0.014234 1.3298 0.089489
0.014339 1.2053 0.08641
0.014445 1.2269 0.10203
0.014551 1.0457 0.11879
0.014658 1.2375 0.076052
0.014766 1.2907 0.090586
0.014875 1.1841 0.093576
0.014985 1.1842 0.093576
0.015095 0.95541 0.078069
0.015206 1.1531 0.088151
0.015319 1.0878 0.07798
0.015431 1.2261 0.079032
0.015545 1.2131 0.090402
0.01566 0.84712 0.084991
0.015775 1.2204 0.082571
0.015891 1.1169 0.070864
0.016008 1.0767 0.087827
0.016126 1.2393 0.086442
0.016245 1.0591 0.084531
0.016365 1.0613 0.067784
0.016486 1.2363 0.083127
0.016607 1.0631 0.069163
0.016729 1.02 0.088325
0.016853 0.99672 0.070549
0.016977 1.0862 0.069877
0.017102 1.0178 0.071238
0.017228 1.2706 0.093903
0.017355 1.204 0.068974
0.017483 1.1211 0.07318
0.017612 1.0863 0.074379
0.017741 1.0984 0.071687
0.017872 1.1117 0.073635
0.018004 1.0365 0.06971
0.018136 0.9447 0.058228
0.01827 0.93444 0.069857
0.018405 1.1255 0.08242
0.01854 1.2023 0.061024
0.018677 1.1504 0.074093
0.018815 1.0688 0.068673
0.018953 1.0791 0.067717
0.019093 1.1639 0.066676
0.019234 1.0796 0.062205
0.019375 1.1571 0.071399
0.019518 1.1261 0.071144
0.019662 1.1259 0.058667
0.019807 1.2642 0.070065
0.019953 1.2147 0.073881
0.0201 1.0657 0.05996
0.020248 1.1514 0.060973
0.020397 1.1545 0.065353
0.020547 1.0663 0.065501
0.020699 1.1359 0.061884
0.020851 1.1923 0.058803
0.021005 1.2956 0.070907
0.02116 1.1091 0.061158
0.021316 1.1402 0.056448
0.021473 1.2752 0.067548
0.021631 1.0943 0.059442
0.02179 1.126 0.059466
0.021951 1.1399 0.055432
0.022113 1.2425 0.064707
0.022276 1.2139 0.063025
0.02244 1.2237 0.053775
0.022605 1.247 0.067873
0.022772 1.1122 0.055765
0.02294 1.2622 0.056048
0.023109 1.2352 0.058395
0.023279 1.2068 0.065211
0.02345 1.3465 0.056365
0.023623 1.377 0.057913
0.023797 1.3501 0.066444
0.023973 1.2382 0.052483
0.024149 1.4399 0.060846
0.024327 1.353 0.058345
0.024507 1.3678 0.058664
0.024687 1.4702 0.056063
0.024869 1.5216 0.063989
0.025052 1.434 0.055376
0.025237 1.598 0.063365
0.025423 1.5213 0.060204
0.02561 1.4453 0.054847
0.025799 1.5907 0.058039
0.025989 1.5987 0.065202
0.026181 1.5766 0.055043
0.026373 1.6907 0.059548
0.026568 1.5458 0.057758
0.026764 1.676 0.057217
0.026961 1.6466 0.058499
0.027159 1.7881 0.062091
0.02736 1.8698 0.057108
0.027561 2.0011 0.066941
0.027764 1.6544 0.052932
0.027969 2.015 0.063258
0.028175 1.8203 0.057918
0.028383 1.9613 0.06085
0.028592 1.9858 0.060001
0.028802 1.9816 0.059237
0.029015 2.107 0.058416
0.029228 2.1148 0.062913
0.029444 1.9792 0.056224
0.029661 2.2134 0.060074
0.029879 1.8769 0.057878
0.0301 2.3727 0.059684
0.030321 2.4557 0.06777
0.030545 2.0754 0.054088
0.03077 2.4605 0.062444
0.030997 2.364 0.062526
0.031225 2.4267 0.057069
0.031455 2.2848 0.061253
0.031687 2.4382 0.057376
0.03192 2.6515 0.063497
0.032156 2.4556 0.059172
0.032393 2.745 0.060681
0.032631 2.5847 0.061083
0.032872 2.8262 0.060862
0.033114 2.6961 0.060503
0.033358 2.8699 0.062228
0.033604 2.8116 0.059852
0.033851 2.9303 0.059777
0.034101 3.0327 0.066575
0.034352 2.7417 0.054963
0.034605 3.5626 0.068502
0.03486 2.9949 0.059634
0.035117 3.3336 0.06226
0.035376 2.9156 0.058541
0.035637 3.7508 0.067242
0.035899 2.9074 0.05673
0.036164 3.5097 0.062011
0.03643 3.2258 0.062213
0.036699 3.7051 0.060716
0.036969 3.256 0.060024
0.037241 3.9126 0.064691
0.037516 3.4113 0.060847
0.037792 3.7029 0.06044
0.038071 3.5395 0.05961
0.038351 4.0576 0.065571
0.038634 3.4886 0.056734
0.038919 3.9911 0.062602
0.039205 3.7805 0.059912
0.039494 4.1263 0.064348
0.039785 3.6923 0.055926
0.040079 3.9184 0.060738
0.040374 3.7384 0.05702
0.040671 4.1211 0.062673
0.040971 3.9791 0.058049
0.041273 3.654 0.056054
0.041577 4.0828 0.058368
0.041883 3.8784 0.057529
0.042192 4.2023 0.060217
0.042503 3.6989 0.053452
0.042816 4.0841 0.057237
0.043132 3.775 0.053727
0.04345 3.716 0.054604
0.04377 4.0518 0.056222
0.044092 3.7292 0.053048
0.044417 3.6959 0.052635
0.044744 3.6983 0.050844
0.045074 3.6528 0.051652
0.045406 3.6071 0.050843
0.045741 3.5349 0.049943
0.046078 3.3949 0.048796
0.046417 3.395 0.048063
0.04676 3.2919 0.047902
0.047104 3.168 0.045362
0.047451 3.0929 0.044196
0.047801 2.9939 0.043854
0.048153 3.0007 0.04378
0.048508 2.7056 0.040459
0.048865 2.6849 0.04074
0.049225 2.6997 0.040743
0.049588 2.4645 0.038071
0.049954 2.5142 0.038503
0.050322 2.5014 0.03896
0.050693 2.2635 0.035414
0.051066 2.1764 0.035201
0.051442 2.236 0.035241
0.051821 2.1082 0.033936
0.052203 2.058 0.033452
0.052588 2.3145 0.03493
0.052975 2.1538 0.03378
0.053366 2.4147 0.035271
0.053759 2.7418 0.037364
0.054155 3.105 0.039532
0.054554 3.6346 0.041498
0.054956 4.0233 0.044258
0.055361 4.4302 0.045805
0.055769 4.5932 0.04713
0.05618 4.2913 0.044486
0.056594 3.9316 0.042329
0.057011 3.6386 0.040364
0.057431 3.3884 0.039265
0.057854 3.0834 0.036632
0.058281 2.6788 0.034349
0.05871 2.4724 0.032267
0.059143 2.2278 0.030606
0.059579 1.9687 0.028622
0.060018 1.6107 0.025511
0.06046 1.3642 0.023431
0.060905 1.1948 0.021746
0.061354 1.0592 0.020525
0.061806 0.94844 0.019155
0.062262 0.89237 0.018477
0.062721 0.80784 0.01732
0.063183 0.78251 0.017217
0.063648 0.75812 0.016662
0.064117 0.7668 0.01642
0.06459 0.72323 0.016
0.065066 0.71617 0.015816
0.065545 0.73256 0.016008
0.066028 0.69845 0.015562
0.066515 0.68092 0.014918
0.067005 0.67465 0.014988
0.067499 0.66505 0.014948
0.067996 0.66116 0.014517
0.068497 0.69425 0.014651
0.069002 0.69267 0.014874
0.06951 0.69366 0.014518
0.070023 0.68497 0.014317
0.070539 0.67899 0.014366
0.071058 0.66799 0.013905
0.071582 0.6945 0.014078
0.072109 0.68648 0.014103
0.072641 0.7125 0.014127
0.073176 0.71215 0.014064
0.073715 0.72447 0.014074
0.074258 0.74181 0.014
0.074806 0.78903 0.014543
0.075357 0.83904 0.01481
0.075912 0.97481 0.015844
0.076472 1.1676 0.016975
0.077035 1.4181 0.018899
0.077603 1.6302 0.019992
0.078175 1.7742 0.02061
0.078751 1.7716 0.02052
0.079331 1.6569 0.019716
0.079916 1.4969 0.01864
0.080504 1.3475 0.017664
0.081098 1.2523 0.016516
0.081695 1.1947 0.016542
0.082297 1.1462 0.015559
0.082904 1.0817 0.015345
0.083515 1.0273 0.014564
0.08413 0.95817 0.014204
0.08475 0.90199 0.013737
0.085374 0.84649 0.013088
0.086004 0.78938 0.012726
0.086637 0.71791 0.011779
0.087276 0.66223 0.011243
0.087919 0.66953 0.011429
0.088567 0.65597 0.011169
0.089219 0.65362 0.011089
0.089877 0.65309 0.010926
0.090539 0.67759 0.011039
0.091206 0.72228 0.011303
0.091878 0.75902 0.011614
0.092555 0.85945 0.012248
0.093237 1.1019 0.013574
0.093924 1.4144 0.015276
0.094616 1.8537 0.017594
0.095314 2.1964 0.018777
0.096016 2.3164 0.019161
0.096724 2.1768 0.018668
0.097436 1.9266 0.017397
0.098154 1.6144 0.015498
0.098878 1.4173 0.014656
0.099606 1.2464 0.013706
0.10034 1.1733 0.012976
0.10108 1.1218 0.012783
0.10182 1.0547 0.01226
0.10257 0.97388 0.011624
0.10333 0.8941 0.011218
0.10409 0.8105 0.010419
0.10486 0.71984 0.009902
0.10563 0.62984 0.0091394
0.10641 0.56273 0.0086072
0.10719 0.55043 0.0085116
0.10798 0.50515 0.007956
0.10878 0.48811 0.0079376
0.10958 0.48169 0.0076677
0.11039 0.45557 0.0075425
0.1112 0.45066 0.0073171
0.11202 0.44019 0.0073402
0.11285 0.43631 0.0070882
0.11368 0.42462 0.0070611
0.11452 0.42014 0.0068407
0.11536 0.40614 0.0068145
0.11621 0.40136 0.0066635
0.11707 0.39413 0.006567
0.11793 0.39218 0.0065132
0.1188 0.39037 0.0064068
0.11967 0.39086 0.0064551
0.12056 0.40297 0.0064048
0.12144 0.40193 0.0063673
0.12234 0.4127 0.0064953
0.12324 0.42507 0.0064176
0.12415 0.42895 0.006445
0.12506 0.42105 0.006424
0.12598 0.42909 0.0063008
0.12691 0.41815 0.0062377
0.12785 0.40048 0.0060641
0.12879 0.40347 0.0060627
0.12974 0.40777 0.0060019
0.1307 0.40994 0.005984
0.13166 0.40853 0.0059589
0.13263 0.42581 0.0060331
0.13361 0.45024 0.0061237
0.13459 0.48353 0.0063111
0.13558 0.5018 0.0063527
0.13658 0.48068 0.0062543
0.13759 0.46392 0.0060328
0.1386 0.44348 0.0058733
0.13962 0.43267 0.0057731
0.14065 0.45436 0.0058396
0.14169 0.44411 0.0057443
0.14273 0.45703 0.0058034
0.14378 0.48101 0.0058768
0.14484 0.51785 0.0060658
0.14591 0.56218 0.0062619
0.14699 0.55427 0.0062036
0.14807 0.54224 0.006071
0.14916 0.52081 0.0059031
0.15026 0.49925 0.0057303
0.15137 0.49618 0.0056948
0.15248 0.49078 0.005599
0.15361 0.47627 0.0054975
0.15474 0.47079 0.0054117
0.15588 0.4839 0.0054617
0.15703 0.46978 0.0053296
0.15818 0.46334 0.005259
0.15935 0.44948 0.0051481
0.16052 0.43905 0.0050328
0.16171 0.44599 0.0050474
0.1629 0.43635 0.0049658
0.1641 0.44118 0.0049488
0.16531 0.44284 0.0049338
0.16653 0.43937 0.0048611
0.16775 0.44331 0.0048501
0.16899 0.41892 0.0046828
0.17023 0.41623 0.0046466
0.17149 0.39435 0.0044854
0.17275 0.39101 0.0044234
0.17403 0.39105 0.0044047
0.17531 0.38202 0.0043298
0.1766 0.36741 0.0041914
0.1779 0.35077 0.0040888
0.17921 0.34732 0.0040235
0.18053 0.3385 0.0039625
0.18186 0.32303 0.0038318
0.1832 0.31991 0.0037925
0.18455 0.31747 0.0037523
0.18591 0.30924 0.003674
0.18728 0.28791 0.0035167
0.18866 0.28416 0.00349
0.19005 0.281 0.0034135
0.19145 0.26979 0.0033548
0.19286 0.26403 0.0032755
0.19429 0.25548 0.0032053
0.19572 0.24673 0.0031364
