#
0.0050184 6.1904 0.8462
0.0050554 7.6035 1.0479
0.0050926 64.891 3.0568
0.0051301 6.6562 0.87698
0.0051679 7.6503 0.85831
0.005206 47.192 3.6867
0.0052444 16.669 3.1006
0.005283 NaN NaN
0.005322 3.0515 0.7677
0.0053612 5.4384 0.88732
0.0054007 9.6692 0.9644
0.0054405 8.2673 0.69092
0.0054806 6.5948 0.79712
0.005521 148.52 3.7755
0.0055616 5.4971 0.79781
0.0056026 68.147 2.8018
0.0056439 5.3519 0.71811
0.0056855 7.8429 1.2289
0.0057274 63.59 4.2797
0.0057696 2.8569 0.64373
0.0058121 4.2899 0.78841
0.0058549 3.8796 0.49966
0.0058981 13.409 1.6057
0.0059416 5.5888 0.89892
0.0059853 8.9382 0.85874
0.0060294 8.6096 1.5768
0.0060739 57.995 1.603
0.0061186 4.4378 0.80144
0.0061637 33.733 1.5586
0.0062091 4.8348 0.55772
0.0062549 24.499 1.6806
0.006301 1.4115 0.64375
0.0063474 4.0052 0.53859
0.0063942 4.5872 0.81426
0.0064413 11.199 1.7978
0.0064888 5.7328 1.2875
0.0065366 4.3157 0.43845
0.0065847 20.796 0.99956
0.0066333 33.68 1.3283
0.0066821 29.999 1.5714
0.0067314 6.4235 0.86173
0.006781 16.33 1.3722
0.006831 3.2838 0.69033
0.0068813 4.1447 0.54812
0.006932 5.5664 0.67828
0.0069831 4.0118 0.8795
0.0070345 3.3482 0.52668
0.0070864 3.6085 0.36165
0.0071386 17.879 0.96798
0.0071912 89.033 4.1341
0.0072442 23.223 1.2935
0.0072976 3.1742 0.45237
0.0073513 7.5557 0.60311
0.0074055 3.352 0.49341
0.0074601 5.27 0.78101
0.0075151 0.5479 0.40716
0.0075704 2.7941 0.42436
0.0076262 4.1677 0.41536
0.0076824 14.106 0.86008
0.007739 25.566 1.2795
0.0077961 10.916 0.6087
0.0078535 12.06 0.99726
0.0079114 3.218 0.4828
0.0079697 5.5419 1.0335
0.0080284 1.5867 0.43088
0.0080876 2.591 0.3402
0.0081471 2.7185 0.30482
0.0082072 3.062 0.40206
0.0082677 18.113 0.86365
0.0083286 12.38 0.80581
0.00839 8.5137 0.9053
0.0084518 2.9825 0.43859
0.0085141 2.0564 0.30364
0.0085768 1.5778 0.25684
0.00864 2.2824 0.51499
0.0087037 3.4794 0.42845
0.0087678 6.6131 0.47416
0.0088324 14.789 0.68828
0.0088975 1.3036 0.27614
0.0089631 5.0765 0.45797
0.0090291 2.5083 0.38193
0.0090956 2.2274 0.34324
0.0091627 3.1438 0.95482
0.0092302 1.942 0.24432
0.0092982 5.5418 0.36541
0.0093667 13.507 0.69779
0.0094357 1.9873 0.53859
0.0095053 4.3347 0.36365
0.0095753 2.7257 0.41951
0.0096459 1.55 0.24579
0.0097169 1.4142 0.26281
0.0097885 2.8798 0.28229
0.0098607 10.446 0.61387
0.0099333 11.172 0.8463
0.010007 3.1771 0.27153
0.01008 2.0238 0.27169
0.010155 1.5861 0.30468
0.010229 1.3176 0.2539
0.010305 2.0595 0.27406
0.010381 2.1423 0.27096
0.010457 8.2955 0.42941
0.010534 3.0349 0.28309
0.010612 2.4194 0.41967
0.01069 1.5203 0.23598
0.010769 1.585 0.24877
0.010848 1.6201 0.21238
0.010928 1.9758 0.23426
0.011009 6.8854 0.39891
0.01109 3.5612 0.39862
0.011171 1.5103 0.20518
0.011254 1.5409 0.22392
0.011337 1.2932 0.23265
0.01142 1.3907 0.19232
0.011504 4.5002 0.29979
0.011589 3.8794 0.31267
0.011675 1.0648 0.18183
0.011761 1.6667 0.23288
0.011847 2.1193 0.33516
0.011935 1.2888 0.16451
0.012023 2.2209 0.20117
0.012111 5.2142 0.38838
0.0122 2.3313 0.25427
0.01229 1.7297 0.21423
0.012381 1.1268 0.16622
0.012472 1.5433 0.20273
0.012564 2.2758 0.22584
0.012657 4.1106 0.29702
0.01275 2.2585 0.21292
0.012844 1.2867 0.20483
0.012938 1.39 0.17717
0.013034 1.3264 0.18396
0.01313 2.3046 0.17459
0.013227 3.0031 0.25412
0.013324 1.5315 0.22972
0.013422 1.1243 0.15389
0.013521 1.0966 0.17979
0.013621 1.6002 0.15302
0.013721 3.2633 0.24711
0.013822 2.1613 0.22448
0.013924 1.095 0.13382
0.014027 1.1971 0.20984
0.01413 1.1106 0.13477
0.014234 2.1273 0.18056
0.014339 2.2607 0.18868
0.014445 1.1259 0.15671
0.014551 1.7354 0.24424
0.014658 1.2793 0.1238
0.014766 1.7033 0.16622
0.014875 2.2578 0.20599
0.014985 1.2736 0.1554
0.015095 1.3016 0.14572
0.015206 1.161 0.14169
0.015319 1.7033 0.15575
0.015431 1.7763 0.15194
0.015545 1.3467 0.15242
0.01566 1.2937 0.16792
0.015775 1.0845 0.12482
0.015891 2.0062 0.15147
0.016008 1.8828 0.18525
0.016126 1.3223 0.14295
0.016245 1.1598 0.14169
0.016365 1.2988 0.12
0.016486 2.1359 0.17428
0.016607 1.3054 0.12264
0.016729 1.1262 0.14867
0.016853 1.5244 0.13939
0.016977 1.872 0.14634
0.017102 1.4526 0.13597
0.017228 1.0911 0.13959
0.017355 1.0657 0.10412
0.017483 1.8214 0.14886
0.017612 1.7035 0.14867
0.017741 1.2089 0.12041
0.017872 1.3226 0.12849
0.018004 1.2989 0.12492
0.018136 1.7822 0.12755
0.01827 1.3865 0.136
0.018405 1.246 0.13888
0.01854 1.0316 0.090743
0.018677 2.2914 0.16665
0.018815 1.3797 0.12479
0.018953 1.018 0.10556
0.019093 1.2701 0.1115
0.019234 1.6564 0.12303
0.019375 1.3709 0.1243
0.019518 1.3295 0.12368
0.019662 1.502 0.1083
0.019807 1.3981 0.11792
0.019953 1.3847 0.12623
0.0201 1.185 0.10126
0.020248 1.4417 0.10911
0.020397 1.5698 0.1218
0.020547 1.2778 0.11473
0.020699 1.4982 0.11361
0.020851 1.5856 0.10835
0.021005 1.2337 0.11085
0.02116 1.2779 0.10508
0.021316 1.3797 0.099306
0.021473 1.7741 0.12724
0.021631 1.3702 0.10636
0.02179 1.6152 0.11376
0.021951 1.6963 0.10796
0.022113 1.6838 0.12035
0.022276 1.6615 0.11778
0.02244 1.801 0.10418
0.022605 1.7019 0.12666
0.022772 1.4563 0.102
0.02294 2.0093 0.11283
0.023109 1.7289 0.11035
0.023279 1.5079 0.11652
0.02345 1.8153 0.10452
0.023623 1.9886 0.11111
0.023797 1.8091 0.12284
0.023973 1.6731 0.097472
0.024149 2.3485 0.12394
0.024327 1.8405 0.10868
0.024507 1.8905 0.11014
0.024687 2.1381 0.1079
0.024869 2.1894 0.1225
0.025052 1.9334 0.10267
0.025237 2.2209 0.11922
0.025423 2.1398 0.11396
0.02561 2.1707 0.10728
0.025799 2.4636 0.11522
0.025989 2.1229 0.11996
0.026181 2.3017 0.10612
0.026373 2.5624 0.11694
0.026568 2.0866 0.10714
0.026764 2.3327 0.10771
0.026961 2.5237 0.11552
0.027159 2.6463 0.12049
0.02736 2.9319 0.11403
0.027561 2.9146 0.12885
0.027764 2.4821 0.10343
0.027969 3.0634 0.12437
0.028175 2.4767 0.10781
0.028383 3.219 0.12428
0.028592 2.9346 0.11633
0.028802 2.6112 0.10851
0.029015 3.3016 0.11659
0.029228 2.9852 0.11922
0.029444 3.0102 0.11057
0.029661 3.3346 0.11756
0.029879 3.0333 0.11731
0.0301 3.8117 0.12057
0.030321 3.5517 0.12995
0.030545 3.4502 0.11116
0.03077 3.6921 0.12195
0.030997 3.3577 0.11883
0.031225 3.8158 0.11406
0.031455 3.7187 0.12455
0.031687 4.0152 0.11734
0.03192 4.0013 0.12433
0.032156 3.9591 0.11974
0.032393 4.2532 0.12038
0.032631 3.9223 0.11994
0.032872 4.637 0.12422
0.033114 4.025 0.11784
0.033358 4.5843 0.12533
0.033604 4.1108 0.11536
0.033851 4.3989 0.11673
0.034101 4.6253 0.13103
0.034352 4.3385 0.11019
0.034605 4.8443 0.12731
0.03486 4.4614 0.116
0.035117 4.8929 0.1202
0.035376 4.174 0.11165
0.035637 5.3553 0.12804
0.035899 4.4355 0.11167
0.036164 5.3642 0.12216
0.03643 4.4347 0.11628
0.036699 5.0264 0.11271
0.036969 4.2483 0.1093
0.037241 5.276 0.11972
0.037516 4.0929 0.10627
0.037792 5.1757 0.11388
0.038071 4.4388 0.10642
0.038351 5.1187 0.11739
0.038634 4.2781 0.10017
0.038919 4.9116 0.1107
0.039205 4.2586 0.1014
0.039494 5.2232 0.11539
0.039785 4.4095 0.097444
0.040079 4.7232 0.10631
0.040374 4.5481 0.10026
0.040671 4.6849 0.10653
0.040971 4.9008 0.10269
0.041273 3.9726 0.093214
0.041577 4.6468 0.099275
0.041883 4.0785 0.094086
0.042192 4.8557 0.10319
0.042503 3.8823 0.087343
0.042816 4.5057 0.095861
0.043132 4.4223 0.092717
0.04345 3.934 0.08961
0.04377 4.7044 0.096575
0.044092 3.9014 0.086547
0.044417 4.2608 0.090115
0.044744 3.9825 0.084145
0.045074 3.8467 0.084543
0.045406 3.9887 0.085268
0.045741 3.7163 0.081684
0.046078 3.7552 0.081855
0.046417 3.589 0.078833
0.04676 3.1274 0.07451
0.047104 3.4409 0.075419
0.047451 3.2402 0.072176
0.047801 2.9912 0.069963
0.048153 3.181 0.071925
0.048508 2.851 0.066287
0.048865 2.7633 0.065975
0.049225 2.9669 0.068159
0.049588 2.6193 0.062657
0.049954 2.5989 0.062501
0.050322 2.5847 0.063226
0.050693 2.4233 0.058509
0.051066 2.3686 0.058638
0.051442 2.3987 0.058282
0.051821 2.2109 0.055506
0.052203 2.0533 0.05339
0.052588 2.3434 0.056131
0.052975 2.0239 0.052336
0.053366 1.9434 0.050602
0.053759 2.0168 0.051245
0.054155 1.907 0.049567
0.054554 1.8408 0.047277
0.054956 1.7203 0.046357
0.055361 1.8012 0.046774
0.055769 1.7193 0.046192
0.05618 1.6808 0.044609
0.056594 1.596 0.043223
0.057011 1.6542 0.043604
0.057431 1.6041 0.04329
0.057854 1.5576 0.041724
0.058281 1.5117 0.04135
0.05871 1.507 0.040367
0.059143 1.5397 0.040751
0.059579 1.4995 0.040004
0.060018 1.3403 0.037279
0.06046 1.4347 0.038452
0.060905 1.3436 0.036901
0.061354 1.3974 0.037695
0.061806 1.3301 0.036269
0.062262 1.3883 0.03682
0.062721 1.3774 0.036112
0.063183 1.3615 0.03626
0.063648 1.2848 0.034641
0.064117 1.3056 0.034217
0.06459 1.2975 0.034211
0.065066 1.2729 0.033665
0.065545 1.3416 0.034578
0.066028 1.323 0.034178
0.066515 1.2997 0.032889
0.067005 1.3398 0.033691
0.067499 1.2611 0.03285
0.067996 1.3127 0.03263
0.068497 1.3655 0.032778
0.069002 1.2559 0.031973
0.06951 1.2084 0.030603
0.070023 1.2352 0.030696
0.070539 1.2509 0.031126
0.071058 1.2613 0.030494
0.071582 1.216 0.029747
0.072109 1.3264 0.031278
0.072641 1.184 0.029096
0.073176 1.2238 0.029446
0.073715 1.1662 0.028538
0.074258 1.2476 0.029
0.074806 1.176 0.028389
0.075357 1.1306 0.02751
0.075912 1.1696 0.027786
0.076472 1.1277 0.026737
0.077035 1.1665 0.027487
0.077603 1.134 0.026759
0.078175 1.0969 0.026024
0.078751 1.1378 0.026398
0.079331 1.0561 0.025284
0.079916 1.1191 0.025861
0.080504 1.0806 0.025379
0.081098 1.0568 0.024344
0.081695 1.039 0.024756
0.082297 1.0389 0.023767
0.082904 1.044 0.024175
0.083515 1.0407 0.023505
0.08413 0.99334 0.023194
0.08475 0.99508 0.023133
0.085374 0.96851 0.022446
0.086004 0.9169 0.021992
0.086637 0.91036 0.021262
0.087276 0.94332 0.021483
0.087919 0.91984 0.021458
0.088567 0.91099 0.021082
0.089219 0.89798 0.020822
0.089877 0.92145 0.020782
0.090539 0.87054 0.02006
0.091206 0.91275 0.020362
0.091878 0.87819 0.020038
0.092555 0.87339 0.019824
0.093237 0.89609 0.019668
0.093924 0.84439 0.019003
0.094616 0.83816 0.019063
0.095314 0.81715 0.018469
0.096016 0.82183 0.018409
0.096724 0.80281 0.018289
0.097436 0.78347 0.017898
0.098154 0.79754 0.017559
0.098878 0.7983 0.017722
0.099606 0.75602 0.01721
0.10034 0.77597 0.016997
0.10108 0.74835 0.016824
0.10182 0.72987 0.016437
0.10257 0.75013 0.016428
0.10333 0.71315 0.016141
0.10409 0.7353 0.015971
0.10486 0.68783 0.015582
0.10563 0.70378 0.01553
0.10641 0.68937 0.015305
0.10719 0.70972 0.015516
0.10798 0.69658 0.014993
0.10878 0.66247 0.014848
0.10958 0.66974 0.014512
0.11039 0.64744 0.014432
0.1112 0.65575 0.014163
0.11202 0.64101 0.014214
0.11285 0.63538 0.013728
0.11368 0.62436 0.013741
0.11452 0.63027 0.013442
0.11536 0.61651 0.013471
0.11621 0.60888 0.01317
0.11707 0.62222 0.013231
0.11793 0.60398 0.012968
0.1188 0.62707 0.013019
0.11967 0.56864 0.012507
0.12056 0.5821 0.012365
0.12144 0.55627 0.012043
0.12234 0.55504 0.012115
0.12324 0.56108 0.01186
0.12415 0.55769 0.011824
0.12506 0.5472 0.011785
0.12598 0.54124 0.011393
0.12691 0.52843 0.011291
0.12785 0.5295 0.011224
0.12879 0.5287 0.011173
0.12974 0.51289 0.010843
0.1307 0.52443 0.010898
0.13166 0.49794 0.010606
0.13263 0.51063 0.010649
0.13361 0.4767 0.010179
0.13459 0.47432 0.010106
0.13558 0.4794 0.01004
0.13658 0.48738 0.010175
0.13759 0.49275 0.010038
0.1386 0.46723 0.0097422
0.13962 0.44771 0.0094979
0.14065 0.46347 0.0095344
0.14169 0.44069 0.0092624
0.14273 0.46597 0.0094727
0.14378 0.43686 0.0090737
0.14484 0.43261 0.0089924
0.14591 0.43485 0.0089377
0.14699 0.42212 0.0087921
0.14807 0.42197 0.0086951
0.14916 0.41505 0.0085573
0.15026 0.38986 0.0082321
0.15137 0.40038 0.0083103
0.15248 0.40372 0.0082455
0.15361 0.38533 0.0080371
0.15474 0.39153 0.0080194
0.15588 0.38615 0.0079316
0.15703 0.36124 0.007611
0.15818 0.38301 0.0077716
0.15935 0.3803 0.0076964
0.16052 0.34772 0.0072979
0.16171 0.35649 0.0073504
0.1629 0.33951 0.0071423
0.1641 0.34748 0.0071582
0.16531 0.34399 0.0070892
0.16653 0.32648 0.0068426
0.16775 0.33057 0.0068387
0.16899 0.32843 0.0067675
0.17023 0.3157 0.0066132
0.17149 0.30457 0.006446
0.17275 0.30233 0.0063605
0.17403 0.30202 0.0063316
0.17531 0.30077 0.0062833
0.1766 0.27329 0.0059316
0.1779 0.28646 0.0060474
0.17921 0.28916 0.0060048
0.18053 0.27704 0.0058726
0.18186 0.26816 0.0057227
0.1832 0.27087 0.0057174
0.18455 0.2575 0.0055486
0.18591 0.25206 0.0054499
0.18728 0.26551 0.005528
0.18866 0.24549 0.005327
0.19005 0.23406 0.0051272
0.19145 0.2374 0.0051722
0.19286 0.2253 0.0049847
0.19429 0.22178 0.0049206
0.19572 0.21237 0.0048042
