#
0.0050184 10.225 1.7404
0.0050554 20.16 2.7272
0.0050926 484.6 13.35
0.0051301 12.592 1.9291
0.0051679 16.848 2.0364
0.005206 138.21 10.084
0.0052444 417.67 24.788
0.005283 NaN NaN
0.005322 12.209 2.4516
0.0053612 10.584 1.9803
0.0054007 25.192 2.488
0.0054405 23.18 1.8489
0.0054806 15.867 1.9765
0.005521 1077.9 16.256
0.0055616 11.69 1.8606
0.0056026 390.91 10.725
0.0056439 20.537 2.2469
0.0056855 10.721 2.2998
0.0057274 310.28 15.108
0.0057696 3.2536 1.1032
0.0058121 9.8563 1.9108
0.0058549 8.4405 1.1786
0.0058981 23.469 3.397
0.0059416 30.09 3.33
0.0059853 18.002 1.9487
0.0060294 8.7569 2.5477
0.0060739 376.95 6.5313
0.0061186 13.911 2.2669
0.0061637 181.6 5.7793
0.0062091 9.0829 1.2231
0.0062549 86.711 5.0528
0.006301 6.548 2.2064
0.0063474 9.1291 1.3001
0.0063942 9.8804 1.9108
0.0064413 52.879 6.2406
0.0064888 17.588 3.603
0.0065366 11.365 1.1371
0.0065847 118.34 3.8098
0.0066333 176.84 4.8638
0.0066821 148.29 5.5833
0.0067314 11.703 1.8606
0.006781 52.016 3.9139
0.006831 8.7569 1.8015
0.0068813 10.221 1.3759
0.006932 14.221 1.7328
0.0069831 10.249 2.2469
0.0070345 9.1841 1.3939
0.0070864 7.8398 0.85256
0.0071386 106.79 3.7798
0.0071912 517.23 15.926
0.0072442 84.885 3.952
0.0072976 5.6575 0.96692
0.0073513 21.999 1.6446
0.0074055 5.2539 0.99017
0.0074601 12.287 1.9066
0.0075151 3.6061 1.6446
0.0075704 5.8306 0.98063
0.0076262 10.857 1.0715
0.0076824 79.096 3.2536
0.007739 141.64 4.8124
0.0077961 38.01 1.815
0.0078535 29.759 2.504
0.0079114 5.6471 1.0237
0.0079697 13.668 2.5945
0.0080284 5.5244 1.2823
0.0080876 5.0353 0.75904
0.0081471 7.7238 0.82086
0.0082072 7.0202 0.97352
0.0082677 111.94 3.4304
0.0083286 45.534 2.4693
0.00839 19.544 2.1927
0.0084518 4.5141 0.86484
0.0085141 6.1586 0.83914
0.0085768 3.1902 0.585
0.00864 5.8308 1.3157
0.0087037 7.0169 0.97352
0.0087678 34.805 1.737
0.0088324 63.115 2.272
0.0088975 2.5948 0.62408
0.0089631 10.763 1.0663
0.0090291 5.2313 0.88258
0.0090956 4.7543 0.80234
0.0091627 8.0316 2.4393
0.0092302 4.7289 0.6096
0.0092982 20.593 1.1251
0.0093667 56.477 2.2799
0.0094357 2.8707 1.0401
0.0095053 7.3579 0.75854
0.0095753 6.6365 1.0465
0.0096459 3.7637 0.61241
0.0097169 2.8774 0.60053
0.0097885 4.0651 0.53804
0.0098607 59.966 2.3493
0.0099333 30.502 2.235
0.010007 5.3512 0.56436
0.01008 4.6187 0.65655
0.010155 3.9049 0.76434
0.010229 4.5918 0.75564
0.010305 3.6068 0.58146
0.010381 3.829 0.58045
0.010457 34.657 1.4019
0.010534 5.7475 0.62365
0.010612 3.7906 0.84261
0.01069 3.2403 0.55162
0.010769 2.6762 0.51892
0.010848 2.668 0.43744
0.010928 4.6274 0.57335
0.011009 31.123 1.3545
0.01109 6.6085 0.86913
0.011171 2.8077 0.44852
0.011254 2.5475 0.46229
0.011337 4.0391 0.65616
0.01142 3.8872 0.51358
0.011504 21.235 1.0395
0.011589 8.12 0.72356
0.011675 3.7268 0.54194
0.011761 3.0321 0.50377
0.011847 4.3444 0.76819
0.011935 2.0841 0.3364
0.012023 8.5236 0.62859
0.012111 20.014 1.2152
0.0122 3.2941 0.4853
0.01229 3.416 0.48215
0.012381 2.082 0.36261
0.012472 2.9399 0.44853
0.012564 8.1903 0.6836
0.012657 12.899 0.84047
0.01275 3.2338 0.40895
0.012844 2.9603 0.49709
0.012938 2.5326 0.38373
0.013034 2.749 0.42424
0.01313 8.2946 0.52859
0.013227 5.9287 0.57139
0.013324 1.6629 0.38698
0.013422 1.7166 0.30634
0.013521 2.2866 0.41607
0.013621 2.3598 0.29876
0.013721 12.939 0.78544
0.013822 3.2858 0.44423
0.013924 2.4706 0.32174
0.014027 3.0584 0.53608
0.01413 2.633 0.33196
0.014234 8.2992 0.56891
0.014339 3.9468 0.39955
0.014445 2.0592 0.34024
0.014551 2.2704 0.44963
0.014658 2.1575 0.25825
0.014766 8.0289 0.57495
0.014875 4.4393 0.4625
0.014985 2.2571 0.33217
0.015095 1.4456 0.24856
0.015206 2.1873 0.31199
0.015319 5.9302 0.46364
0.015431 3.7861 0.35509
0.015545 1.9262 0.29344
0.01566 1.8886 0.3269
0.015775 1.8736 0.26365
0.015891 6.1058 0.42193
0.016008 2.8333 0.36487
0.016126 1.8684 0.27373
0.016245 2.5737 0.33791
0.016365 2.0136 0.24037
0.016486 6.6406 0.49062
0.016607 1.8928 0.23785
0.016729 2.0926 0.32526
0.016853 1.848 0.24771
0.016977 5.3592 0.39547
0.017102 2.0801 0.26176
0.017228 1.8069 0.28889
0.017355 1.7082 0.2122
0.017483 4.7757 0.38521
0.017612 3.1425 0.3236
0.017741 1.8876 0.24204
0.017872 1.2819 0.20524
0.018004 1.9673 0.24756
0.018136 4.0474 0.30751
0.01827 1.9376 0.25897
0.018405 1.7123 0.26256
0.01854 1.8999 0.19779
0.018677 4.9039 0.39006
0.018815 2.2802 0.25773
0.018953 1.4021 0.20019
0.019093 1.9945 0.22471
0.019234 3.611 0.29073
0.019375 2.1444 0.24984
0.019518 1.7814 0.23075
0.019662 3.0724 0.24809
0.019807 2.5496 0.25549
0.019953 2.0088 0.24475
0.0201 1.5995 0.18983
0.020248 3.1445 0.25795
0.020397 1.9462 0.21875
0.020547 1.8966 0.22499
0.020699 1.7725 0.19945
0.020851 2.617 0.22345
0.021005 1.9051 0.22161
0.02116 1.9451 0.20862
0.021316 3.3992 0.24922
0.021473 2.5558 0.24541
0.021631 2.1124 0.21231
0.02179 2.3329 0.21983
0.021951 2.6723 0.21754
0.022113 2.1384 0.21848
0.022276 2.0802 0.21224
0.02244 3.1757 0.22185
0.022605 2.0465 0.22384
0.022772 2.07 0.1957
0.02294 2.7669 0.21273
0.023109 1.9533 0.18924
0.023279 2.2002 0.22632
0.02345 2.4842 0.19657
0.023623 2.3575 0.19484
0.023797 2.4573 0.23021
0.023973 2.3607 0.18622
0.024149 3.4711 0.24179
0.024327 2.3582 0.19799
0.024507 2.9385 0.22047
0.024687 3.0977 0.2085
0.024869 2.9975 0.23025
0.025052 2.5197 0.18851
0.025237 3.0552 0.22458
0.025423 2.6164 0.20271
0.02561 2.4429 0.18337
0.025799 3.202 0.21101
0.025989 2.8236 0.22237
0.026181 2.9012 0.19151
0.026373 3.3882 0.21594
0.026568 2.805 0.19967
0.026764 3.2563 0.20429
0.026961 2.9169 0.19971
0.027159 3.0692 0.20863
0.02736 3.3017 0.1945
0.027561 3.3501 0.22203
0.027764 2.8215 0.17739
0.027969 3.362 0.20941
0.028175 3.1125 0.19421
0.028383 3.7741 0.21612
0.028592 3.4925 0.2039
0.028802 3.4779 0.20111
0.029015 4.032 0.20683
0.029228 3.9368 0.21971
0.029444 3.3903 0.18857
0.029661 4.2214 0.21224
0.029879 3.2098 0.19402
0.0301 4.4149 0.20825
0.030321 4.7208 0.24025
0.030545 4.147 0.19561
0.03077 4.4472 0.21478
0.030997 4.2074 0.21347
0.031225 4.5478 0.19978
0.031455 4.3885 0.21715
0.031687 4.7914 0.20562
0.03192 5.0146 0.22321
0.032156 4.4876 0.20456
0.032393 4.9469 0.20822
0.032631 4.7319 0.21129
0.032872 5.759 0.22192
0.033114 4.8363 0.20722
0.033358 6.0885 0.23145
0.033604 5.4642 0.2132
0.033851 5.6999 0.21299
0.034101 5.932 0.23782
0.034352 5.5406 0.19962
0.034605 6.4745 0.23581
0.03486 6.2871 0.22061
0.035117 6.6607 0.22467
0.035376 5.9998 0.21448
0.035637 7.2522 0.23864
0.035899 6.2898 0.21305
0.036164 7.7065 0.23447
0.03643 7.3808 0.24015
0.036699 8.1643 0.22992
0.036969 7.8254 0.23739
0.037241 9.7629 0.26054
0.037516 9.8957 0.26417
0.037792 11.707 0.27385
0.038071 11.411 0.27273
0.038351 14.445 0.31512
0.038634 14.414 0.29366
0.038919 15.966 0.31882
0.039205 16.169 0.31549
0.039494 16.72 0.32982
0.039785 16.236 0.29859
0.040079 16.589 0.31821
0.040374 15.505 0.29568
0.040671 14.609 0.30055
0.040971 15.052 0.28752
0.041273 13.619 0.27563
0.041577 13.757 0.27292
0.041883 12.238 0.26037
0.042192 13.04 0.27026
0.042503 11.16 0.23661
0.042816 11.817 0.24811
0.043132 11.278 0.23666
0.04345 10.807 0.23733
0.04377 11.328 0.23957
0.044092 10.542 0.22735
0.044417 10.711 0.22838
0.044744 10.088 0.21406
0.045074 10.417 0.22232
0.045406 10.546 0.22159
0.045741 10.168 0.21591
0.046078 9.9103 0.21252
0.046417 9.1688 0.2014
0.04676 8.5206 0.19653
0.047104 8.4426 0.18885
0.047451 7.8337 0.17941
0.047801 7.4428 0.17641
0.048153 7.1417 0.17235
0.048508 6.304 0.15765
0.048865 5.8633 0.15375
0.049225 5.9338 0.15425
0.049588 5.1747 0.14097
0.049954 5.0733 0.13979
0.050322 4.9559 0.14016
0.050693 4.6874 0.13028
0.051066 4.3266 0.12694
0.051442 4.4347 0.12692
0.051821 4.2789 0.12365
0.052203 3.953 0.11864
0.052588 3.9106 0.11623
0.052975 3.9006 0.11637
0.053366 3.394 0.10721
0.053759 3.6285 0.11016
0.054155 3.4623 0.10704
0.054554 3.2223 0.10029
0.054956 3.1814 0.10105
0.055361 3.0447 0.097553
0.055769 3.1523 0.10026
0.05618 3.0072 0.095684
0.056594 2.9768 0.094628
0.057011 2.9745 0.093761
0.057431 2.7413 0.090808
0.057854 2.7915 0.089594
0.058281 2.5439 0.086113
0.05871 2.5578 0.084422
0.059143 2.5922 0.084875
0.059579 2.6784 0.085768
0.060018 2.5948 0.083151
0.06046 2.3801 0.07954
0.060905 2.4542 0.080004
0.061354 2.4352 0.079876
0.061806 2.2882 0.076395
0.062262 2.6115 0.080983
0.062721 2.4888 0.077889
0.063183 2.3892 0.077107
0.063648 2.5874 0.078781
0.064117 2.3673 0.073934
0.06459 2.3314 0.073594
0.065066 2.5407 0.076232
0.065545 2.4784 0.075395
0.066028 2.6807 0.077954
0.066515 2.5345 0.073635
0.067005 2.48 0.073529
0.067499 2.6134 0.075763
0.067996 2.6117 0.073764
0.068497 2.5457 0.071779
0.069002 2.6968 0.075028
0.06951 2.7322 0.073652
0.070023 2.69 0.072532
0.070539 2.8156 0.074743
0.071058 2.8973 0.073951
0.071582 2.9699 0.074341
0.072109 2.9616 0.074803
0.072641 3.0767 0.074954
0.073176 3.3125 0.077389
0.073715 3.2709 0.076316
0.074258 3.3527 0.075948
0.074806 3.3435 0.076428
0.075357 3.604 0.078336
0.075912 3.653 0.078332
0.076472 3.6238 0.076437
0.077035 3.5581 0.076595
0.077603 3.6968 0.077037
0.078175 3.5928 0.075089
0.078751 3.5249 0.074118
0.079331 3.4709 0.073068
0.079916 3.4366 0.0723
0.080504 3.2726 0.070466
0.081098 3.328 0.068897
0.081695 3.2528 0.069855
0.082297 3.1231 0.065743
0.082904 2.9772 0.065172
0.083515 2.8982 0.062633
0.08413 3.0247 0.064562
0.08475 2.7832 0.061769
0.085374 2.662 0.059424
0.086004 2.5956 0.059065
0.086637 2.681 0.058213
0.087276 2.5426 0.056336
0.087919 2.4918 0.056407
0.088567 2.5686 0.05651
0.089219 2.7068 0.057661
0.089877 2.7713 0.05749
0.090539 2.6129 0.055431
0.091206 2.5646 0.054487
0.091878 2.5241 0.054214
0.092555 2.2882 0.05127
0.093237 2.2163 0.049462
0.093924 2.0639 0.047516
0.094616 2.1036 0.048284
0.095314 1.9769 0.045954
0.096016 2.0188 0.046145
0.096724 1.9653 0.045769
0.097436 1.8791 0.044349
0.098154 1.9772 0.044211
0.098878 1.9517 0.044321
0.099606 1.7978 0.042471
0.10034 1.8857 0.042383
0.10108 1.8249 0.042026
0.10182 1.8317 0.041633
0.10257 1.8524 0.041285
0.10333 1.8147 0.041156
0.10409 1.8142 0.040122
0.10486 1.7303 0.039513
0.10563 1.8267 0.039979
0.10641 1.8189 0.039713
0.10719 1.7353 0.038808
0.10798 1.7127 0.037602
0.10878 1.7252 0.038284
0.10958 1.7327 0.0373
0.11039 1.7545 0.037933
0.1112 1.6707 0.036136
0.11202 1.7198 0.03718
0.11285 1.691 0.035769
0.11368 1.6976 0.036174
0.11452 1.644 0.034686
0.11536 1.7109 0.035813
0.11621 1.6485 0.034599
0.11707 1.6635 0.03455
0.11793 1.6632 0.034348
0.1188 1.6458 0.033695
0.11967 1.6338 0.033807
0.12056 1.5932 0.032652
0.12144 1.6697 0.033241
0.12234 1.5543 0.032343
0.12324 1.5333 0.031293
0.12415 1.4781 0.030742
0.12506 1.5083 0.031222
0.12598 1.4975 0.030237
0.12691 1.4606 0.029953
0.12785 1.4299 0.029443
0.12879 1.4473 0.029501
0.12974 1.3678 0.028274
0.1307 1.358 0.028022
0.13166 1.4039 0.028401
0.13263 1.3245 0.027404
0.13361 1.3936 0.027729
0.13459 1.3523 0.027205
0.13558 1.3749 0.027103
0.13658 1.3515 0.02703
0.13759 1.2942 0.025984
0.1386 1.2951 0.025874
0.13962 1.2408 0.025221
0.14065 1.2307 0.024809
0.14169 1.2091 0.024477
0.14273 1.2082 0.024371
0.14378 1.1234 0.023252
0.14484 1.1174 0.023092
0.14591 1.1034 0.02276
0.14699 1.0784 0.022461
0.14807 1.0962 0.022389
0.14916 1.0782 0.022034
0.15026 1.0774 0.021824
0.15137 1.0594 0.021584
0.15248 0.98599 0.020623
0.15361 1.0033 0.020717
0.15474 1.0054 0.020537
0.15588 0.98141 0.020214
0.15703 0.96007 0.019807
0.15818 0.97735 0.019843
0.15935 0.97157 0.019662
0.16052 0.92924 0.019041
0.16171 0.89083 0.018585
0.1629 0.90743 0.018636
0.1641 0.91407 0.018539
0.16531 0.85999 0.017929
0.16653 0.87562 0.017881
0.16775 0.88148 0.017823
0.16899 0.8725 0.017606
0.17023 0.80324 0.016863
0.17149 0.82161 0.016888
0.17275 0.80651 0.016578
0.17403 0.78598 0.016314
0.17531 0.80339 0.016386
0.1766 0.74492 0.015612
0.1779 0.77146 0.01583
0.17921 0.72492 0.015208
0.18053 0.74569 0.015367
0.18186 0.70478 0.014811
0.1832 0.6889 0.014576
0.18455 0.67929 0.014384
0.18591 0.6686 0.014163
0.18728 0.63984 0.013751
0.18866 0.6489 0.013821
0.19005 0.60212 0.01314
0.19145 0.60466 0.013195
0.19286 0.56796 0.012659
0.19429 0.57637 0.012668
0.19572 0.54824 0.012331
