#
0.0050184 7.702 0.55655
0.0050554 4.8612 0.49448
0.0050926 3.7561 0.4348
0.0051301 4.4103 0.42126
0.0051679 8.1577 0.52284
0.005206 4.913 0.70289
0.0052444 3.0027 0.7778
0.005283 NaN NaN
0.005322 2.671 0.42338
0.0053612 6.6665 0.57901
0.0054007 4.2428 0.3772
0.0054405 5.1931 0.3232
0.0054806 6.7854 0.47689
0.005521 5.8816 0.44404
0.0055616 5.1708 0.45619
0.0056026 6.1773 0.49844
0.0056439 4.0758 0.3697
0.0056855 6.5513 0.66269
0.0057274 4.1058 0.64296
0.0057696 2.8039 0.37571
0.0058121 3.605 0.42602
0.0058549 3.6962 0.2875
0.0058981 5.4133 0.60248
0.0059416 4.0078 0.44906
0.0059853 5.298 0.39022
0.0060294 5.915 0.77129
0.0060739 5.4138 0.28942
0.0061186 3.6566 0.42897
0.0061637 3.4567 0.2949
0.0062091 4.7657 0.32643
0.0062549 4.0467 0.40366
0.006301 1.9985 0.44907
0.0063474 3.1794 0.2829
0.0063942 3.056 0.39213
0.0064413 4.0065 0.63507
0.0064888 3.1041 0.55908
0.0065366 3.1583 0.22119
0.0065847 3.4212 0.23962
0.0066333 3.4771 0.25232
0.0066821 3.4633 0.31559
0.0067314 3.6061 0.38104
0.006781 2.3221 0.30589
0.006831 3.1034 0.39533
0.0068813 2.7008 0.26088
0.006932 2.6301 0.27518
0.0069831 3.2737 0.4686
0.0070345 2.3728 0.26138
0.0070864 2.8151 0.18828
0.0071386 2.731 0.2236
0.0071912 3.6082 0.49192
0.0072442 2.6024 0.25601
0.0072976 2.379 0.23082
0.0073513 2.2505 0.19445
0.0074055 3.303 0.28842
0.0074601 2.4808 0.31626
0.0075151 0.49235 0.22454
0.0075704 2.4027 0.2319
0.0076262 2.5726 0.19246
0.0076824 2.912 0.23094
0.007739 2.6918 0.24546
0.0077961 2.2598 0.16369
0.0078535 2.1982 0.25175
0.0079114 2.2521 0.23815
0.0079697 2.2008 0.38456
0.0080284 1.6379 0.25719
0.0080876 2.1705 0.18344
0.0081471 1.8697 0.14896
0.0082072 2.3825 0.20896
0.0082677 2.1433 0.17569
0.0083286 2.2003 0.20083
0.00839 2.0993 0.26567
0.0084518 2.089 0.21634
0.0085141 1.675 0.16129
0.0085768 1.7409 0.15844
0.00864 1.8002 0.26944
0.0087037 2.1265 0.19748
0.0087678 2.0231 0.15493
0.0088324 2.0456 0.15134
0.0088975 1.74 0.18732
0.0089631 1.7133 0.15714
0.0090291 1.4975 0.17392
0.0090956 2.347 0.20736
0.0091627 1.7995 0.42602
0.0092302 1.6075 0.13074
0.0092982 1.8075 0.12327
0.0093667 1.7112 0.14692
0.0094357 1.6471 0.28842
0.0095053 1.5225 0.12728
0.0095753 1.1292 0.15936
0.0096459 1.5314 0.14358
0.0097169 1.6146 0.16483
0.0097885 1.5018 0.12021
0.0098607 1.6101 0.14256
0.0099333 2 0.21169
0.010007 1.4937 0.10985
0.01008 1.2331 0.12489
0.010155 1.4168 0.16922
0.010229 1.38 0.15247
0.010305 1.4087 0.13343
0.010381 1.397 0.12887
0.010457 1.2328 0.09801
0.010534 1.2594 0.10763
0.010612 1.4213 0.18953
0.01069 1.183 0.12234
0.010769 1.1687 0.1256
0.010848 1.2345 0.10904
0.010928 1.1864 0.10692
0.011009 1.277 0.10161
0.01109 1.0876 0.13017
0.011171 1.1771 0.10649
0.011254 1.4077 0.12574
0.011337 1.0248 0.12172
0.01142 1.3067 0.10954
0.011504 1.2996 0.095206
0.011589 1.292 0.10658
0.011675 1.1219 0.10934
0.011761 1.0165 0.10702
0.011847 0.84874 0.12517
0.011935 0.95876 0.083338
0.012023 1.0822 0.082786
0.012111 1.3066 0.11493
0.0122 1.0809 0.10211
0.01229 1.0963 0.10042
0.012381 0.8198 0.083261
0.012472 0.97648 0.094868
0.012564 1.1028 0.092691
0.012657 1.1735 0.093792
0.01275 1.0094 0.083964
0.012844 0.89509 0.10042
0.012938 1.1182 0.093333
0.013034 1.0651 0.09684
0.01313 0.97272 0.066927
0.013227 1.1739 0.093792
0.013324 0.93585 0.10566
0.013422 0.89423 0.080512
0.013521 0.86448 0.093662
0.013621 0.82426 0.064689
0.013721 1.0994 0.084717
0.013822 0.84224 0.082708
0.013924 0.92306 0.072092
0.014027 1.0201 0.11366
0.01413 0.93966 0.072737
0.014234 0.94812 0.071103
0.014339 0.83197 0.067577
0.014445 0.96545 0.085135
0.014551 0.97154 0.10763
0.014658 0.84787 0.059253
0.014766 0.92326 0.072093
0.014875 0.90411 0.076928
0.014985 0.92361 0.077742
0.015095 0.88353 0.070566
0.015206 0.77708 0.068121
0.015319 0.9468 0.068402
0.015431 0.7356 0.057675
0.015545 0.83004 0.070389
0.01566 0.78596 0.076943
0.015775 0.93177 0.067874
0.015891 0.90845 0.06011
0.016008 0.87636 0.074524
0.016126 0.78888 0.064945
0.016245 0.72942 0.066041
0.016365 0.93804 0.059914
0.016486 0.91155 0.067163
0.016607 0.89242 0.059592
0.016729 0.70076 0.068924
0.016853 0.77622 0.058576
0.016977 0.83409 0.057607
0.017102 0.93452 0.064166
0.017228 0.80051 0.070186
0.017355 0.77685 0.05217
0.017483 0.83612 0.059467
0.017612 0.87534 0.0628
0.017741 0.78643 0.057088
0.017872 0.85016 0.060581
0.018004 0.8506 0.059396
0.018136 0.86012 0.052228
0.01827 0.73923 0.058454
0.018405 0.72529 0.062311
0.01854 0.76691 0.045898
0.018677 0.92057 0.062341
0.018815 0.82499 0.056763
0.018953 0.79765 0.054787
0.019093 0.77105 0.051094
0.019234 0.94802 0.054804
0.019375 0.92617 0.060082
0.019518 0.76696 0.055272
0.019662 0.8854 0.048939
0.019807 0.76678 0.0514
0.019953 0.80981 0.056794
0.0201 0.76477 0.047806
0.020248 0.97242 0.052692
0.020397 0.88441 0.053815
0.020547 0.89316 0.056375
0.020699 0.86222 0.050728
0.020851 0.97252 0.049947
0.021005 0.91367 0.056037
0.02116 0.80899 0.049156
0.021316 0.94904 0.04843
0.021473 0.90124 0.05344
0.021631 0.87111 0.049885
0.02179 0.94853 0.051323
0.021951 0.95082 0.047609
0.022113 0.98011 0.054058
0.022276 0.94389 0.052278
0.02244 1.0154 0.046066
0.022605 0.93375 0.055259
0.022772 0.88023 0.046664
0.02294 1.0785 0.048716
0.023109 0.9684 0.048636
0.023279 1.0728 0.057805
0.02345 1.0576 0.046987
0.023623 1.0675 0.047966
0.023797 1.1044 0.056515
0.023973 0.96187 0.043514
0.024149 1.2434 0.053162
0.024327 1.0834 0.049103
0.024507 1.0324 0.047949
0.024687 1.2131 0.047891
0.024869 1.0968 0.051116
0.025052 1.0836 0.045282
0.025237 1.2271 0.052228
0.025423 1.2024 0.050341
0.02561 1.1351 0.045719
0.025799 1.2164 0.047739
0.025989 1.3266 0.055854
0.026181 1.2011 0.045192
0.026373 1.4907 0.05257
0.026568 1.2526 0.048897
0.026764 1.3252 0.047849
0.026961 1.3367 0.049567
0.027159 1.3115 0.050022
0.02736 1.5117 0.048288
0.027561 1.4773 0.054104
0.027764 1.2749 0.043705
0.027969 1.6082 0.053145
0.028175 1.447 0.048564
0.028383 1.5726 0.051241
0.028592 1.5607 0.050027
0.028802 1.3903 0.046682
0.029015 1.7427 0.049956
0.029228 1.7178 0.053319
0.029444 1.4952 0.045964
0.029661 1.6839 0.04928
0.029879 1.5758 0.049867
0.0301 1.8607 0.049704
0.030321 1.8957 0.055997
0.030545 1.7117 0.046189
0.03077 2.0228 0.053239
0.030997 1.7126 0.050058
0.031225 2.0115 0.048855
0.031455 1.9039 0.052576
0.031687 2.0708 0.049716
0.03192 2.1803 0.054141
0.032156 1.9533 0.049628
0.032393 2.1416 0.050402
0.032631 1.9846 0.050336
0.032872 2.2845 0.051453
0.033114 2.0399 0.049495
0.033358 2.4725 0.054306
0.033604 2.1688 0.049434
0.033851 2.2228 0.048961
0.034101 2.445 0.056209
0.034352 2.207 0.046371
0.034605 2.7798 0.0569
0.03486 2.2769 0.048898
0.035117 2.55 0.051206
0.035376 2.3442 0.049359
0.035637 3.038 0.056901
0.035899 2.2559 0.046993
0.036164 2.854 0.05258
0.03643 2.5669 0.052185
0.036699 2.8978 0.050491
0.036969 2.6011 0.050447
0.037241 3.1604 0.054668
0.037516 2.5476 0.049449
0.037792 3.006 0.051204
0.038071 2.7534 0.049439
0.038351 3.3427 0.055959
0.038634 2.6827 0.046784
0.038919 3.2057 0.052754
0.039205 2.7533 0.048083
0.039494 3.3544 0.054551
0.039785 2.8589 0.046276
0.040079 3.0908 0.050724
0.040374 2.9663 0.047759
0.040671 3.2325 0.052193
0.040971 3.2147 0.04906
0.041273 2.8894 0.046871
0.041577 3.0908 0.047755
0.041883 2.9843 0.047453
0.042192 3.315 0.05029
0.042503 2.786 0.043624
0.042816 3.1261 0.047089
0.043132 3.1008 0.045784
0.04345 2.8135 0.044681
0.04377 3.2485 0.047334
0.044092 2.7874 0.043129
0.044417 3.06 0.045032
0.044744 2.7951 0.041566
0.045074 2.7761 0.042344
0.045406 2.8314 0.042358
0.045741 2.6046 0.040316
0.046078 2.7276 0.041127
0.046417 2.6537 0.039958
0.04676 2.3667 0.038199
0.047104 2.4346 0.037395
0.047451 2.3476 0.03621
0.047801 2.2219 0.03553
0.048153 2.3198 0.036199
0.048508 2.0137 0.032827
0.048865 1.9965 0.033041
0.049225 2.109 0.033864
0.049588 1.8175 0.03075
0.049954 1.7884 0.030545
0.050322 1.8701 0.031683
0.050693 1.7467 0.029258
0.051066 1.563 0.028061
0.051442 1.647 0.028448
0.051821 1.4684 0.026644
0.052203 1.3949 0.025911
0.052588 1.433 0.025863
0.052975 1.3225 0.024912
0.053366 1.1998 0.023413
0.053759 1.242 0.023684
0.054155 1.1694 0.022858
0.054554 1.0831 0.021357
0.054956 1.0396 0.021216
0.055361 1.0192 0.020723
0.055769 0.99507 0.020693
0.05618 0.93637 0.019608
0.056594 0.83913 0.01846
0.057011 0.85168 0.018432
0.057431 0.83177 0.018362
0.057854 0.7599 0.017171
0.058281 0.71303 0.016735
0.05871 0.70614 0.016283
0.059143 0.65655 0.015692
0.059579 0.68111 0.015892
0.060018 0.6084 0.014801
0.06046 0.58869 0.014527
0.060905 0.58108 0.014306
0.061354 0.56087 0.014087
0.061806 0.55863 0.013859
0.062262 0.52937 0.013417
0.062721 0.51088 0.012982
0.063183 0.52413 0.013275
0.063648 0.49795 0.012724
0.064117 0.50509 0.012557
0.06459 0.48187 0.012306
0.065066 0.51126 0.012584
0.065545 0.49813 0.012436
0.066028 0.46811 0.012005
0.066515 0.46214 0.011581
0.067005 0.4676 0.011755
0.067499 0.45039 0.011592
0.067996 0.45925 0.011398
0.068497 0.44856 0.011101
0.069002 0.44695 0.011263
0.06951 0.45112 0.011036
0.070023 0.44779 0.010911
0.070539 0.44027 0.010905
0.071058 0.4649 0.010928
0.071582 0.42737 0.010415
0.072109 0.44094 0.010656
0.072641 0.46425 0.010748
0.073176 0.46388 0.010698
0.073715 0.45897 0.01056
0.074258 0.4513 0.010297
0.074806 0.46726 0.010555
0.075357 0.46968 0.010454
0.075912 0.49221 0.010626
0.076472 0.51229 0.010616
0.077035 0.50789 0.010689
0.077603 0.53618 0.010835
0.078175 0.56395 0.01098
0.078751 0.56606 0.01096
0.079331 0.58477 0.011062
0.079916 0.63082 0.011418
0.080504 0.62621 0.011358
0.081098 0.67117 0.011397
0.081695 0.73278 0.012203
0.082297 0.75261 0.011871
0.082904 0.79218 0.012358
0.083515 0.85289 0.01248
0.08413 0.88984 0.012866
0.08475 0.93477 0.013136
0.085374 1.0084 0.013409
0.086004 1.0821 0.013978
0.086637 1.1039 0.013691
0.087276 1.1299 0.013758
0.087919 1.1605 0.014095
0.088567 1.2031 0.014164
0.089219 1.2278 0.014232
0.089877 1.259 0.014203
0.090539 1.2659 0.014131
0.091206 1.2921 0.014164
0.091878 1.2997 0.014244
0.092555 1.3602 0.014449
0.093237 1.3305 0.014007
0.093924 1.3329 0.013939
0.094616 1.2725 0.013715
0.095314 1.2103 0.013122
0.096016 1.1584 0.01276
0.096724 1.1047 0.012524
0.097436 1.0651 0.01218
0.098154 1.0438 0.011729
0.098878 1.0009 0.01159
0.099606 0.93702 0.011181
0.10034 0.90639 0.010729
0.10108 0.85729 0.010514
0.10182 0.82256 0.010185
0.10257 0.77632 0.0097626
0.10333 0.73887 0.0095912
0.10409 0.69909 0.0090991
0.10486 0.6688 0.0089703
0.10563 0.62549 0.0085554
0.10641 0.60855 0.0084018
0.10719 0.57281 0.0081525
0.10798 0.5613 0.007869
0.10878 0.54571 0.0078741
0.10958 0.5358 0.0075872
0.11039 0.53869 0.0076902
0.1112 0.53929 0.007504
0.11202 0.55088 0.0076951
0.11285 0.59358 0.0077427
0.11368 0.62527 0.0080193
0.11452 0.66054 0.0080237
0.11536 0.67716 0.0082262
0.11621 0.73715 0.0084369
0.11707 0.78005 0.008627
0.11793 0.80485 0.0087108
0.1188 0.8342 0.0087405
0.11967 0.85996 0.0089352
0.12056 0.88534 0.0088609
0.12144 0.8885 0.008836
0.12234 0.91116 0.0090096
0.12324 0.92211 0.0088263
0.12415 0.93696 0.0088947
0.12506 0.95188 0.0090172
0.12598 0.94568 0.0087345
0.12691 0.9552 0.0088006
0.12785 0.98078 0.0088522
0.12879 0.96558 0.0087498
0.12974 0.99241 0.0087366
0.1307 1.018 0.008798
0.13166 1.0454 0.0088919
0.13263 1.0268 0.0087447
0.13361 1.074 0.0088317
0.13459 1.0825 0.0088241
0.13558 1.1062 0.0088168
0.13658 1.1307 0.0089617
0.13759 1.1418 0.0088392
0.1386 1.1524 0.008837
0.13962 1.1744 0.0088749
0.14065 1.1732 0.0087605
0.14169 1.2032 0.0088235
0.14273 1.2332 0.0088992
0.14378 1.2283 0.0087711
0.14484 1.2538 0.0088207
0.14591 1.2976 0.0088966
0.14699 1.3492 0.009049
0.14807 1.3903 0.0090861
0.14916 1.4179 0.0090996
0.15026 1.4796 0.0092121
0.15137 1.5256 0.0093232
0.15248 1.5478 0.0092826
0.15361 1.5547 0.0092701
0.15474 1.59 0.0092791
0.15588 1.5885 0.0092362
0.15703 1.5945 0.0091619
0.15818 1.5513 0.0089784
0.15935 1.518 0.0088246
0.16052 1.4727 0.0085964
0.16171 1.4436 0.0084702
0.1629 1.398 0.0082903
0.1641 1.3499 0.0080753
0.16531 1.2731 0.0078057
0.16653 1.2385 0.0076157
0.16775 1.1664 0.007343
0.16899 1.1213 0.0071471
0.17023 1.0465 0.0068751
0.17149 0.99572 0.006648
0.17275 0.95032 0.006433
0.17403 0.91161 0.0062746
0.17531 0.84688 0.0060151
0.1766 0.78863 0.0057291
0.1779 0.69334 0.0053638
0.17921 0.56302 0.0047862
0.18053 0.43571 0.0042079
0.18186 0.37541 0.00387
0.1832 0.34361 0.0036856
0.18455 0.32259 0.0035491
0.18591 0.31401 0.0034737
0.18728 0.30582 0.0033982
0.18866 0.28728 0.0032923
0.19005 0.27933 0.0031937
0.19145 0.27971 0.0032032
0.19286 0.26859 0.0030986
0.19429 0.25714 0.0030163
0.19572 0.24477 0.0029308
