#
0.0050184 11.284 1.8182
0.0050554 9.3982 1.8557
0.0050926 7.5747 1.6678
0.0051301 10.424 1.7469
0.0051679 9.1526 1.4957
0.005206 6.498 2.1836
0.0052444 8.664 3.5659
0.005283 NaN NaN
0.005322 7.7153 1.941
0.0053612 8.6552 1.7829
0.0054007 6.0077 1.2131
0.0054405 10.421 1.2353
0.0054806 9.1526 1.4957
0.005521 5.7559 1.1886
0.0055616 8.3668 1.5679
0.0056026 8.9662 1.6211
0.0056439 7.466 1.3509
0.0056855 12.551 2.4743
0.0057274 7.1982 2.3018
0.0057696 5.0398 1.3618
0.0058121 9.0267 1.8197
0.0058549 4.9566 0.9006
0.0058981 9.6395 2.1701
0.0059416 7.2158 1.6276
0.0059853 7.0017 1.2126
0.0060294 10.122 2.7235
0.0060739 7.1048 0.89586
0.0061186 7.2171 1.6276
0.0061637 6.4961 1.0918
0.0062091 9.9597 1.2736
0.0062549 4.5859 1.1646
0.006301 4.2968 1.783
0.0063474 5.7594 1.0294
0.0063942 5.4112 1.4095
0.0064413 4.2943 1.783
0.0064888 3.5765 1.6276
0.0065366 5.2008 0.76772
0.0065847 5.5112 0.8228
0.0066333 5.486 0.85768
0.0066821 5.3481 1.0604
0.0067314 4.595 1.1646
0.006781 2.566 0.87348
0.006831 6.8469 1.5864
0.0068813 5.3842 0.99671
0.006932 3.0519 0.80547
0.0069831 7.2318 1.8794
0.0070345 3.8902 0.90652
0.0070864 4.4835 0.64337
0.0071386 5.7681 0.87786
0.0071912 3.8333 1.3725
0.0072442 4.8528 0.94556
0.0072976 3.0112 0.70508
0.0073513 3.5756 0.66448
0.0074055 5.5636 1.0132
0.0074601 4.0077 1.0894
0.0075151 2.1132 1.2608
0.0075704 3.9912 0.80877
0.0076262 4.2986 0.6739
0.0076824 2.978 0.63471
0.007739 2.367 0.62648
0.0077961 4.7347 0.64083
0.0078535 2.6245 0.74986
0.0079114 3.5872 0.81381
0.0079697 1.8806 0.97055
0.0080284 3.7205 1.0498
0.0080876 4.7594 0.73432
0.0081471 3.7907 0.57446
0.0082072 4.4333 0.77169
0.0082677 2.4345 0.50943
0.0083286 4.1713 0.74865
0.00839 3.3288 0.90785
0.0084518 3.6587 0.77575
0.0085141 2.3997 0.52526
0.0085768 2.7414 0.54033
0.00864 2.568 0.87348
0.0087037 4.033 0.73687
0.0087678 3.276 0.53479
0.0088324 3.263 0.51787
0.0088975 5.1884 0.87347
0.0089631 2.229 0.48774
0.0090291 2.8481 0.65106
0.0090956 2.9848 0.63471
0.0091627 2.8536 1.4558
0.0092302 2.7647 0.46607
0.0092982 2.5476 0.39777
0.0093667 2.3959 0.47279
0.0094357 2.841 1.0294
0.0095053 2.7615 0.46607
0.0095753 3.0095 0.70508
0.0096459 2.7544 0.52265
0.0097169 3.0904 0.6186
0.0097885 2.914 0.45459
0.0098607 3.392 0.56089
0.0099333 2.8517 0.68627
0.010007 2.9085 0.41586
0.01008 2.1144 0.44576
0.010155 1.8266 0.52491
0.010229 2.1182 0.51471
0.010305 3.6605 0.58261
0.010381 2.505 0.46905
0.010457 2.3292 0.36718
0.010534 2.1812 0.38586
0.010612 3.3876 0.79321
0.01069 2.0241 0.43637
0.010769 2.3575 0.48528
0.010848 2.0859 0.38599
0.010928 3.0545 0.46504
0.011009 2.0943 0.35422
0.01109 2.7329 0.55993
0.011171 1.3229 0.31004
0.011254 2.1977 0.42797
0.011337 1.3979 0.38909
0.01142 1.7297 0.34385
0.011504 2.3926 0.35141
0.011589 1.5169 0.31649
0.011675 1.8495 0.38312
0.011761 1.7877 0.38789
0.011847 2.4468 0.57689
0.011935 2.1146 0.33696
0.012023 2.5672 0.34648
0.012111 1.683 0.35661
0.0122 2.0123 0.37971
0.01229 2.1235 0.38014
0.012381 1.4539 0.30331
0.012472 1.5861 0.33088
0.012564 2.0587 0.34517
0.012657 1.8204 0.319
0.01275 1.9455 0.3175
0.012844 1.5549 0.36171
0.012938 1.4986 0.2963
0.013034 1.9611 0.35806
0.01313 1.989 0.26053
0.013227 1.015 0.24115
0.013324 1.2176 0.33169
0.013422 2.0628 0.33293
0.013521 2.1903 0.40529
0.013621 1.5712 0.24416
0.013721 1.8172 0.29702
0.013822 2.0291 0.3494
0.013924 1.1511 0.22151
0.014027 1.4801 0.37517
0.01413 1.9589 0.28596
0.014234 1.586 0.25123
0.014339 1.1913 0.22259
0.014445 1.1213 0.25292
0.014551 1.4763 0.36334
0.014658 1.1548 0.19025
0.014766 1.5569 0.25577
0.014875 0.96543 0.22029
0.014985 1.3416 0.25723
0.015095 1.1476 0.22151
0.015206 1.394 0.24968
0.015319 1.5727 0.24083
0.015431 1.8707 0.2506
0.015545 1.1785 0.2306
0.01566 0.95248 0.23505
0.015775 1.6057 0.24344
0.015891 1.647 0.22112
0.016008 2.0307 0.30856
0.016126 1.1979 0.22009
0.016245 1.6052 0.26741
0.016365 2.0203 0.23947
0.016486 1.4236 0.23013
0.016607 1.0454 0.17828
0.016729 1.6829 0.29117
0.016853 0.9428 0.17905
0.016977 1.3933 0.20386
0.017102 1.4574 0.21927
0.017228 0.99424 0.21614
0.017355 1.2388 0.18101
0.017483 1.5722 0.22289
0.017612 1.5573 0.22877
0.017741 1.6304 0.22432
0.017872 1.5785 0.22551
0.018004 1.6499 0.22628
0.018136 1.6855 0.19961
0.01827 1.1897 0.20397
0.018405 1.3498 0.23305
0.01854 1.3885 0.16925
0.018677 1.4868 0.21661
0.018815 1.2488 0.19195
0.018953 1.3068 0.19254
0.019093 1.4401 0.19106
0.019234 1.5948 0.19436
0.019375 1.5903 0.21505
0.019518 1.3349 0.19983
0.019662 1.3131 0.16357
0.019807 1.6597 0.20646
0.019953 1.5599 0.21553
0.0201 1.583 0.18787
0.020248 1.2052 0.16146
0.020397 1.0573 0.1627
0.020547 1.3152 0.1877
0.020699 1.4973 0.18293
0.020851 1.3922 0.1638
0.021005 1.2933 0.18301
0.02116 1.0901 0.15734
0.021316 1.4113 0.16176
0.021473 1.3466 0.17912
0.021631 1.332 0.1691
0.02179 1.4513 0.17387
0.021951 1.9254 0.18447
0.022113 1.7738 0.19855
0.022276 1.6843 0.19062
0.02244 1.8372 0.16915
0.022605 1.321 0.18037
0.022772 1.2853 0.15479
0.02294 1.5041 0.15746
0.023109 1.5648 0.16916
0.023279 1.5055 0.1874
0.02345 1.6481 0.16026
0.023623 1.8841 0.17386
0.023797 1.3712 0.17277
0.023973 1.4459 0.14622
0.024149 1.8813 0.17845
0.024327 1.4859 0.15757
0.024507 1.4683 0.15676
0.024687 1.5555 0.14843
0.024869 1.5279 0.16518
0.025052 1.5413 0.14781
0.025237 1.6798 0.16704
0.025423 1.8008 0.1682
0.02561 1.756 0.15548
0.025799 1.9154 0.16344
0.025989 1.8126 0.17836
0.026181 1.917 0.15572
0.026373 2.1245 0.17105
0.026568 1.8147 0.16077
0.026764 2.0655 0.16272
0.026961 2.1589 0.17155
0.027159 1.7328 0.15721
0.02736 2.1007 0.1552
0.027561 2.0024 0.17188
0.027764 1.6601 0.13642
0.027969 2.2259 0.17032
0.028175 2.012 0.15621
0.028383 2.3033 0.16888
0.028592 2.2548 0.16382
0.028802 1.9523 0.151
0.029015 2.3383 0.15761
0.029228 2.2016 0.1645
0.029444 2.266 0.15407
0.029661 2.5245 0.1641
0.029879 1.9256 0.15047
0.0301 2.7028 0.16283
0.030321 2.3809 0.17087
0.030545 2.2619 0.14464
0.03077 2.3287 0.15565
0.030997 2.3495 0.15965
0.031225 2.4712 0.14735
0.031455 2.3218 0.15816
0.031687 2.6486 0.1529
0.03192 2.4781 0.15711
0.032156 2.3485 0.14813
0.032393 3.1745 0.16651
0.032631 2.2873 0.14715
0.032872 3.0137 0.16052
0.033114 2.3946 0.14605
0.033358 2.8641 0.15885
0.033604 2.9027 0.1554
0.033851 2.9083 0.15217
0.034101 3.183 0.1741
0.034352 3.0077 0.14703
0.034605 3.2014 0.16577
0.03486 3.2194 0.15779
0.035117 3.5985 0.16494
0.035376 2.9135 0.14954
0.035637 3.8573 0.1738
0.035899 3.1364 0.15043
0.036164 3.4342 0.15652
0.03643 3.0595 0.15478
0.036699 3.4516 0.14951
0.036969 3.1224 0.1501
0.037241 3.9888 0.16646
0.037516 3.2558 0.15174
0.037792 3.9346 0.15883
0.038071 3.4943 0.1511
0.038351 4.2944 0.17185
0.038634 3.5369 0.14571
0.038919 3.9023 0.15777
0.039205 3.5421 0.14798
0.039494 4.6245 0.17342
0.039785 4.4916 0.15706
0.040079 4.3314 0.16267
0.040374 4.4585 0.15855
0.040671 4.5775 0.16817
0.040971 4.467 0.15659
0.041273 4.2149 0.15335
0.041577 5.2316 0.16806
0.041883 4.777 0.1625
0.042192 5.0082 0.16728
0.042503 4.7125 0.15356
0.042816 5.0914 0.16261
0.043132 5.0739 0.15847
0.04345 4.8557 0.15885
0.04377 5.6418 0.16865
0.044092 5.448 0.16307
0.044417 5.9499 0.16974
0.044744 5.862 0.1627
0.045074 6.0485 0.16891
0.045406 7.0081 0.17997
0.045741 7.3451 0.18278
0.046078 7.5859 0.18515
0.046417 8.3179 0.1909
0.04676 9.5013 0.20637
0.047104 10.737 0.21168
0.047451 12.899 0.22866
0.047801 14.695 0.24606
0.048153 16.298 0.25834
0.048508 16.524 0.25312
0.048865 17.534 0.26352
0.049225 17.611 0.26339
0.049588 16.214 0.24717
0.049954 14.882 0.23716
0.050322 14.148 0.2346
0.050693 12.181 0.20804
0.051066 10.88 0.19935
0.051442 10.564 0.19405
0.051821 9.6655 0.1841
0.052203 10.08 0.18754
0.052588 10.471 0.18823
0.052975 11.921 0.20124
0.053366 13.66 0.21241
0.053759 15.588 0.22556
0.054155 17.637 0.23854
0.054554 18.368 0.23623
0.054956 17.237 0.23203
0.055361 15.556 0.21746
0.055769 13.631 0.20577
0.05618 11.695 0.1862
0.056594 9.5571 0.1674
0.057011 8.3365 0.15504
0.057431 6.7792 0.14105
0.057854 5.7779 0.12744
0.058281 4.9999 0.11934
0.05871 4.3986 0.10953
0.059143 4.0083 0.10452
0.059579 3.542 0.097821
0.060018 3.1289 0.090638
0.06046 2.9595 0.087991
0.060905 2.7911 0.084736
0.061354 2.5766 0.081667
0.061806 2.473 0.078913
0.062262 2.2841 0.075469
0.062721 2.1507 0.07217
0.063183 2.1874 0.073477
0.063648 2.1 0.070798
0.064117 2.0227 0.068133
0.06459 1.9114 0.066477
0.065066 2.0114 0.06769
0.065545 1.8893 0.065745
0.066028 1.8384 0.064561
0.066515 1.6977 0.06032
0.067005 1.7273 0.06138
0.067499 1.8657 0.063987
0.067996 1.6453 0.05865
0.068497 1.676 0.05831
0.069002 1.7089 0.059807
0.06951 1.6333 0.057086
0.070023 1.6214 0.056452
0.070539 1.5835 0.056242
0.071058 1.6833 0.056504
0.071582 1.5892 0.054587
0.072109 1.5752 0.054772
0.072641 1.677 0.055516
0.073176 1.5148 0.052646
0.073715 1.5388 0.052635
0.074258 1.5711 0.052264
0.074806 1.6372 0.053729
0.075357 1.5708 0.052027
0.075912 1.6853 0.053465
0.076472 1.5655 0.05054
0.077035 1.5473 0.050826
0.077603 1.6308 0.05145
0.078175 1.6385 0.050977
0.078751 1.6838 0.05146
0.079331 1.747 0.052034
0.079916 1.6684 0.050598
0.080504 1.6629 0.050423
0.081098 1.6598 0.048858
0.081695 1.6622 0.050138
0.082297 1.7804 0.049757
0.082904 1.7676 0.050309
0.083515 1.7181 0.048329
0.08413 1.6904 0.048402
0.08475 1.7472 0.049009
0.085374 1.7838 0.048671
0.086004 1.8132 0.049356
0.086637 1.9122 0.049134
0.087276 2.0115 0.050003
0.087919 2.0462 0.050984
0.088567 2.0945 0.050899
0.089219 2.0911 0.050584
0.089877 2.2052 0.051159
0.090539 2.1658 0.050324
0.091206 2.2888 0.051275
0.091878 2.4328 0.052967
0.092555 2.4758 0.052991
0.093237 2.4642 0.051806
0.093924 2.5023 0.051904
0.094616 2.4555 0.051778
0.095314 2.5002 0.051235
0.096016 2.4864 0.050788
0.096724 2.478 0.05095
0.097436 2.4195 0.04987
0.098154 2.3338 0.047662
0.098878 2.3636 0.04838
0.099606 2.2314 0.046903
0.10034 2.3039 0.046459
0.10108 2.1585 0.045343
0.10182 2.2352 0.045604
0.10257 2.1166 0.043803
0.10333 2.1339 0.044277
0.10409 2.1982 0.043795
0.10486 2.2219 0.04436
0.10563 2.4001 0.045398
0.10641 2.5023 0.046117
0.10719 2.8275 0.048937
0.10798 3.2059 0.050738
0.10878 3.4038 0.053014
0.10958 3.3077 0.050826
0.11039 2.9753 0.048781
0.1112 2.6231 0.044733
0.11202 2.3088 0.042654
0.11285 2.0488 0.039036
0.11368 1.9014 0.038006
0.11452 1.7003 0.035064
0.11536 1.5867 0.034352
0.11621 1.5575 0.033486
0.11707 1.4453 0.03212
0.11793 1.4649 0.032141
0.1188 1.3424 0.030396
0.11967 1.3172 0.030327
0.12056 1.3126 0.029599
0.12144 1.3068 0.029399
0.12234 1.3016 0.02955
0.12324 1.267 0.028411
0.12415 1.25 0.028224
0.12506 1.2093 0.027944
0.12598 1.1703 0.026738
0.12691 1.1142 0.026187
0.12785 1.1465 0.026361
0.12879 1.1744 0.026562
0.12974 1.1326 0.025706
0.1307 1.1145 0.025371
0.13166 1.1214 0.025385
0.13263 1.1498 0.025482
0.13361 1.1322 0.024982
0.13459 1.1087 0.024619
0.13558 1.0534 0.023752
0.13658 1.127 0.02466
0.13759 1.0809 0.023725
0.1386 1.0477 0.023272
0.13962 1.0355 0.023024
0.14065 1.0796 0.023188
0.14169 1.0854 0.02313
0.14273 1.0677 0.022859
0.14378 1.0559 0.022458
0.14484 1.0867 0.022666
0.14591 0.98441 0.021451
0.14699 1.0196 0.021756
0.14807 1.0113 0.021437
0.14916 0.98334 0.020984
0.15026 1.0018 0.020973
0.15137 0.97043 0.020598
0.15248 0.92725 0.019927
0.15361 0.94318 0.020014
0.15474 0.91265 0.019518
0.15588 0.96664 0.01996
0.15703 0.94409 0.019544
0.15818 0.94666 0.019441
0.15935 0.95859 0.019431
0.16052 0.96775 0.0193
0.16171 0.97044 0.019239
0.1629 0.99653 0.019366
0.1641 1.0278 0.019481
0.16531 0.97 0.018863
0.16653 0.97143 0.018669
0.16775 0.89267 0.017829
0.16899 0.86186 0.017409
0.17023 0.83424 0.017067
0.17149 0.7806 0.0164
0.17275 0.75877 0.016027
0.17403 0.69538 0.015333
0.17531 0.71999 0.015491
0.1766 0.70978 0.015183
0.1779 0.66368 0.014689
0.17921 0.6515 0.014401
0.18053 0.645 0.014298
0.18186 0.62967 0.013989
0.1832 0.59458 0.013555
0.18455 0.58602 0.013375
0.18591 0.59476 0.013354
0.18728 0.56935 0.01297
0.18866 0.56255 0.012883
0.19005 0.49989 0.012019
0.19145 0.51899 0.01225
0.19286 0.50915 0.011986
0.19429 0.50146 0.011835
0.19572 0.45911 0.011333
