#
0.0050184 240.88 4.7281
0.0050554 490.53 7.5434
0.0050926 412.81 6.9201
0.0051301 185.58 4.1501
0.0051679 383.23 5.4441
0.005206 583.91 11.639
0.0052444 593.89 16.6
0.005283 NaN NaN
0.005322 166.4 5.0733
0.0053612 202.85 4.8511
0.0054007 268.25 4.5547
0.0054405 265.75 3.5116
0.0054806 322.14 4.9913
0.005521 412.47 5.6479
0.0055616 179.45 4.081
0.0056026 348.53 5.6872
0.0056439 265.62 4.5323
0.0056855 227.64 5.9339
0.0057274 510.13 10.879
0.0057696 120.16 3.7336
0.0058121 270.14 5.598
0.0058549 155.21 2.8289
0.0058981 302.35 6.8385
0.0059416 323.73 6.1281
0.0059853 164.5 3.3023
0.0060294 132.68 5.5485
0.0060739 202.78 2.6904
0.0061186 184.42 4.6254
0.0061637 192.83 3.3444
0.0062091 166.71 2.9318
0.0062549 276.98 5.07
0.006301 66.56 3.9303
0.0063474 125.43 2.6974
0.0063942 204.84 4.8747
0.0064413 273.96 7.9727
0.0064888 120.39 5.2852
0.0065366 96.633 1.8573
0.0065847 148.8 2.3988
0.0066333 142.08 2.4483
0.0066821 187.37 3.5243
0.0067314 97.418 3.007
0.006781 121.55 3.3587
0.006831 111.68 3.5997
0.0068813 110.87 2.5361
0.006932 100.13 2.5766
0.0069831 141.66 4.681
0.0070345 111.07 2.7136
0.0070864 81.207 1.5348
0.0071386 120.49 2.2546
0.0071912 141.66 4.681
0.0072442 96.143 2.3616
0.0072976 63.959 1.8162
0.0073513 109.17 2.0548
0.0074055 66.558 1.9651
0.0074601 123.86 3.3906
0.0075151 35.705 2.879
0.0075704 64.323 1.8213
0.0076262 80.315 1.6317
0.0076824 63.883 1.6418
0.007739 84.531 2.0878
0.0077961 70.371 1.3861
0.0078535 86.344 2.3927
0.0079114 65.87 1.9548
0.0079697 97.11 3.8759
0.0080284 42.76 1.9925
0.0080876 52.77 1.3726
0.0081471 58.17 1.2602
0.0082072 50.385 1.4581
0.0082677 55.858 1.3609
0.0083286 62.872 1.6288
0.00839 75.996 2.4246
0.0084518 38.75 1.4138
0.0085141 51.269 1.353
0.0085768 42.666 1.1894
0.00864 50.373 2.1624
0.0087037 46.335 1.3984
0.0087678 38.382 1.0238
0.0088324 46.073 1.09
0.0088975 40.768 1.3756
0.0089631 43.663 1.2032
0.0090291 34.222 1.2605
0.0090956 40.77 1.3117
0.0091627 46.845 3.2973
0.0092302 29.991 0.85612
0.0092982 36.037 0.83491
0.0093667 36.984 1.0359
0.0094357 37.329 2.0815
0.0095053 30.454 0.86271
0.0095753 39.574 1.4287
0.0096459 25.717 0.89224
0.0097169 33.194 1.1333
0.0097885 25.653 0.75318
0.0098607 34.982 1.0075
0.0099333 30.398 1.2523
0.010007 25.24 0.6847
0.01008 29.529 0.92572
0.010155 25.499 1.0882
0.010229 22.599 0.93521
0.010305 25.497 0.86027
0.010381 22.197 0.77871
0.010457 22.782 0.63798
0.010534 21.343 0.67127
0.010612 27.585 1.2654
0.01069 17.349 0.70975
0.010769 23.735 0.85724
0.010848 17.788 0.62728
0.010928 20.351 0.6709
0.011009 20.285 0.61388
0.01109 22.215 0.89087
0.011171 15.822 0.59164
0.011254 19.441 0.7083
0.011337 14.863 0.70228
0.01142 16.116 0.58334
0.011504 15.53 0.49883
0.011589 17.167 0.58885
0.011675 15.682 0.61925
0.011761 15.418 0.63089
0.011847 17.568 0.86137
0.011935 12.489 0.45533
0.012023 13.491 0.44266
0.012111 15.523 0.60051
0.0122 12.97 0.53578
0.01229 13.395 0.53189
0.012381 12.16 0.48526
0.012472 12.844 0.5209
0.012564 11.542 0.45429
0.012657 11.012 0.43543
0.01275 11.196 0.42362
0.012844 12.276 0.56299
0.012938 10.132 0.4257
0.013034 11.438 0.4808
0.01313 9.9139 0.32366
0.013227 9.5691 0.40595
0.013324 10.678 0.54039
0.013422 8.5951 0.37789
0.013521 9.6764 0.47432
0.013621 8.5163 0.3147
0.013721 9.6646 0.38072
0.013822 8.312 0.39328
0.013924 8.4739 0.33087
0.014027 9.3457 0.52119
0.01413 8.1514 0.32453
0.014234 8.1248 0.31535
0.014339 7.7535 0.31226
0.014445 6.7331 0.34068
0.014551 6.639 0.42635
0.014658 6.2485 0.24364
0.014766 7.7784 0.31702
0.014875 7.133 0.32724
0.014985 6.3698 0.30929
0.015095 5.8564 0.27523
0.015206 6.8175 0.30546
0.015319 6.0127 0.26128
0.015431 6.0096 0.24939
0.015545 6.3667 0.29523
0.01566 6.2325 0.32787
0.015775 5.0613 0.23981
0.015891 5.5107 0.22434
0.016008 5.6787 0.28745
0.016126 5.1439 0.25114
0.016245 5.4655 0.27362
0.016365 5.2927 0.21569
0.016486 5.2296 0.24378
0.016607 4.8004 0.20945
0.016729 4.403 0.26157
0.016853 4.2546 0.20771
0.016977 4.9931 0.21356
0.017102 4.3984 0.21111
0.017228 4.0992 0.24068
0.017355 4.3229 0.18642
0.017483 4.4355 0.20755
0.017612 4.4249 0.21407
0.017741 3.9665 0.1943
0.017872 3.9387 0.1977
0.018004 3.9633 0.1943
0.018136 4.1622 0.17415
0.01827 3.9014 0.2034
0.018405 4.0446 0.22282
0.01854 3.8473 0.15575
0.018677 4.1376 0.20046
0.018815 3.8156 0.18504
0.018953 3.5958 0.17631
0.019093 3.2198 0.1583
0.019234 3.4663 0.15901
0.019375 3.6746 0.18156
0.019518 3.3278 0.17453
0.019662 3.1221 0.13944
0.019807 3.0456 0.15531
0.019953 3.5178 0.17945
0.0201 2.9201 0.14166
0.020248 3.2008 0.14511
0.020397 2.7169 0.14318
0.020547 2.9753 0.15616
0.020699 3.2135 0.14856
0.020851 3.1749 0.13699
0.021005 2.8659 0.15066
0.02116 2.4014 0.12857
0.021316 2.8887 0.12829
0.021473 2.6042 0.13794
0.021631 2.8426 0.13678
0.02179 2.6619 0.13058
0.021951 2.699 0.12182
0.022113 2.8513 0.14001
0.022276 2.3796 0.12612
0.02244 2.6712 0.11351
0.022605 2.7261 0.14338
0.022772 2.3732 0.11638
0.02294 2.9407 0.1222
0.023109 2.612 0.12133
0.023279 2.5144 0.1345
0.02345 2.4914 0.10961
0.023623 2.6392 0.1146
0.023797 2.1937 0.12115
0.023973 2.6187 0.10906
0.024149 2.6329 0.11763
0.024327 2.1206 0.1045
0.024507 2.2527 0.10769
0.024687 2.6641 0.10789
0.024869 2.4358 0.1158
0.025052 2.3343 0.10105
0.025237 2.5138 0.11368
0.025423 2.401 0.10819
0.02561 2.344 0.099915
0.025799 2.7029 0.10818
0.025989 2.3313 0.11266
0.026181 2.5841 0.10078
0.026373 2.5971 0.10557
0.026568 2.2944 0.10068
0.026764 2.4351 0.098674
0.026961 2.2826 0.09857
0.027159 2.3777 0.10248
0.02736 2.7453 0.098991
0.027561 2.5307 0.10775
0.027764 2.3268 0.08983
0.027969 2.7431 0.10561
0.028175 2.4375 0.095919
0.028383 2.7781 0.10361
0.028592 2.5711 0.097715
0.028802 2.2302 0.09
0.029015 2.8548 0.097293
0.029228 2.554 0.098965
0.029444 2.5881 0.092011
0.029661 2.674 0.094507
0.029879 2.4952 0.095503
0.0301 3.1969 0.099112
0.030321 2.7062 0.10185
0.030545 2.7174 0.088565
0.03077 2.9464 0.097795
0.030997 2.6016 0.093912
0.031225 3.1515 0.093048
0.031455 2.6562 0.094542
0.031687 3.0545 0.091891
0.03192 3.0017 0.096696
0.032156 2.8715 0.091576
0.032393 3.1846 0.093527
0.032631 2.688 0.089179
0.032872 3.1847 0.092461
0.033114 2.6498 0.085894
0.033358 3.5433 0.098925
0.033604 2.8124 0.085707
0.033851 3.2099 0.089541
0.034101 3.299 0.099372
0.034352 2.9 0.080921
0.034605 3.5203 0.097454
0.03486 3.1747 0.087877
0.035117 3.6708 0.093482
0.035376 2.9522 0.084333
0.035637 4.0063 0.099431
0.035899 3.1194 0.084106
0.036164 3.7718 0.091987
0.03643 3.2929 0.089971
0.036699 3.7507 0.087418
0.036969 2.9978 0.082462
0.037241 3.9184 0.092637
0.037516 2.9779 0.081403
0.037792 4.0605 0.090556
0.038071 3.2255 0.081465
0.038351 4.2998 0.096575
0.038634 3.1846 0.0776
0.038919 4.0041 0.089722
0.039205 3.2327 0.079324
0.039494 4.1438 0.092266
0.039785 3.4914 0.077841
0.040079 3.6893 0.084353
0.040374 3.5802 0.079863
0.040671 3.5832 0.08365
0.040971 4.0822 0.084126
0.041273 3.1629 0.074667
0.041577 4.0694 0.08338
0.041883 3.4449 0.077613
0.042192 4.1328 0.085449
0.042503 3.363 0.072959
0.042816 3.899 0.080035
0.043132 3.897 0.078113
0.04345 3.4121 0.0749
0.04377 3.9119 0.07905
0.044092 3.4821 0.073375
0.044417 3.8413 0.076785
0.044744 3.5838 0.071632
0.045074 3.4688 0.072045
0.045406 3.7675 0.074356
0.045741 3.1902 0.067925
0.046078 3.4317 0.070217
0.046417 3.5031 0.069873
0.04676 3.0454 0.06596
0.047104 3.3546 0.066806
0.047451 3.2 0.064342
0.047801 2.8864 0.061651
0.048153 3.1589 0.064293
0.048508 2.7161 0.058041
0.048865 2.7198 0.05871
0.049225 2.9288 0.060744
0.049588 2.5964 0.05595
0.049954 2.5573 0.055606
0.050322 2.5952 0.056819
0.050693 2.3572 0.051756
0.051066 2.2328 0.051069
0.051442 2.5168 0.053528
0.051821 2.097 0.048486
0.052203 1.9917 0.047155
0.052588 2.0964 0.047634
0.052975 1.8991 0.04547
0.053366 1.6887 0.042324
0.053759 1.8118 0.043573
0.054155 1.7489 0.042577
0.054554 1.6012 0.039561
0.054956 1.5648 0.039656
0.055361 1.6658 0.040342
0.055769 1.558 0.039441
0.05618 1.4729 0.037464
0.056594 1.3604 0.035808
0.057011 1.3094 0.03483
0.057431 1.3279 0.03535
0.057854 1.2216 0.033178
0.058281 1.1618 0.032555
0.05871 1.1956 0.032281
0.059143 1.1134 0.031138
0.059579 1.1577 0.031566
0.060018 1.0358 0.029431
0.06046 0.96858 0.028411
0.060905 0.99782 0.028569
0.061354 0.96201 0.028121
0.061806 0.98357 0.028023
0.062262 0.89483 0.026598
0.062721 0.91458 0.026469
0.063183 0.87047 0.026092
0.063648 0.88038 0.025786
0.064117 0.87288 0.025165
0.06459 0.81813 0.024452
0.065066 0.8542 0.024806
0.065545 0.83392 0.024542
0.066028 0.83304 0.024411
0.066515 0.7252 0.022151
0.067005 0.74879 0.022705
0.067499 0.73991 0.022674
0.067996 0.7719 0.022541
0.068497 0.7607 0.022053
0.069002 0.78255 0.022723
0.06951 0.72486 0.021354
0.070023 0.77869 0.021941
0.070539 0.80315 0.022447
0.071058 0.78346 0.021637
0.071582 0.69841 0.020321
0.072109 0.76333 0.02138
0.072641 0.74152 0.020733
0.073176 0.73954 0.020619
0.073715 0.74323 0.020509
0.074258 0.71156 0.019741
0.074806 0.78448 0.020862
0.075357 0.74596 0.020109
0.075912 0.73439 0.019825
0.076472 0.74034 0.019496
0.077035 0.76895 0.020082
0.077603 0.72081 0.019208
0.078175 0.76094 0.019494
0.078751 0.77555 0.019604
0.079331 0.75728 0.019248
0.079916 0.79873 0.019641
0.080504 0.76755 0.01923
0.081098 0.76426 0.01861
0.081695 0.76774 0.019124
0.082297 0.81542 0.018908
0.082904 0.80831 0.019105
0.083515 0.79855 0.018495
0.08413 0.85668 0.01932
0.08475 0.81922 0.018837
0.085374 0.84991 0.018856
0.086004 0.87711 0.019269
0.086637 0.89319 0.018859
0.087276 0.86811 0.018471
0.087919 0.92024 0.019217
0.088567 0.93417 0.019109
0.089219 0.94616 0.019125
0.089877 0.93815 0.018772
0.090539 1.0027 0.019243
0.091206 1.0392 0.019428
0.091878 1.0441 0.019527
0.092555 1.0953 0.019827
0.093237 1.0755 0.019257
0.093924 1.184 0.020074
0.094616 1.2487 0.020747
0.095314 1.3102 0.020837
0.096016 1.4325 0.02164
0.096724 1.5949 0.022928
0.097436 1.8219 0.024249
0.098154 2.0437 0.024965
0.098878 2.2833 0.026608
0.099606 2.4953 0.027716
0.10034 2.698 0.028106
0.10108 2.8308 0.028995
0.10182 2.9717 0.02937
0.10257 3.0161 0.029182
0.10333 2.9847 0.029227
0.10409 2.7046 0.027134
0.10486 2.4324 0.025941
0.10563 2.3282 0.025023
0.10641 2.3706 0.025133
0.10719 2.6683 0.026644
0.10798 3.1911 0.028388
0.10878 3.9196 0.031903
0.10958 5.147 0.035524
0.11039 6.9396 0.041679
0.1112 9.5622 0.047692
0.11202 13.042 0.056511
0.11285 16.329 0.061316
0.11368 17.281 0.063679
0.11452 15.078 0.05793
0.11536 11.27 0.050729
0.11621 7.8261 0.041593
0.11707 5.2519 0.033902
0.11793 3.7978 0.028682
0.1188 3.0054 0.025169
0.11967 2.5939 0.02356
0.12056 2.5068 0.022643
0.12144 2.4955 0.022489
0.12234 2.559 0.022931
0.12324 2.7018 0.022942
0.12415 3.2736 0.025231
0.12506 5.4083 0.032582
0.12598 11.443 0.04601
0.12691 20.631 0.061918
0.12785 25.521 0.068356
0.12879 20.554 0.061112
0.12974 12.031 0.046075
0.1307 6.7745 0.034402
0.13166 4.5387 0.028106
0.13263 3.3705 0.024051
0.13361 2.5239 0.020578
0.13459 1.946 0.018004
0.13558 1.5771 0.01604
0.13658 1.3116 0.014726
0.13759 1.1881 0.013768
0.1386 1.1122 0.013265
0.13962 1.1306 0.013304
0.14065 1.1219 0.013089
0.14169 1.1701 0.013291
0.14273 1.2669 0.01377
0.14378 1.5101 0.014828
0.14484 2.248 0.017971
0.14591 4.0495 0.023868
0.14699 5.7542 0.028363
0.14807 5.3931 0.027166
0.14916 3.6505 0.022186
0.15026 2.3785 0.017776
0.15137 1.9894 0.016218
0.15248 2.07 0.01635
0.15361 2.1411 0.016566
0.15474 2.0044 0.015872
0.15588 1.5871 0.014083
0.15703 1.2473 0.012381
0.15818 1.0257 0.011173
0.15935 0.87606 0.010276
0.16052 0.83899 0.0099494
0.16171 0.7785 0.0095473
0.1629 0.75123 0.00933
0.1641 0.72251 0.0090746
0.16531 0.69116 0.0088376
0.16653 0.6728 0.0086273
0.16775 0.67559 0.0085878
0.16899 0.66866 0.0084815
0.17023 0.66973 0.0084489
0.17149 0.66929 0.008371
0.17275 0.65504 0.0082032
0.17403 0.65804 0.0081866
0.17531 0.64972 0.0080894
0.1766 0.64444 0.0079497
0.1779 0.6135 0.0077449
0.17921 0.59087 0.0075198
0.18053 0.59149 0.007503
0.18186 0.56813 0.0072792
0.1832 0.5815 0.0073203
0.18455 0.58359 0.0072822
0.18591 0.58737 0.0072443
0.18728 0.57489 0.0071041
0.18866 0.55482 0.0069743
0.19005 0.52918 0.0067036
0.19145 0.51701 0.0066443
0.19286 0.50816 0.0065009
0.19429 0.49398 0.0063759
0.19572 0.49283 0.0063373
