#
0.0050184 17.246 1.793
0.0050554 18.319 2.0657
0.0050926 15.761 1.9165
0.0051301 15.21 1.6837
0.0051679 19.17 1.7254
0.005206 14.376 2.588
0.0052444 25.055 4.8306
0.005283 NaN NaN
0.005322 8.6456 1.6397
0.0053612 10.64 1.5763
0.0054007 14.837 1.5181
0.0054405 15.952 1.2192
0.0054806 19.944 1.7598
0.005521 17.93 1.6688
0.0055616 15.011 1.6734
0.0056026 15.952 1.7242
0.0056439 14.064 1.478
0.0056855 21.03 2.5554
0.0057274 15.288 2.6702
0.0057696 8.099 1.375
0.0058121 11.342 1.6269
0.0058549 10.189 1.0278
0.0058981 18.861 2.4203
0.0059416 12.975 1.7392
0.0059853 12.705 1.3012
0.0060294 16.69 2.7889
0.0060739 10.473 0.86703
0.0061186 14.835 1.8593
0.0061637 10.075 1.0839
0.0062091 13.178 1.1686
0.0062549 14.828 1.663
0.006301 5.0681 1.5417
0.0063474 10.069 1.0839
0.0063942 9.0335 1.4514
0.0064413 6.9257 1.8003
0.0064888 9.7211 2.1301
0.0065366 6.5392 0.68592
0.0065847 8.8649 0.83078
0.0066333 7.56 0.80177
0.0066821 9.9228 1.1501
0.0067314 7.5826 1.1905
0.006781 7.9602 1.2192
0.006831 10.415 1.5591
0.0068813 7.8542 0.95827
0.006932 5.5347 0.8607
0.0069831 8.9566 1.6688
0.0070345 6.6013 0.93909
0.0070864 6.5817 0.62038
0.0071386 7.9937 0.82374
0.0071912 8.0259 1.5801
0.0072442 6.3527 0.86181
0.0072976 5.0218 0.72307
0.0073513 7.0866 0.74308
0.0074055 5.7609 0.82171
0.0074601 6.2779 1.0842
0.0075151 4.1384 1.3945
0.0075704 6.7838 0.83917
0.0076262 7.1277 0.69009
0.0076824 6.888 0.76531
0.007739 6.0565 0.79343
0.0077961 6.25 0.58644
0.0078535 5.6602 0.87088
0.0079114 4.4987 0.72571
0.0079697 5.5393 1.3147
0.0080284 4.4212 0.91088
0.0080876 5.3993 0.62343
0.0081471 4.9363 0.52167
0.0082072 5.113 0.66008
0.0082677 4.41 0.54354
0.0083286 4.7767 0.63807
0.00839 5.9993 0.96762
0.0084518 3.8859 0.63676
0.0085141 4.4644 0.56761
0.0085768 4.2076 0.53124
0.00864 5.3585 1.0013
0.0087037 3.6742 0.56061
0.0087678 4.4982 0.49821
0.0088324 4.4596 0.48174
0.0088975 5.1726 0.69569
0.0089631 4.6108 0.55558
0.0090291 3.5851 0.58058
0.0090956 4.6951 0.63245
0.0091627 5.5409 1.6102
0.0092302 3.7716 0.43214
0.0092982 3.6412 0.37755
0.0093667 4.9 0.53569
0.0094357 3.906 0.95828
0.0095053 3.6717 0.42656
0.0095753 3.0581 0.56578
0.0096459 3.6183 0.47606
0.0097169 4.4526 0.59001
0.0097885 3.7202 0.40815
0.0098607 3.4444 0.45007
0.0099333 3.2672 0.58433
0.010007 2.6383 0.31554
0.01008 3.6163 0.46119
0.010155 2.8398 0.51762
0.010229 2.7472 0.46484
0.010305 3.7321 0.46845
0.010381 2.8575 0.39812
0.010457 3.0607 0.33352
0.010534 3.0409 0.36105
0.010612 3.093 0.60384
0.01069 3.1519 0.43091
0.010769 2.5591 0.40167
0.010848 2.9258 0.36237
0.010928 2.6147 0.34292
0.011009 2.4158 0.30211
0.01109 3.0325 0.46894
0.011171 2.6156 0.34292
0.011254 1.9199 0.31839
0.011337 2.0216 0.36973
0.01142 3.2174 0.37081
0.011504 2.3614 0.27763
0.011589 2.4238 0.3157
0.011675 2.6001 0.35956
0.011761 2.6394 0.37245
0.011847 2.7457 0.48551
0.011935 2.5789 0.29511
0.012023 2.2785 0.25985
0.012111 2.0044 0.30834
0.0122 3.0116 0.36774
0.01229 2.328 0.31623
0.012381 1.8581 0.27116
0.012472 2.5341 0.33005
0.012564 2.4947 0.30129
0.012657 2.1266 0.2733
0.01275 2.0118 0.25647
0.012844 2.0259 0.32666
0.012938 1.8509 0.26032
0.013034 2.1416 0.29703
0.01313 2.39 0.22658
0.013227 2.3697 0.28808
0.013324 2.7462 0.39054
0.013422 1.915 0.25504
0.013521 1.7706 0.2903
0.013621 2.1422 0.22534
0.013721 1.9702 0.24548
0.013822 2.2254 0.29044
0.013924 1.8713 0.22215
0.014027 2.0491 0.34863
0.01413 1.8707 0.22215
0.014234 2.1382 0.23081
0.014339 1.6904 0.20872
0.014445 1.9556 0.26223
0.014551 1.8724 0.32354
0.014658 1.4964 0.17076
0.014766 1.6398 0.20821
0.014875 1.4262 0.20993
0.014985 1.4865 0.21417
0.015095 1.585 0.20498
0.015206 1.7652 0.22214
0.015319 1.5485 0.18972
0.015431 1.8144 0.196
0.015545 1.5729 0.21003
0.01566 1.7101 0.2459
0.015775 1.4789 0.18561
0.015891 1.7627 0.18138
0.016008 1.8779 0.23603
0.016126 1.2543 0.17812
0.016245 1.5993 0.21181
0.016365 1.641 0.17187
0.016486 1.9975 0.21512
0.016607 1.6155 0.1739
0.016729 1.8494 0.24204
0.016853 1.4307 0.17268
0.016977 1.5278 0.16905
0.017102 1.5168 0.17735
0.017228 1.1702 0.18475
0.017355 1.4002 0.15207
0.017483 1.4882 0.17216
0.017612 1.7175 0.19048
0.017741 1.5345 0.17286
0.017872 1.2256 0.15825
0.018004 1.49 0.17076
0.018136 1.4395 0.14671
0.01827 1.3513 0.17166
0.018405 1.547 0.19725
0.01854 1.3139 0.13057
0.018677 1.5305 0.17432
0.018815 1.2623 0.15276
0.018953 1.4543 0.16059
0.019093 1.3225 0.14536
0.019234 1.3816 0.14381
0.019375 1.248 0.15171
0.019518 1.4722 0.16608
0.019662 1.4336 0.13523
0.019807 1.3908 0.15032
0.019953 1.3425 0.15892
0.0201 1.4211 0.14143
0.020248 1.3589 0.13545
0.020397 1.305 0.14226
0.020547 1.3455 0.15038
0.020699 1.2843 0.13466
0.020851 1.5952 0.13875
0.021005 1.078 0.13278
0.02116 1.2567 0.13326
0.021316 1.2754 0.12212
0.021473 1.5717 0.15305
0.021631 1.6624 0.1493
0.02179 1.0924 0.12015
0.021951 1.4483 0.12756
0.022113 1.4472 0.14274
0.022276 1.5006 0.14305
0.02244 1.4704 0.12048
0.022605 1.4134 0.14769
0.022772 1.0702 0.11224
0.02294 1.5971 0.12862
0.023109 1.4249 0.12821
0.023279 1.3905 0.14304
0.02345 1.4167 0.11817
0.023623 1.4208 0.12033
0.023797 1.6194 0.1485
0.023973 1.4108 0.11453
0.024149 1.5043 0.12709
0.024327 1.4189 0.12218
0.024507 1.3872 0.12089
0.024687 1.645 0.12102
0.024869 1.4679 0.12849
0.025052 1.4535 0.11396
0.025237 1.6346 0.13084
0.025423 1.6342 0.12738
0.02561 1.5524 0.1162
0.025799 1.886 0.12884
0.025989 1.5467 0.13108
0.026181 1.7398 0.11797
0.026373 1.6382 0.11972
0.026568 1.5448 0.118
0.026764 1.8435 0.12233
0.026961 1.7168 0.1219
0.027159 1.6591 0.12217
0.02736 1.9944 0.12023
0.027561 1.7527 0.12794
0.027764 1.5078 0.10331
0.027969 2.0035 0.12859
0.028175 1.4723 0.10657
0.028383 1.832 0.12003
0.028592 1.7277 0.11431
0.028802 1.672 0.11119
0.029015 2.001 0.1161
0.029228 1.627 0.11278
0.029444 2.0127 0.11558
0.029661 2.1567 0.12082
0.029879 1.956 0.12045
0.0301 2.0441 0.11295
0.030321 1.9091 0.12193
0.030545 1.8692 0.10473
0.03077 2.1844 0.11993
0.030997 1.9855 0.11689
0.031225 2.393 0.11537
0.031455 1.8104 0.11133
0.031687 2.3516 0.11474
0.03192 2.2086 0.11809
0.032156 2.046 0.1101
0.032393 2.3663 0.11472
0.032631 2.2316 0.11561
0.032872 2.4375 0.1151
0.033114 2.1767 0.11082
0.033358 2.7203 0.12326
0.033604 2.3939 0.11249
0.033851 2.4589 0.11151
0.034101 2.6882 0.12755
0.034352 2.307 0.10272
0.034605 2.7699 0.12291
0.03486 2.637 0.11388
0.035117 3.0332 0.12075
0.035376 2.4932 0.11023
0.035637 3.0143 0.12259
0.035899 2.6483 0.11019
0.036164 3.0782 0.1181
0.03643 2.7808 0.11755
0.036699 3.0122 0.11134
0.036969 2.4498 0.10604
0.037241 3.1627 0.11826
0.037516 2.7212 0.1106
0.037792 3.3498 0.11686
0.038071 2.8991 0.10975
0.038351 3.4343 0.12262
0.038634 2.6878 0.10136
0.038919 3.4579 0.11841
0.039205 2.9632 0.10792
0.039494 3.5635 0.12151
0.039785 3.1034 0.10427
0.040079 3.2271 0.11208
0.040374 3.2943 0.10881
0.040671 3.2772 0.11362
0.040971 3.4506 0.10985
0.041273 3.0004 0.10331
0.041577 3.5214 0.11015
0.041883 2.9322 0.10177
0.042192 3.6843 0.11456
0.042503 3.2048 0.10116
0.042816 3.3594 0.10553
0.043132 3.3931 0.10353
0.04345 2.9797 0.099468
0.04377 3.7207 0.10943
0.044092 3.3375 0.10202
0.044417 3.4204 0.10291
0.044744 3.2472 0.09685
0.045074 3.192 0.098167
0.045406 3.4345 0.10083
0.045741 3.0325 0.094079
0.046078 3.2451 0.096981
0.046417 3.3079 0.096431
0.04676 2.9397 0.092054
0.047104 3.1795 0.092379
0.047451 2.9497 0.087765
0.047801 2.9412 0.088399
0.048153 2.9691 0.088558
0.048508 2.862 0.084618
0.048865 2.8691 0.085642
0.049225 2.9984 0.087293
0.049588 2.669 0.080598
0.049954 2.6442 0.080341
0.050322 2.8057 0.083903
0.050693 2.4908 0.075601
0.051066 2.6672 0.079251
0.051442 2.6852 0.078538
0.051821 2.4663 0.074682
0.052203 2.4607 0.074426
0.052588 2.493 0.073772
0.052975 2.6465 0.076159
0.053366 2.42 0.071893
0.053759 2.4531 0.071964
0.054155 2.4715 0.071818
0.054554 2.4618 0.069572
0.054956 2.414 0.069857
0.055361 2.4637 0.069599
0.055769 2.4168 0.069665
0.05618 2.4559 0.068574
0.056594 2.4728 0.068387
0.057011 2.5815 0.069233
0.057431 2.5678 0.0696
0.057854 2.5327 0.067602
0.058281 2.5934 0.068785
0.05871 2.6014 0.067354
0.059143 2.6128 0.067426
0.059579 2.6414 0.067417
0.060018 2.6225 0.066152
0.06046 2.6843 0.066751
0.060905 2.6899 0.066224
0.061354 2.8381 0.068133
0.061806 2.7769 0.066443
0.062262 2.9163 0.067662
0.062721 2.9604 0.067115
0.063183 2.827 0.066252
0.063648 2.9556 0.066567
0.064117 3.0722 0.066491
0.06459 3.0178 0.066102
0.065066 3.3263 0.068888
0.065545 3.37 0.069396
0.066028 3.6102 0.071462
0.066515 3.6397 0.069644
0.067005 3.6502 0.07039
0.067499 3.8461 0.07255
0.067996 3.9937 0.071995
0.068497 4.1035 0.071889
0.069002 4.4224 0.075827
0.06951 4.5169 0.074738
0.070023 4.822 0.076598
0.070539 4.9422 0.078147
0.071058 5.3227 0.079113
0.071582 5.6859 0.081191
0.072109 5.883 0.083198
0.072641 6.0796 0.08317
0.073176 6.4908 0.085556
0.073715 6.8711 0.08733
0.074258 7.2836 0.08839
0.074806 7.5617 0.090735
0.075357 8.2358 0.093534
0.075912 8.7132 0.095547
0.076472 9.2698 0.09655
0.077035 9.7482 0.10009
0.077603 10.323 0.10165
0.078175 10.68 0.10219
0.078751 10.621 0.10153
0.079331 11.031 0.10278
0.079916 11.316 0.10351
0.080504 11.666 0.10493
0.081098 12.445 0.10507
0.081695 13.231 0.11106
0.082297 13.808 0.10892
0.082904 14.397 0.11288
0.083515 14.369 0.10979
0.08413 14.385 0.11091
0.08475 14.153 0.10961
0.085374 14.136 0.1077
0.086004 13.546 0.10614
0.086637 12.982 0.10078
0.087276 12.736 0.099154
0.087919 12.064 0.097566
0.088567 11.177 0.092718
0.089219 10.541 0.089574
0.089877 9.9137 0.08563
0.090539 9.1927 0.081827
0.091206 8.3203 0.077261
0.091878 7.7983 0.075013
0.092555 6.9197 0.070097
0.093237 6.5456 0.066828
0.093924 5.9281 0.063255
0.094616 5.6009 0.06192
0.095314 5.3843 0.059557
0.096016 5.2326 0.058355
0.096724 4.8882 0.056692
0.097436 4.8147 0.055723
0.098154 4.4281 0.051997
0.098878 4.2872 0.051625
0.099606 4.0721 0.050164
0.10034 3.9326 0.048098
0.10108 3.6725 0.046838
0.10182 3.4808 0.045102
0.10257 3.2886 0.043253
0.10333 3.1373 0.042545
0.10409 3.0083 0.04063
0.10486 2.8239 0.039683
0.10563 2.7251 0.038437
0.10641 2.5963 0.03736
0.10719 2.6109 0.037452
0.10798 2.546 0.036064
0.10878 2.5148 0.036369
0.10958 2.6295 0.036146
0.11039 2.5236 0.035809
0.1112 2.5559 0.035141
0.11202 2.4756 0.035106
0.11285 2.3547 0.03322
0.11368 2.3427 0.033451
0.11452 2.212 0.03167
0.11536 2.1098 0.031338
0.11621 2.0345 0.030276
0.11707 1.9175 0.029243
0.11793 1.8166 0.028315
0.1188 1.786 0.027684
0.11967 1.7601 0.027677
0.12056 1.7004 0.026604
0.12144 1.7283 0.026693
0.12234 1.6425 0.026219
0.12324 1.6277 0.025422
0.12415 1.6111 0.025291
0.12506 1.6099 0.02543
0.12598 1.6106 0.024718
0.12691 1.5863 0.024598
0.12785 1.5653 0.024265
0.12879 1.5457 0.024024
0.12974 1.5407 0.023622
0.1307 1.5245 0.02337
0.13166 1.4935 0.023079
0.13263 1.5232 0.023119
0.13361 1.5394 0.022952
0.13459 1.5606 0.022995
0.13558 1.5542 0.022684
0.13658 1.5335 0.022661
0.13759 1.5643 0.022457
0.1386 1.5499 0.022251
0.13962 1.5568 0.022185
0.14065 1.5573 0.021913
0.14169 1.5659 0.021856
0.14273 1.5544 0.021696
0.14378 1.5576 0.021448
0.14484 1.5577 0.021352
0.14591 1.5413 0.021062
0.14699 1.6088 0.021456
0.14807 1.5396 0.020774
0.14916 1.5721 0.020814
0.15026 1.571 0.020621
0.15137 1.6077 0.020788
0.15248 1.5688 0.020304
0.15361 1.6057 0.020462
0.15474 1.5696 0.020034
0.15588 1.5707 0.019956
0.15703 1.5538 0.019653
0.15818 1.5346 0.019407
0.15935 1.5985 0.019669
0.16052 1.5482 0.01915
0.16171 1.5285 0.018941
0.1629 1.4662 0.018457
0.1641 1.4749 0.018348
0.16531 1.4083 0.017853
0.16653 1.3833 0.017504
0.16775 1.3389 0.017116
0.16899 1.3282 0.016922
0.17023 1.2797 0.016543
0.17149 1.2526 0.016226
0.17275 1.1981 0.015726
0.17403 1.1467 0.015331
0.17531 1.1254 0.015105
0.1766 1.0699 0.014544
0.1779 1.0412 0.014322
0.17921 0.98054 0.013758
0.18053 0.95417 0.013542
0.18186 0.91462 0.013127
0.1832 0.85968 0.012673
0.18455 0.83784 0.012432
0.18591 0.81857 0.012193
0.18728 0.76137 0.011671
0.18866 0.72789 0.01141
0.19005 0.73811 0.011295
0.19145 0.69262 0.010986
0.19286 0.66716 0.010649
0.19429 0.63106 0.010313
0.19572 0.60221 0.010041
