#
0.0050184 6.8293 1.2362
0.0050554 5.2243 1.2098
0.0050926 3.5562 1.0007
0.0051301 6.3952 1.1957
0.0051679 6.7948 1.1255
0.005206 5.5105 1.7553
0.0052444 2.1666 1.5701
0.005283 NaN NaN
0.005322 5.1436 1.3846
0.0053612 3.5476 1.0007
0.0054007 5.3216 0.99641
0.0054405 6.1712 0.83078
0.0054806 8.6451 1.2685
0.005521 6.9798 1.1406
0.0055616 6.3806 1.1957
0.0056026 5.9496 1.1537
0.0056439 4.3984 0.90646
0.0056855 6.6111 1.57
0.0057274 4.3792 1.57
0.0057696 3.2883 0.96145
0.0058121 4.1084 1.0749
0.0058549 3.9033 0.69779
0.0058981 5.871 1.4802
0.0059416 3.2825 0.96145
0.0059853 8.5115 1.1654
0.0060294 13.27 2.7193
0.0060739 5.0766 0.66149
0.0061186 3.2835 0.96145
0.0061637 2.7337 0.62062
0.0062091 5.005 0.78985
0.0062549 3.0532 0.83079
0.006301 2.1666 1.1102
0.0063474 3.1433 0.66554
0.0063942 5.5143 1.2412
0.0064413 2.1647 1.1102
0.0064888 7.7232 2.0769
0.0065366 4.4785 0.62171
0.0065847 2.7226 0.50673
0.0066333 4.7892 0.69923
0.0066821 3.6027 0.76061
0.0067314 4.3923 0.99298
0.006781 1.7348 0.62803
0.006831 4.1113 1.0749
0.0068813 3.8285 0.73432
0.006932 2.3274 0.61426
0.0069831 5.515 1.4332
0.0070345 2.3323 0.61426
0.0070864 4.2517 0.54635
0.0071386 2.6831 0.52443
0.0071912 3.6634 1.1702
0.0072442 2.8681 0.63594
0.0072976 3.4065 0.65273
0.0073513 2.1717 0.45324
0.0074055 2.7164 0.62062
0.0074601 2.8342 0.80057
0.0075151 3.8318 1.4686
0.0075704 3.7838 0.6868
0.0076262 4.1504 0.57731
0.0076824 2.6747 0.52443
0.007739 2.6685 0.57859
0.0077961 2.8271 0.43319
0.0078535 2.3186 0.61426
0.0079114 1.903 0.51925
0.0079697 3.2844 1.1102
0.0080284 1.2831 0.5439
0.0080876 1.7508 0.39136
0.0081471 2.7602 0.42824
0.0082072 2.8762 0.54351
0.0082677 2.3323 0.43434
0.0083286 2.2728 0.48403
0.00839 2.3535 0.66715
0.0084518 2.2968 0.5377
0.0085141 1.9154 0.40957
0.0085768 1.7734 0.38032
0.00864 1.2923 0.5439
0.0087037 4.0849 0.64624
0.0087678 2.1718 0.3808
0.0088324 2.18 0.37007
0.0088975 1.6253 0.42998
0.0089631 2.5721 0.45554
0.0090291 1.6169 0.42999
0.0090956 1.9735 0.45136
0.0091627 0.51095 0.55516
0.0092302 1.7578 0.32534
0.0092982 1.5265 0.26974
0.0093667 2.6597 0.43332
0.0094357 1.8891 0.73434
0.0095053 1.4048 0.29217
0.0095753 1.4316 0.42733
0.0096459 2.0265 0.39164
0.0097169 0.96904 0.30686
0.0097885 2.0636 0.33436
0.0098607 2.3786 0.4105
0.0099333 2.5448 0.56529
0.010007 2.1293 0.31086
0.01008 1.4737 0.32547
0.010155 1.3929 0.4003
0.010229 1.7079 0.40328
0.010305 2.2365 0.39861
0.010381 2.041 0.36943
0.010457 1.5628 0.26323
0.010534 1.5625 0.28547
0.010612 1.0569 0.39254
0.01069 1.6823 0.34695
0.010769 0.83568 0.25641
0.010848 1.6436 0.29907
0.010928 1.9594 0.3259
0.011009 1.5971 0.27013
0.01109 1.5718 0.37226
0.011171 1.0617 0.24228
0.011254 1.2442 0.28265
0.011337 1.4625 0.34567
0.01142 1.42 0.27176
0.011504 1.3652 0.23287
0.011589 1.3499 0.25995
0.011675 1.6442 0.31467
0.011761 0.9316 0.24673
0.011847 2.3706 0.49445
0.011935 1.573 0.25389
0.012023 2.1312 0.27538
0.012111 1.228 0.26623
0.0122 2.1161 0.33852
0.01229 1.4175 0.27176
0.012381 0.87749 0.20689
0.012472 1.0077 0.23127
0.012564 1.8689 0.28645
0.012657 1.1826 0.22523
0.01275 0.98597 0.19893
0.012844 1.0624 0.26169
0.012938 1.1002 0.22189
0.013034 1.4955 0.27306
0.01313 1.6934 0.2096
0.013227 1.2674 0.23261
0.013324 1.0592 0.26928
0.013422 1.2559 0.22778
0.013521 1.2817 0.27195
0.013621 1.6145 0.215
0.013721 1.4216 0.22932
0.013822 0.83687 0.19861
0.013924 1.5871 0.22452
0.014027 0.98994 0.26875
0.01413 1.278 0.20223
0.014234 1.0342 0.17772
0.014339 0.78848 0.15879
0.014445 1.3897 0.24327
0.014551 0.99521 0.26124
0.014658 1.1979 0.16804
0.014766 1.2798 0.20223
0.014875 1.166 0.20883
0.014985 1.3812 0.22651
0.015095 0.78264 0.16026
0.015206 1.2917 0.20909
0.015319 1.3889 0.19714
0.015431 1.3032 0.18298
0.015545 0.96402 0.18182
0.01566 0.60302 0.1645
0.015775 0.79129 0.15078
0.015891 1.3213 0.17279
0.016008 1.2364 0.21104
0.016126 1.1764 0.18935
0.016245 0.79964 0.16651
0.016365 0.93323 0.14362
0.016486 0.97737 0.16693
0.016607 1.2109 0.16579
0.016729 0.9503 0.19231
0.016853 1.0327 0.16191
0.016977 1.1279 0.15998
0.017102 0.89419 0.15073
0.017228 0.79186 0.16823
0.017355 1.0596 0.14579
0.017483 1.5228 0.19074
0.017612 1.0149 0.16179
0.017741 0.97147 0.152
0.017872 1.0384 0.16022
0.018004 1.1903 0.16804
0.018136 1.0772 0.13986
0.01827 1.0586 0.16738
0.018405 1.38 0.20452
0.01854 0.92387 0.12097
0.018677 1.2957 0.17616
0.018815 0.84562 0.13838
0.018953 1.161 0.15793
0.019093 1.1538 0.14919
0.019234 1.459 0.16181
0.019375 0.93523 0.14481
0.019518 0.93089 0.14604
0.019662 1.1494 0.13323
0.019807 1.3974 0.16513
0.019953 0.84126 0.1394
0.0201 1.1746 0.1414
0.020248 1.2318 0.14161
0.020397 1.1466 0.14658
0.020547 1.0809 0.14834
0.020699 1.1418 0.1395
0.020851 1.0898 0.12649
0.021005 1.2685 0.15744
0.02116 0.92924 0.12648
0.021316 1.4147 0.14071
0.021473 1.2698 0.15124
0.021631 1.0001 0.128
0.02179 1.4109 0.14902
0.021951 1.3769 0.13637
0.022113 0.97721 0.1296
0.022276 1.2686 0.1445
0.02244 1.3095 0.12486
0.022605 1.4193 0.16216
0.022772 0.91246 0.11409
0.02294 1.7262 0.14632
0.023109 1.1398 0.1262
0.023279 1.3189 0.15278
0.02345 1.3828 0.12797
0.023623 1.4132 0.13153
0.023797 1.3153 0.14709
0.023973 1.3398 0.12243
0.024149 1.7341 0.14918
0.024327 1.1454 0.12078
0.024507 1.254 0.12621
0.024687 1.622 0.13166
0.024869 1.348 0.13512
0.025052 1.3103 0.11876
0.025237 1.5738 0.14071
0.025423 1.3502 0.12722
0.02561 1.4401 0.12279
0.025799 1.7896 0.13754
0.025989 1.3049 0.13229
0.026181 1.6485 0.12587
0.026373 1.6609 0.13203
0.026568 1.1954 0.11426
0.026764 1.6511 0.12696
0.026961 1.6767 0.13199
0.027159 1.5519 0.12956
0.02736 2.1359 0.13613
0.027561 1.6903 0.13769
0.027764 1.5291 0.11396
0.027969 2.1899 0.14705
0.028175 1.4717 0.11675
0.028383 2.0593 0.13916
0.028592 2.0632 0.13651
0.028802 1.6696 0.12172
0.029015 2.4447 0.1402
0.029228 1.952 0.13499
0.029444 2.0697 0.12829
0.029661 2.0521 0.1291
0.029879 1.8241 0.12748
0.0301 2.4045 0.13389
0.030321 1.9886 0.13621
0.030545 2.1567 0.12298
0.03077 2.4929 0.14007
0.030997 1.7676 0.12095
0.031225 2.5834 0.13111
0.031455 2.13 0.13198
0.031687 2.3877 0.12654
0.03192 2.4894 0.13709
0.032156 1.9783 0.11858
0.032393 2.5058 0.12915
0.032631 1.9973 0.11988
0.032872 2.7194 0.13293
0.033114 2.0442 0.11767
0.033358 3.0251 0.14213
0.033604 2.3563 0.12218
0.033851 2.9066 0.1325
0.034101 2.4914 0.13448
0.034352 2.3741 0.11404
0.034605 3.019 0.14032
0.03486 2.432 0.11978
0.035117 3.1521 0.13465
0.035376 2.5366 0.12168
0.035637 3.3587 0.14148
0.035899 2.4296 0.1156
0.036164 3.3075 0.13388
0.03643 2.6838 0.12642
0.036699 3.151 0.12456
0.036969 2.3003 0.11255
0.037241 3.6361 0.13861
0.037516 2.319 0.11191
0.037792 3.5052 0.13075
0.038071 2.567 0.11314
0.038351 3.9411 0.14358
0.038634 2.8186 0.11355
0.038919 3.6555 0.13315
0.039205 2.7244 0.11332
0.039494 3.8153 0.13748
0.039785 2.9341 0.11099
0.040079 3.4499 0.12674
0.040374 3.0356 0.11435
0.040671 3.0959 0.12088
0.040971 3.4602 0.12034
0.041273 2.812 0.1095
0.041577 3.3999 0.11844
0.041883 2.8529 0.10987
0.042192 3.7394 0.12625
0.042503 2.8372 0.10424
0.042816 3.1751 0.1123
0.043132 3.3738 0.11296
0.04345 2.7608 0.10484
0.04377 3.5305 0.11665
0.044092 2.8274 0.10288
0.044417 3.1276 0.10774
0.044744 3.1012 0.10359
0.045074 2.7549 0.099905
0.045406 3.1412 0.10557
0.045741 2.8238 0.099399
0.046078 2.7683 0.098135
0.046417 2.81 0.097374
0.04676 2.4681 0.092437
0.047104 3.0408 0.098883
0.047451 2.5628 0.089626
0.047801 2.3613 0.086854
0.048153 2.5192 0.089395
0.048508 2.3132 0.083414
0.048865 2.0118 0.078762
0.049225 2.3744 0.085185
0.049588 2.1656 0.079623
0.049954 1.9755 0.076242
0.050322 2.246 0.082323
0.050693 1.9664 0.073715
0.051066 1.9861 0.075077
0.051442 1.98 0.074043
0.051821 1.9198 0.072317
0.052203 1.6747 0.067513
0.052588 1.8693 0.070141
0.052975 1.5321 0.063845
0.053366 1.6216 0.064741
0.053759 1.6703 0.065301
0.054155 1.586 0.063312
0.054554 1.6032 0.061778
0.054956 1.6039 0.062646
0.055361 1.5984 0.061692
0.055769 1.4762 0.059974
0.05618 1.611 0.061112
0.056594 1.6581 0.061592
0.057011 1.7999 0.063535
0.057431 2.4058 0.073784
0.057854 3.1517 0.082381
0.058281 4.3146 0.096735
0.05871 6.2208 0.11336
0.059143 8.6031 0.13303
0.059579 10.422 0.14554
0.060018 12.006 0.15379
0.06046 12.425 0.15604
0.060905 10.775 0.14408
0.061354 8.5569 0.12871
0.061806 6.4403 0.11016
0.062262 4.4619 0.091315
0.062721 2.9997 0.073921
0.063183 2.0389 0.061783
0.063648 1.6615 0.054964
0.064117 1.3832 0.04929
0.06459 1.2564 0.047187
0.065066 1.1553 0.045029
0.065545 1.1543 0.045066
0.066028 1.1631 0.045002
0.066515 1.0681 0.041949
0.067005 1.0704 0.042374
0.067499 1.0736 0.042622
0.067996 0.97862 0.03971
0.068497 1.0057 0.039645
0.069002 1.0371 0.040876
0.06951 1.0539 0.040184
0.070023 1.0651 0.04008
0.070539 1.0905 0.040845
0.071058 1.0705 0.039492
0.071582 1.0814 0.039413
0.072109 1.0436 0.039047
0.072641 1.0468 0.038459
0.073176 1.0214 0.037853
0.073715 1.0523 0.038098
0.074258 1.0389 0.037226
0.074806 1.1775 0.039836
0.075357 1.0187 0.036715
0.075912 1.1221 0.038201
0.076472 1.0432 0.03613
0.077035 1.1042 0.037547
0.077603 1.1865 0.038359
0.078175 1.1321 0.037077
0.078751 1.1143 0.036662
0.079331 1.1511 0.036989
0.079916 1.2194 0.037806
0.080504 1.2895 0.038764
0.081098 1.3619 0.038597
0.081695 1.6472 0.043395
0.082297 2.0697 0.046562
0.082904 2.7245 0.054061
0.083515 3.8067 0.062066
0.08413 4.8661 0.070743
0.08475 5.8598 0.077287
0.085374 5.9485 0.076553
0.086004 5.1867 0.071993
0.086637 4.0442 0.061741
0.087276 2.8939 0.051997
0.087919 2.0037 0.043908
0.088567 1.6312 0.039213
0.089219 1.3475 0.035557
0.089877 1.2375 0.033636
0.090539 1.1763 0.032575
0.091206 1.169 0.032211
0.091878 1.1729 0.032352
0.092555 1.1184 0.031373
0.093237 1.1148 0.030689
0.093924 1.087 0.030155
0.094616 1.1316 0.030949
0.095314 1.1017 0.029969
0.096016 1.1258 0.030103
0.096724 1.1407 0.030438
0.097436 1.1647 0.030443
0.098154 1.2062 0.030112
0.098878 1.3157 0.031674
0.099606 1.4526 0.033127
0.10034 1.7194 0.03506
0.10108 2.2402 0.040185
0.10182 3.1372 0.046879
0.10257 4.4827 0.055143
0.10333 6.1443 0.0649
0.10409 7.1369 0.068157
0.10486 7.0105 0.068072
0.10563 5.7874 0.061016
0.10641 4.2073 0.051867
0.10719 2.8354 0.042683
0.10798 2.0071 0.035133
0.10878 1.5734 0.031664
0.10958 1.3615 0.028704
0.11039 1.2484 0.027827
0.1112 1.1605 0.026206
0.11202 1.1582 0.026564
0.11285 1.0568 0.024657
0.11368 1.0704 0.025043
0.11452 1.0392 0.024045
0.11536 0.92422 0.023031
0.11621 0.95562 0.023015
0.11707 0.93736 0.022672
0.11793 0.92535 0.022404
0.1188 0.893 0.021722
0.11967 0.84393 0.021291
0.12056 0.88792 0.021322
0.12144 0.83927 0.020663
0.12234 0.839 0.020806
0.12324 0.8399 0.020273
0.12415 0.83485 0.020212
0.12506 0.7734 0.019609
0.12598 0.79438 0.019298
0.12691 0.79059 0.019302
0.12785 0.75571 0.018768
0.12879 0.77967 0.018973
0.12974 0.75922 0.018446
0.1307 0.74529 0.018186
0.13166 0.80422 0.018805
0.13263 0.88743 0.019544
0.13361 0.9319 0.019755
0.13459 0.94453 0.019787
0.13558 0.92049 0.01932
0.13658 0.87935 0.01901
0.13759 0.83333 0.018186
0.1386 0.79604 0.017716
0.13962 0.78302 0.017489
0.14065 0.73892 0.016805
0.14169 0.77906 0.017142
0.14273 0.80998 0.01739
0.14378 0.85575 0.017627
0.14484 0.8866 0.017847
0.14591 0.99923 0.01873
0.14699 1.1039 0.019597
0.14807 1.0804 0.019187
0.14916 1.0977 0.019175
0.15026 1.0316 0.018444
0.15137 0.90323 0.017258
0.15248 0.85005 0.016573
0.15361 0.86788 0.016676
0.15474 0.89576 0.016764
0.15588 0.966 0.0173
0.15703 1.0551 0.017865
0.15818 1.1813 0.018736
0.15935 1.3379 0.019766
0.16052 1.3069 0.019327
0.16171 1.2242 0.01864
0.1629 1.0798 0.017449
0.1641 0.98946 0.016591
0.16531 0.94628 0.016162
0.16653 0.91666 0.015745
0.16775 0.90929 0.015583
0.16899 0.91815 0.015539
0.17023 0.94127 0.015651
0.17149 0.90908 0.015256
0.17275 0.86707 0.014771
0.17403 0.87677 0.014788
0.17531 0.84526 0.01445
0.1766 0.83599 0.014182
0.1779 0.89129 0.014586
0.17921 0.87631 0.014306
0.18053 0.94077 0.014757
0.18186 0.90467 0.014329
0.1832 0.85694 0.013887
0.18455 0.8204 0.013511
0.18591 0.75099 0.012852
0.18728 0.69363 0.012268
0.18866 0.71776 0.012449
0.19005 0.64963 0.011686
0.19145 0.63574 0.011596
0.19286 0.61431 0.011261
0.19429 0.58655 0.010958
0.19572 0.57891 0.010841
