#
0.0050184 13.958 2.0039
0.0050554 14.25 2.2631
0.0050926 12.099 2.0865
0.0051301 10.822 1.7647
0.0051679 12.816 1.753
0.005206 14.261 3.2006
0.0052444 9.95 3.787
0.005283 NaN NaN
0.005322 15.22 2.6989
0.0053612 9.2257 1.8246
0.0054007 11.632 1.6699
0.0054405 13.825 1.4097
0.0054806 11.862 1.6868
0.005521 13.054 1.7692
0.0055616 10.517 1.7413
0.0056026 10.82 1.7647
0.0056439 9.2492 1.4898
0.0056855 13.295 2.5246
0.0057274 7.7931 2.3736
0.0057696 7.1022 1.6003
0.0058121 11.738 2.0556
0.0058549 10.122 1.2723
0.0058981 9.0007 2.0797
0.0059416 8.5261 1.753
0.0059853 16.904 1.8629
0.0060294 12.815 3.0363
0.0060739 9.4079 1.0211
0.0061186 8.8852 1.7892
0.0061637 7.8185 1.1868
0.0062091 8.8384 1.1901
0.0062549 8.803 1.5939
0.006301 6.3717 2.147
0.0063474 7.452 1.1595
0.0063942 6.7518 1.5598
0.0064413 10.663 2.7718
0.0064888 10.673 2.7718
0.0065366 7.6459 0.92119
0.0065847 8.0428 0.9836
0.0066333 6.9554 0.9562
0.0066821 7.5076 1.2438
0.0067314 8.5256 1.568
0.006781 4.5268 1.1451
0.006831 4.9428 1.3389
0.0068813 6.0095 1.0433
0.006932 5.4544 1.0625
0.0069831 8.0647 1.9672
0.0070345 9.1413 1.3717
0.0070864 7.092 0.80015
0.0071386 5.9316 0.88254
0.0071912 7.5859 1.9085
0.0072442 6.5605 1.0883
0.0072976 8.3679 1.1578
0.0073513 4.5891 0.7449
0.0074055 4.7547 0.9297
0.0074601 3.3679 0.99169
0.0075151 1.3621 1.0122
0.0075704 5.8327 0.9674
0.0076262 6.4757 0.81792
0.0076824 4.7497 0.79151
0.007739 3.9176 0.7952
0.0077961 4.9921 0.65219
0.0078535 3.1939 0.81794
0.0079114 4.9583 0.94675
0.0079697 5.6659 1.6528
0.0080284 5.0894 1.2145
0.0080876 3.5786 0.63251
0.0081471 4.7375 0.63568
0.0082072 4.7492 0.79151
0.0082677 3.2115 0.57836
0.0083286 5.7929 0.87289
0.00839 4.4657 1.0399
0.0084518 3.9154 0.7952
0.0085141 3.1302 0.59294
0.0085768 2.5932 0.52133
0.00864 4.2425 1.1087
0.0087037 4.7461 0.79151
0.0087678 4.2314 0.60129
0.0088324 3.5264 0.53344
0.0088975 3.9563 0.75741
0.0089631 2.6006 0.52133
0.0090291 2.514 0.60729
0.0090956 3.3251 0.66351
0.0091627 4.2371 1.7531
0.0092302 4.3003 0.57374
0.0092982 4.1151 0.49899
0.0093667 2.8924 0.51392
0.0094357 2.7934 1.0121
0.0095053 2.9412 0.47647
0.0095753 2.959 0.69325
0.0096459 3.1853 0.55642
0.0097169 2.2036 0.51994
0.0097885 3.683 0.50549
0.0098607 3.6929 0.57977
0.0099333 3.599 0.76274
0.010007 2.23 0.36212
0.01008 2.6157 0.49001
0.010155 3.2272 0.68647
0.010229 2.0827 0.50608
0.010305 3.957 0.60012
0.010381 2.7156 0.48369
0.010457 2.6204 0.38538
0.010534 2.7301 0.42665
0.010612 2.2573 0.64513
0.01069 2.2585 0.45617
0.010769 2.8905 0.53131
0.010848 3.4141 0.48677
0.010928 3.2759 0.47713
0.011009 2.8607 0.40889
0.01109 2.7972 0.56144
0.011171 1.5052 0.3269
0.011254 2.1608 0.42079
0.011337 2.8058 0.54101
0.01142 2.6765 0.42166
0.011504 2.4511 0.35249
0.011589 2.6117 0.4081
0.011675 2.7978 0.46441
0.011761 3.03 0.49661
0.011847 2.1455 0.53653
0.011935 1.9769 0.32333
0.012023 2.211 0.31945
0.012111 2.5136 0.42942
0.0122 2.0467 0.37951
0.01229 1.9577 0.36226
0.012381 1.5488 0.30991
0.012472 1.8848 0.35637
0.012564 2.905 0.40456
0.012657 2.1079 0.33946
0.01275 2.3077 0.34197
0.012844 1.6083 0.36443
0.012938 1.9139 0.33033
0.013034 2.3638 0.38866
0.01313 1.7604 0.24345
0.013227 1.7931 0.31365
0.013324 1.7023 0.38586
0.013422 1.4659 0.28001
0.013521 2.5114 0.42942
0.013621 2.4752 0.30153
0.013721 2.0638 0.31317
0.013822 1.308 0.28051
0.013924 1.9667 0.28396
0.014027 1.9025 0.41962
0.01413 2.0055 0.28673
0.014234 1.4464 0.23824
0.014339 1.4808 0.24468
0.014445 1.4206 0.28054
0.014551 1.7041 0.38586
0.014658 2.0118 0.24615
0.014766 2.0078 0.28673
0.014875 1.3648 0.2571
0.014985 2.0117 0.30975
0.015095 1.2476 0.22842
0.015206 1.6233 0.26627
0.015319 1.5463 0.23679
0.015431 1.4576 0.22039
0.015545 1.9165 0.28863
0.01566 0.88349 0.22494
0.015775 1.6137 0.24189
0.015891 1.8158 0.22974
0.016008 1.5941 0.2721
0.016126 1.9311 0.27424
0.016245 1.2415 0.23442
0.016365 1.8784 0.22917
0.016486 1.4347 0.22895
0.016607 1.7015 0.22278
0.016729 1.4638 0.26992
0.016853 2.1094 0.26035
0.016977 1.7067 0.22278
0.017102 1.5263 0.22223
0.017228 1.4113 0.25293
0.017355 1.6869 0.20796
0.017483 2.0826 0.25304
0.017612 1.9446 0.25248
0.017741 1.8075 0.23371
0.017872 1.9174 0.24555
0.018004 2.1481 0.25467
0.018136 1.8362 0.20621
0.01827 1.43 0.22065
0.018405 1.8545 0.26902
0.01854 1.5006 0.1741
0.018677 1.8793 0.24043
0.018815 2.0261 0.23998
0.018953 1.6294 0.21207
0.019093 2.0601 0.22507
0.019234 1.3891 0.18033
0.019375 1.6187 0.215
0.019518 1.6493 0.21922
0.019662 1.7682 0.187
0.019807 1.6561 0.20444
0.019953 1.9266 0.2365
0.0201 1.2197 0.16442
0.020248 1.5277 0.1792
0.020397 1.5706 0.19455
0.020547 1.6196 0.20556
0.020699 1.851 0.20081
0.020851 1.6769 0.17754
0.021005 1.9752 0.22236
0.02116 1.6612 0.19063
0.021316 1.9985 0.18963
0.021473 1.8384 0.20621
0.021631 1.8741 0.19754
0.02179 1.8387 0.19313
0.021951 2.0615 0.18904
0.022113 1.9125 0.2041
0.022276 1.9833 0.20449
0.02244 1.9097 0.17083
0.022605 2.2223 0.22972
0.022772 1.8747 0.18392
0.02294 2.07 0.18212
0.023109 1.9697 0.18735
0.023279 1.7886 0.20184
0.02345 1.9746 0.17336
0.023623 2.0047 0.17759
0.023797 1.7777 0.194
0.023973 1.7135 0.15724
0.024149 2.1875 0.19031
0.024327 2.1688 0.18745
0.024507 2.1673 0.18745
0.024687 1.7836 0.15716
0.024869 2.159 0.19349
0.025052 2.3048 0.17799
0.025237 2.4696 0.1996
0.025423 1.9645 0.17389
0.02561 2.182 0.17117
0.025799 2.3339 0.17832
0.025989 2.3648 0.20112
0.026181 2.4983 0.17556
0.026373 2.7717 0.19301
0.026568 2.1219 0.17189
0.026764 2.4835 0.17645
0.026961 2.5261 0.18358
0.027159 2.4735 0.18516
0.02736 2.6337 0.17174
0.027561 2.5442 0.1914
0.027764 2.5865 0.16766
0.027969 2.9105 0.19244
0.028175 2.59 0.17508
0.028383 2.9508 0.18892
0.028592 2.7396 0.17855
0.028802 2.7185 0.17581
0.029015 3.3346 0.18582
0.029228 3.2676 0.19774
0.029444 2.7886 0.169
0.029661 2.7888 0.17079
0.029879 2.7655 0.17788
0.0301 3.4956 0.1831
0.030321 2.8337 0.18441
0.030545 3.2136 0.1702
0.03077 3.5521 0.18966
0.030997 3.171 0.18323
0.031225 3.7602 0.17942
0.031455 3.4568 0.19045
0.031687 3.9933 0.18538
0.03192 3.4768 0.18382
0.032156 3.2396 0.17186
0.032393 3.9211 0.18313
0.032631 3.8344 0.18787
0.032872 4.2548 0.1885
0.033114 3.5644 0.17587
0.033358 4.5186 0.19702
0.033604 4.0136 0.1806
0.033851 4.4288 0.18547
0.034101 4.2124 0.19809
0.034352 4.0014 0.16769
0.034605 4.7694 0.19996
0.03486 4.2614 0.17956
0.035117 4.9404 0.19115
0.035376 4.5396 0.18433
0.035637 5.2695 0.20096
0.035899 4.8488 0.18477
0.036164 5.5032 0.19575
0.03643 4.3794 0.18301
0.036699 5.119 0.17999
0.036969 4.6961 0.18188
0.037241 6.1935 0.20507
0.037516 5.0895 0.18743
0.037792 6.18 0.19675
0.038071 5.9014 0.19396
0.038351 6.6992 0.21223
0.038634 6.5029 0.19508
0.038919 7.6872 0.21868
0.039205 7.1569 0.20757
0.039494 8.2235 0.2286
0.039785 7.9445 0.20645
0.040079 8.784 0.2288
0.040374 9.3339 0.2266
0.040671 9.6998 0.24183
0.040971 10.209 0.23379
0.041273 10.713 0.24129
0.041577 11.536 0.24663
0.041883 11.227 0.24605
0.042192 12.082 0.25664
0.042503 11.845 0.2404
0.042816 13.066 0.25728
0.043132 13.064 0.25114
0.04345 12.441 0.25108
0.04377 13.587 0.25868
0.044092 12.676 0.24577
0.044417 13.517 0.2529
0.044744 12.346 0.23345
0.045074 11.637 0.23171
0.045406 11.626 0.22942
0.045741 10.045 0.21168
0.046078 9.9871 0.21043
0.046417 9.4647 0.20181
0.04676 8.6021 0.19476
0.047104 8.2072 0.18368
0.047451 8.1938 0.18095
0.047801 7.4885 0.17453
0.048153 7.2301 0.17103
0.048508 6.7685 0.16107
0.048865 6.5473 0.16016
0.049225 6.2371 0.15594
0.049588 6.3416 0.15374
0.049954 5.9318 0.14894
0.050322 5.9647 0.15149
0.050693 6.0137 0.14533
0.051066 5.8203 0.14494
0.051442 5.9664 0.14493
0.051821 6.0818 0.14507
0.052203 6.4883 0.14944
0.052588 6.4339 0.14657
0.052975 5.689 0.13825
0.053366 5.6392 0.13578
0.053759 5.1575 0.12918
0.054155 4.4216 0.11906
0.054554 4.21 0.1128
0.054956 3.8208 0.10902
0.055361 3.6712 0.10545
0.055769 3.7331 0.10743
0.05618 3.4653 0.10115
0.056594 3.289 0.097991
0.057011 3.4373 0.099253
0.057431 3.0133 0.093789
0.057854 2.853 0.089297
0.058281 2.7767 0.088625
0.05871 2.798 0.086977
0.059143 2.852 0.087694
0.059579 2.6611 0.08431
0.060018 2.7046 0.083673
0.06046 2.6205 0.082199
0.060905 2.4426 0.078709
0.061354 2.5408 0.080412
0.061806 2.4797 0.078334
0.062262 2.484 0.077934
0.062721 2.3433 0.074587
0.063183 2.5275 0.078145
0.063648 2.3539 0.074187
0.064117 2.3998 0.07339
0.06459 2.2599 0.071478
0.065066 2.3313 0.072088
0.065545 2.3574 0.072557
0.066028 2.2532 0.070634
0.066515 2.3203 0.069555
0.067005 2.3264 0.070286
0.067499 2.27 0.069757
0.067996 2.1122 0.065599
0.068497 2.2564 0.066745
0.069002 2.176 0.066643
0.06951 2.3549 0.067554
0.070023 2.17 0.064421
0.070539 2.3097 0.066919
0.071058 2.3522 0.065871
0.071582 2.3388 0.06524
0.072109 2.4015 0.06659
0.072641 2.3292 0.064523
0.073176 2.3314 0.064281
0.073715 2.3029 0.063404
0.074258 2.3609 0.063096
0.074806 2.2433 0.062023
0.075357 2.4346 0.06376
0.075912 2.3827 0.062677
0.076472 2.5336 0.063261
0.077035 2.4824 0.063335
0.077603 2.4262 0.061821
0.078175 2.4493 0.061394
0.078751 2.4981 0.061761
0.079331 2.5402 0.061852
0.079916 2.5395 0.061489
0.080504 2.4793 0.060667
0.081098 2.5155 0.05925
0.081695 2.5558 0.061225
0.082297 2.6262 0.059567
0.082904 2.556 0.059652
0.083515 2.4299 0.056673
0.08413 2.4536 0.05748
0.08475 2.5193 0.058022
0.085374 2.4606 0.056394
0.086004 2.4887 0.057062
0.086637 2.5945 0.056493
0.087276 2.5393 0.055519
0.087919 2.4308 0.054955
0.088567 2.5066 0.055065
0.089219 2.495 0.054644
0.089877 2.5016 0.053929
0.090539 2.4589 0.053065
0.091206 2.3735 0.05174
0.091878 2.4384 0.052569
0.092555 2.3571 0.05129
0.093237 2.3425 0.050106
0.093924 2.2054 0.048387
0.094616 2.0847 0.047402
0.095314 2.0052 0.045626
0.096016 2.0997 0.046375
0.096724 2.0419 0.045973
0.097436 1.9802 0.044852
0.098154 2.0171 0.044017
0.098878 1.884 0.042961
0.099606 1.8465 0.042419
0.10034 1.8017 0.04088
0.10108 1.8458 0.041666
0.10182 1.8002 0.040707
0.10257 1.8509 0.040692
0.10333 1.7965 0.040383
0.10409 1.6654 0.037959
0.10486 1.6583 0.038169
0.10563 1.7816 0.038947
0.10641 1.6819 0.037705
0.10719 1.6715 0.037578
0.10798 1.583 0.035694
0.10878 1.6524 0.036971
0.10958 1.5278 0.034615
0.11039 1.5102 0.034796
0.1112 1.5892 0.03478
0.11202 1.5226 0.034571
0.11285 1.5008 0.033298
0.11368 1.5203 0.033821
0.11452 1.5805 0.033557
0.11536 1.4475 0.032584
0.11621 1.432 0.031882
0.11707 1.4439 0.031824
0.11793 1.3639 0.030788
0.1188 1.3845 0.030576
0.11967 1.4156 0.031114
0.12056 1.3588 0.029827
0.12144 1.3475 0.02957
0.12234 1.3729 0.030045
0.12324 1.3787 0.02932
0.12415 1.3655 0.02918
0.12506 1.3078 0.028751
0.12598 1.3466 0.028333
0.12691 1.2759 0.027681
0.12785 1.3107 0.027844
0.12879 1.2684 0.027308
0.12974 1.2766 0.02697
0.1307 1.2516 0.02657
0.13166 1.2181 0.026166
0.13263 1.2415 0.026195
0.13361 1.2446 0.025901
0.13459 1.1862 0.025196
0.13558 1.1808 0.02485
0.13658 1.2051 0.02523
0.13759 1.1635 0.02435
0.1386 1.115 0.023754
0.13962 1.1528 0.024008
0.14065 1.1299 0.023484
0.14169 1.0814 0.022884
0.14273 1.0738 0.022718
0.14378 1.1082 0.022774
0.14484 1.0394 0.021998
0.14591 1.0197 0.021615
0.14699 1.0227 0.021593
0.14807 1.0132 0.021265
0.14916 0.95071 0.020469
0.15026 0.96389 0.020412
0.15137 0.95899 0.020301
0.15248 0.92551 0.019731
0.15361 0.93951 0.019799
0.15474 0.91192 0.019336
0.15588 0.87847 0.018915
0.15703 0.90698 0.019009
0.15818 0.85896 0.01841
0.15935 0.84762 0.01818
0.16052 0.83632 0.017865
0.16171 0.83445 0.017767
0.1629 0.82693 0.017587
0.1641 0.79641 0.017135
0.16531 0.77823 0.016868
0.16653 0.78542 0.016753
0.16775 0.7773 0.016567
0.16899 0.75429 0.016217
0.17023 0.73053 0.015904
0.17149 0.69851 0.01544
0.17275 0.69529 0.015255
0.17403 0.67701 0.015008
0.17531 0.67566 0.014909
0.1766 0.69171 0.014868
0.1779 0.62918 0.014205
0.17921 0.652 0.014274
0.18053 0.62339 0.013949
0.18186 0.62355 0.013799
0.1832 0.5912 0.013395
0.18455 0.57537 0.013142
0.18591 0.55414 0.012815
0.18728 0.58807 0.013039
0.18866 0.55389 0.012675
0.19005 0.51952 0.012113
0.19145 0.51028 0.012044
0.19286 0.51023 0.011885
0.19429 0.51183 0.011832
0.19572 0.4881 0.011534
