#
0.0050184 17.486 2.6508
0.0050554 569.36 16.866
0.0050926 277.14 11.768
0.0051301 10.311 2.0377
0.0051679 27.215 3.0156
0.005206 1313.7 36.228
0.0052444 1558.4 55.803
0.005283 NaN NaN
0.005322 13.254 2.9786
0.0053612 10.381 2.2891
0.0054007 13.241 2.1062
0.0054405 306.02 7.8206
0.0054806 357.89 10.918
0.005521 55.854 4.3163
0.0055616 18.677 2.7396
0.0056026 123.8 7.0359
0.0056439 344.59 10.713
0.0056855 12.565 2.9032
0.0057274 551.36 23.472
0.0057696 6.4177 1.8011
0.0058121 67.836 5.8253
0.0058549 113.59 5.0235
0.0058981 9.2345 2.4921
0.0059416 803.14 20.031
0.0059853 9.6102 1.6644
0.0060294 12.894 3.6021
0.0060739 18.82 1.7046
0.0061186 20.396 3.1985
0.0061637 247.93 7.8704
0.0062091 42.531 3.0762
0.0062549 323.59 11.373
0.006301 12.891 3.6021
0.0063474 8.6543 1.4776
0.0063942 358.09 13.375
0.0064413 368.54 19.191
0.0064888 6.9069 2.6432
0.0065366 8.0604 1.119
0.0065847 46.86 2.7961
0.0066333 98.896 4.2405
0.0066821 157.77 6.7124
0.0067314 10.703 2.0765
0.006781 48.678 4.4139
0.006831 8.3985 2.0596
0.0068813 134.27 5.7931
0.006932 52.713 3.8824
0.0069831 51.885 5.8822
0.0070345 79.553 4.7678
0.0070864 8.0269 1.0068
0.0071386 127.62 4.8161
0.0071912 13.92 3.0521
0.0072442 10.407 1.6186
0.0072976 6.797 1.2361
0.0073513 83.665 3.7343
0.0074055 5.6382 1.1978
0.0074601 131.38 7.2483
0.0075151 11.892 3.4608
0.0075704 5.9221 1.1536
0.0076262 69.125 3.1431
0.0076824 6.6304 1.1049
0.007739 10.797 1.5541
0.0077961 19.192 1.5052
0.0078535 73.249 4.5759
0.0079114 62.868 3.9648
0.0079697 38.546 5.0723
0.0080284 4.707 1.3843
0.0080876 41.576 2.5302
0.0081471 20.13 1.5414
0.0082072 29.698 2.3262
0.0082677 4.9113 0.84436
0.0083286 5.9069 1.0435
0.00839 109.47 6.0403
0.0084518 4.1337 0.96774
0.0085141 8.9805 1.1806
0.0085768 38.301 2.3408
0.00864 55.075 4.6944
0.0087037 12.438 1.5089
0.0087678 5.9069 0.83938
0.0088324 20.352 1.5057
0.0088975 23.306 2.1613
0.0089631 13.05 1.3689
0.0090291 6.107 1.1125
0.0090956 44.24 2.8374
0.0091627 4.9157 2.234
0.0092302 6.634 0.84131
0.0092982 18.232 1.2349
0.0093667 10.531 1.1513
0.0094357 32.372 4.0273
0.0095053 5.7884 0.78698
0.0095753 43.204 3.1002
0.0096459 3.3809 0.67924
0.0097169 10.569 1.3321
0.0097885 10.945 1.0248
0.0098607 13.272 1.2918
0.0099333 4.8021 1.0413
0.010007 3.1928 0.51178
0.01008 20.885 1.6186
0.010155 12.298 1.5733
0.010229 4.0729 0.83256
0.010305 22.258 1.6708
0.010381 2.9681 0.59934
0.010457 3.1201 0.49807
0.010534 11.077 1.0073
0.010612 20.634 2.2754
0.01069 4.5264 0.75964
0.010769 15.89 1.4592
0.010848 2.6727 0.51241
0.010928 6.5711 0.79607
0.011009 7.9896 0.80323
0.01109 11.897 1.3574
0.011171 2.3866 0.48518
0.011254 11.564 1.1375
0.011337 7.7702 1.0585
0.01142 5.0078 0.67967
0.011504 5.9021 0.64267
0.011589 7.8157 0.82873
0.011675 2.5385 0.52584
0.011761 7.8929 0.94193
0.011847 11.896 1.4757
0.011935 2.9024 0.46249
0.012023 6.6455 0.64891
0.012111 4.5079 0.67761
0.0122 2.8571 0.52978
0.01229 9.0905 0.91276
0.012381 2.2453 0.44056
0.012472 8.2621 0.87115
0.012564 3.7479 0.54343
0.012657 3.2386 0.49645
0.01275 7.9755 0.74528
0.012844 2.6892 0.55505
0.012938 5.2078 0.63838
0.013034 4.9504 0.66163
0.01313 3.3657 0.3959
0.013227 7.0173 0.7251
0.013324 4.0219 0.69537
0.013422 3.2595 0.48925
0.013521 5.1042 0.72044
0.013621 2.1065 0.33137
0.013721 4.8145 0.56192
0.013822 2.705 0.47286
0.013924 3.3005 0.43351
0.014027 6.1525 0.88306
0.01413 1.9671 0.33763
0.014234 4.9111 0.51252
0.014339 1.6891 0.31025
0.014445 5.8313 0.66192
0.014551 3.3191 0.63297
0.014658 2.686 0.33628
0.014766 3.8574 0.46769
0.014875 2.0985 0.37586
0.014985 3.5817 0.48664
0.015095 1.9081 0.33304
0.015206 4.2053 0.50213
0.015319 1.9636 0.31586
0.015431 3.5 0.39964
0.015545 1.9113 0.3427
0.01566 3.3054 0.50194
0.015775 1.8628 0.30825
0.015891 3.24 0.36122
0.016008 2.6623 0.41421
0.016126 2.9587 0.40047
0.016245 2.3795 0.38088
0.016365 2.7729 0.32868
0.016486 2.0515 0.32329
0.016607 2.101 0.29321
0.016729 2.11 0.38264
0.016853 3.5528 0.39813
0.016977 2.5001 0.31831
0.017102 2.6953 0.34752
0.017228 3.06 0.43665
0.017355 1.8037 0.25551
0.017483 2.1163 0.30307
0.017612 3.5139 0.39964
0.017741 1.9931 0.29123
0.017872 2.5916 0.33746
0.018004 1.5306 0.25793
0.018136 3.4374 0.33189
0.01827 1.9053 0.30125
0.018405 3.5353 0.4368
0.01854 1.9328 0.23386
0.018677 2.6651 0.3382
0.018815 2.3673 0.30742
0.018953 1.3496 0.2311
0.019093 2.4429 0.29034
0.019234 2.1577 0.26493
0.019375 3.1434 0.35219
0.019518 2.1064 0.29321
0.019662 1.9622 0.2338
0.019807 2.3457 0.28739
0.019953 2.1801 0.2984
0.0201 2.1434 0.25618
0.020248 2.1889 0.2533
0.020397 2.0313 0.26184
0.020547 1.5247 0.23778
0.020699 2.0551 0.25108
0.020851 2.2397 0.24262
0.021005 2.5879 0.30103
0.02116 1.4668 0.21394
0.021316 2.1563 0.23374
0.021473 1.6922 0.23573
0.021631 2.2222 0.25486
0.02179 2.2383 0.25237
0.021951 2.2901 0.23626
0.022113 2.3759 0.26933
0.022276 2.3975 0.26627
0.02244 2.1302 0.21409
0.022605 2.0387 0.26184
0.022772 1.9834 0.22468
0.02294 2.2164 0.22363
0.023109 2.0033 0.22457
0.023279 2.1279 0.26086
0.02345 2.3239 0.22283
0.023623 2.097 0.21575
0.023797 2.767 0.28547
0.023973 2.3337 0.21691
0.024149 2.7617 0.25303
0.024327 2.303 0.22926
0.024507 2.1032 0.21959
0.024687 2.303 0.21129
0.024869 2.1206 0.22793
0.025052 2.0595 0.20028
0.025237 2.2178 0.22502
0.025423 2.7839 0.24453
0.02561 2.3193 0.20951
0.025799 2.6659 0.22585
0.025989 2.4646 0.2437
0.026181 2.7655 0.21895
0.026373 2.8426 0.2319
0.026568 2.5284 0.22226
0.026764 2.3567 0.20424
0.026961 2.7452 0.2269
0.027159 2.6988 0.22934
0.02736 2.9443 0.21519
0.027561 3.0227 0.24703
0.027764 2.2193 0.18488
0.027969 3.0378 0.23313
0.028175 2.3587 0.19869
0.028383 2.7651 0.21722
0.028592 2.6349 0.208
0.028802 2.4628 0.19898
0.029015 2.9685 0.20829
0.029228 2.9563 0.22339
0.029444 2.9984 0.20774
0.029661 2.8369 0.20437
0.029879 2.4399 0.19871
0.0301 3.5914 0.21999
0.030321 3.2023 0.23222
0.030545 2.8209 0.1895
0.03077 3.224 0.21454
0.030997 2.8193 0.2053
0.031225 3.4036 0.20258
0.031455 2.7698 0.20281
0.031687 3.588 0.20853
0.03192 3.6278 0.22252
0.032156 3.2109 0.20293
0.032393 3.452 0.20394
0.032631 3.1395 0.20197
0.032872 3.8608 0.21301
0.033114 3.5602 0.20842
0.033358 3.3281 0.20102
0.033604 3.4036 0.19751
0.033851 3.6071 0.19878
0.034101 3.4593 0.2132
0.034352 3.6455 0.18991
0.034605 4.4171 0.22812
0.03486 4.0754 0.20816
0.035117 4.103 0.2067
0.035376 4.1328 0.20858
0.035637 5.03 0.23261
0.035899 3.9071 0.1969
0.036164 4.9345 0.21972
0.03643 4.6936 0.22435
0.036699 5.6625 0.22402
0.036969 5.1199 0.2248
0.037241 7.2479 0.26236
0.037516 6.4861 0.25015
0.037792 9.2586 0.28443
0.038071 9.5586 0.29144
0.038351 12.075 0.33628
0.038634 12.031 0.31313
0.038919 13.978 0.34808
0.039205 14.52 0.34882
0.039494 16.145 0.37803
0.039785 15.087 0.33578
0.040079 14.558 0.34781
0.040374 13.098 0.31716
0.040671 11.157 0.30665
0.040971 9.9199 0.27265
0.041273 7.5421 0.2399
0.041577 7.2099 0.23114
0.041883 5.913 0.21196
0.042192 5.9884 0.21451
0.042503 5.0929 0.18737
0.042816 5.3627 0.1959
0.043132 5.6832 0.19678
0.04345 4.8492 0.18644
0.04377 5.2729 0.19151
0.044092 5.2277 0.18764
0.044417 5.4976 0.19166
0.044744 5.1647 0.17946
0.045074 4.7661 0.17635
0.045406 5.2135 0.18258
0.045741 4.5996 0.17035
0.046078 5.0807 0.17833
0.046417 4.9978 0.17424
0.04676 4.5338 0.16804
0.047104 5.0059 0.17034
0.047451 4.8117 0.16469
0.047801 4.4582 0.16003
0.048153 4.5621 0.16138
0.048508 4.492 0.15582
0.048865 4.2275 0.1529
0.049225 4.6505 0.1598
0.049588 4.4745 0.15332
0.049954 4.4901 0.15381
0.050322 4.5899 0.15768
0.050693 4.325 0.14633
0.051066 3.9783 0.14237
0.051442 4.502 0.14941
0.051821 4.2776 0.14447
0.052203 3.9421 0.13849
0.052588 4.352 0.14316
0.052975 4.2041 0.14111
0.053366 4.7772 0.1482
0.053759 5.1029 0.15221
0.054155 5.8591 0.16199
0.054554 6.5045 0.16553
0.054956 7.0333 0.17442
0.055361 7.4766 0.17732
0.055769 7.8422 0.18345
0.05618 7.9406 0.18026
0.056594 6.9656 0.16794
0.057011 6.1372 0.15638
0.057431 5.3912 0.14788
0.057854 4.2725 0.12901
0.058281 3.9109 0.12426
0.05871 3.3416 0.11252
0.059143 3.2415 0.11074
0.059579 3.2233 0.10983
0.060018 3.1892 0.10758
0.06046 3.2295 0.10799
0.060905 2.9264 0.102
0.061354 2.8783 0.10141
0.061806 2.9064 0.10045
0.062262 2.9455 0.10049
0.062721 3.1002 0.10144
0.063183 3.0384 0.10144
0.063648 3.073 0.10024
0.064117 3.0051 0.097178
0.06459 3.0779 0.098592
0.065066 3.4058 0.10288
0.065545 3.673 0.10686
0.066028 4.6273 0.11906
0.066515 5.5266 0.12611
0.067005 6.3194 0.13597
0.067499 7.1724 0.14537
0.067996 7.9954 0.1494
0.068497 7.7746 0.14517
0.069002 7.2154 0.1422
0.06951 6.3476 0.1302
0.070023 5.1085 0.1161
0.070539 3.9959 0.10372
0.071058 3.4666 0.094417
0.071582 3.0323 0.087857
0.072109 3.0912 0.089359
0.072641 2.9163 0.085432
0.073176 2.6476 0.081181
0.073715 2.7927 0.082662
0.074258 2.7134 0.080143
0.074806 2.5311 0.078096
0.075357 2.424 0.075553
0.075912 2.5529 0.076958
0.076472 2.422 0.073485
0.077035 2.403 0.074032
0.077603 2.309 0.071681
0.078175 2.4039 0.072248
0.078751 2.2175 0.069241
0.079331 2.4183 0.071712
0.079916 2.1581 0.067496
0.080504 2.1571 0.067353
0.081098 2.1584 0.065341
0.081695 2.1656 0.067114
0.082297 2.0773 0.063163
0.082904 2.0828 0.064162
0.083515 2.0543 0.062079
0.08413 2.0324 0.062339
0.08475 2.0051 0.061725
0.085374 2.0263 0.060995
0.086004 2.0022 0.06101
0.086637 2.0329 0.059636
0.087276 2.1771 0.061194
0.087919 2.0969 0.060779
0.088567 2.1617 0.060877
0.089219 2.0684 0.059277
0.089877 2.0673 0.058409
0.090539 1.9909 0.056926
0.091206 2.0028 0.056617
0.091878 1.8842 0.055139
0.092555 1.9947 0.056221
0.093237 1.9466 0.054439
0.093924 1.9809 0.054598
0.094616 2.0206 0.055491
0.095314 2.1092 0.055561
0.096016 2.1207 0.055374
0.096724 2.2044 0.056685
0.097436 2.0289 0.05394
0.098154 2.1006 0.053346
0.098878 2.0331 0.052977
0.099606 1.9793 0.052151
0.10034 1.9607 0.050623
0.10108 2.0751 0.052404
0.10182 2.1381 0.05257
0.10257 2.143 0.051907
0.10333 2.2349 0.053327
0.10409 2.4051 0.053863
0.10486 2.3066 0.053191
0.10563 2.2988 0.052342
0.10641 2.1647 0.050616
0.10719 2.0479 0.049267
0.10798 2.158 0.049262
0.10878 2.0909 0.049229
0.10958 2.1023 0.047989
0.11039 2.1393 0.048917
0.1112 2.0324 0.046552
0.11202 2.1508 0.048535
0.11285 2.0287 0.045771
0.11368 2.0032 0.045923
0.11452 1.9202 0.043823
0.11536 1.9245 0.044435
0.11621 1.8832 0.043253
0.11707 1.9433 0.043654
0.11793 1.9856 0.043851
0.1188 2.003 0.04342
0.11967 1.892 0.042539
0.12056 1.8418 0.041056
0.12144 1.8274 0.040711
0.12234 1.8498 0.041237
0.12324 1.7906 0.039542
0.12415 1.7348 0.038944
0.12506 1.7153 0.03896
0.12598 1.6659 0.037339
0.12691 1.5972 0.03669
0.12785 1.6146 0.036625
0.12879 1.6151 0.036491
0.12974 1.6866 0.036674
0.1307 1.6031 0.035605
0.13166 1.6213 0.03571
0.13263 1.4818 0.033949
0.13361 1.5554 0.034304
0.13459 1.5154 0.033723
0.13558 1.5096 0.033273
0.13658 1.4817 0.033164
0.13759 1.4005 0.03169
0.1386 1.4715 0.032291
0.13962 1.3801 0.031168
0.14065 1.3441 0.030397
0.14169 1.3542 0.030352
0.14273 1.3899 0.030602
0.14378 1.3186 0.029485
0.14484 1.3695 0.029883
0.14591 1.3795 0.02973
0.14699 1.3101 0.028949
0.14807 1.27 0.028221
0.14916 1.3012 0.028311
0.15026 1.2695 0.027727
0.15137 1.2294 0.027229
0.15248 1.2523 0.027145
0.15361 1.2027 0.026539
0.15474 1.2591 0.026853
0.15588 1.1599 0.025727
0.15703 1.1791 0.025667
0.15818 1.2042 0.025751
0.15935 1.1371 0.024912
0.16052 1.1555 0.02482
0.16171 1.0961 0.024111
0.1629 1.0975 0.023981
0.1641 1.0721 0.02352
0.16531 1.0329 0.023004
0.16653 1.0409 0.022831
0.16775 1.013 0.022404
0.16899 1.0273 0.022383
0.17023 0.98592 0.021859
0.17149 1.0084 0.021889
0.17275 0.92809 0.020862
0.17403 0.93954 0.020894
0.17531 0.94319 0.020812
0.1766 0.95822 0.020682
0.1779 0.93458 0.0204
0.17921 0.83122 0.01912
0.18053 0.86744 0.019444
0.18186 0.85609 0.019118
0.1832 0.83565 0.018805
0.18455 0.81152 0.018431
0.18591 0.80926 0.018257
0.18728 0.78985 0.017887
0.18866 0.75316 0.017485
0.19005 0.73862 0.017048
0.19145 0.71976 0.016891
0.19286 0.72156 0.016687
0.19429 0.68214 0.01618
0.19572 0.68743 0.016164
