#
0.0050184 15.212 0.6495
0.0050554 18.74 0.80594
0.0050926 18.012 0.79015
0.0051301 15.49 0.65539
0.0051679 17.249 0.63136
0.005206 20.231 1.1842
0.0052444 23.694 1.8124
0.005283 NaN NaN
0.005322 14.641 0.82257
0.0053612 15.932 0.74316
0.0054007 17.227 0.63093
0.0054405 17.874 0.49781
0.0054806 19.144 0.66511
0.005521 16.787 0.62285
0.0055616 16.237 0.67103
0.0056026 15.906 0.66413
0.0056439 16.303 0.61379
0.0056855 16.58 0.87537
0.0057274 18.426 1.1303
0.0057696 13.37 0.68077
0.0058121 12.64 0.66199
0.0058549 14.255 0.46863
0.0058981 13.346 0.78541
0.0059416 18.913 0.80966
0.0059853 10.567 0.45755
0.0060294 10.874 0.86833
0.0060739 12.116 0.3595
0.0061186 14.963 0.72019
0.0061637 12.07 0.4574
0.0062091 10.635 0.40482
0.0062549 15.544 0.65657
0.006301 9.9726 0.83161
0.0063474 9.1763 0.39885
0.0063942 14.167 0.70076
0.0064413 12.744 0.94004
0.0064888 9.9733 0.83161
0.0065366 9.4083 0.31681
0.0065847 10.793 0.35318
0.0066333 9.9598 0.35437
0.0066821 10.964 0.46604
0.0067314 9.1693 0.50433
0.006781 8.3663 0.48173
0.006831 8.8986 0.55549
0.0068813 9.539 0.40668
0.006932 7.9136 0.396
0.0069831 10.344 0.69146
0.0070345 8.9834 0.42189
0.0070864 6.8805 0.24425
0.0071386 8.1722 0.32099
0.0071912 8.0804 0.61117
0.0072442 6.3526 0.3319
0.0072976 8.264 0.35687
0.0073513 7.5477 0.29538
0.0074055 5.9178 0.3204
0.0074601 8.365 0.48173
0.0075151 5.2601 0.60415
0.0075704 6.4784 0.31598
0.0076262 6.379 0.25143
0.0076824 6.4954 0.28622
0.007739 5.4922 0.29098
0.0077961 6.59 0.2319
0.0078535 6.3483 0.35475
0.0079114 6.1281 0.32597
0.0079697 5.7693 0.51654
0.0080284 4.6231 0.35823
0.0080876 6.1784 0.25677
0.0081471 4.9918 0.20186
0.0082072 5.0085 0.25137
0.0082677 4.8155 0.21848
0.0083286 4.341 0.23404
0.00839 5.7686 0.36525
0.0084518 5.2302 0.28397
0.0085141 4.4078 0.21693
0.0085768 5.0824 0.22445
0.00864 4.8183 0.36566
0.0087037 3.9372 0.22292
0.0087678 4.0705 0.18231
0.0088324 4.6227 0.18877
0.0088975 4.7075 0.25557
0.0089631 4.2812 0.20601
0.0090291 4.4015 0.24716
0.0090956 4.291 0.23268
0.0091627 4.2218 0.54126
0.0092302 3.597 0.16214
0.0092982 3.8635 0.14948
0.0093667 3.6065 0.1769
0.0094357 4.4285 0.39203
0.0095053 3.3705 0.15697
0.0095753 3.921 0.24592
0.0096459 3.1821 0.17163
0.0097169 3.8286 0.21045
0.0097885 2.7261 0.13429
0.0098607 3.2163 0.16708
0.0099333 3.1975 0.22211
0.010007 3.1321 0.1319
0.01008 3.5191 0.17476
0.010155 3.2786 0.21338
0.010229 2.8698 0.18226
0.010305 2.852 0.15736
0.010381 2.9698 0.15576
0.010457 2.7912 0.12215
0.010534 2.8033 0.13305
0.010612 2.9386 0.22589
0.01069 2.5749 0.14954
0.010769 3.0612 0.16836
0.010848 2.5218 0.12917
0.010928 2.6009 0.13117
0.011009 2.4281 0.11616
0.01109 2.4565 0.16204
0.011171 2.3832 0.12558
0.011254 2.6348 0.14261
0.011337 2.3705 0.15337
0.01142 2.1681 0.11702
0.011504 2.3929 0.10708
0.011589 2.5669 0.12453
0.011675 2.1165 0.12444
0.011761 1.9566 0.12296
0.011847 2.6774 0.18389
0.011935 1.9834 0.099249
0.012023 2.2498 0.098865
0.012111 2.1215 0.12143
0.0122 2.0462 0.11639
0.01229 2.1867 0.11753
0.012381 2.0789 0.10973
0.012472 2.1355 0.11617
0.012564 1.8326 0.099017
0.012657 1.9649 0.10059
0.01275 1.9775 0.097364
0.012844 1.8575 0.11979
0.012938 1.7953 0.098007
0.013034 1.7475 0.1028
0.01313 1.7486 0.074344
0.013227 1.9293 0.099674
0.013324 1.8281 0.1223
0.013422 1.9091 0.09738
0.013521 1.7747 0.1111
0.013621 1.5807 0.074156
0.013721 1.7245 0.087957
0.013822 1.6513 0.095867
0.013924 1.7728 0.082755
0.014027 1.7695 0.12403
0.01413 1.4917 0.075936
0.014234 1.5443 0.075195
0.014339 1.5556 0.076497
0.014445 1.5698 0.089946
0.014551 1.6 0.11444
0.014658 1.4479 0.06413
0.014766 1.5728 0.077959
0.014875 1.393 0.079102
0.014985 1.4243 0.079982
0.015095 1.4568 0.075053
0.015206 1.372 0.074947
0.015319 1.4208 0.069446
0.015431 1.3793 0.065339
0.015545 1.4086 0.075939
0.01566 1.3741 0.084196
0.015775 1.3665 0.068117
0.015891 1.4233 0.06233
0.016008 1.3455 0.076508
0.016126 1.3651 0.070728
0.016245 1.1964 0.070018
0.016365 1.2018 0.056211
0.016486 1.2038 0.063964
0.016607 1.2084 0.05746
0.016729 1.1813 0.074067
0.016853 1.2589 0.061751
0.016977 1.2469 0.058353
0.017102 1.2868 0.062409
0.017228 1.1825 0.070658
0.017355 1.1814 0.053276
0.017483 1.221 0.05953
0.017612 1.2725 0.062747
0.017741 1.281 0.060338
0.017872 1.2296 0.060366
0.018004 1.1245 0.056574
0.018136 1.213 0.051387
0.01827 1.2064 0.06181
0.018405 1.3103 0.069303
0.01854 1.0631 0.044758
0.018677 1.1436 0.057608
0.018815 1.2624 0.058154
0.018953 1.1511 0.05451
0.019093 1.1512 0.051707
0.019234 1.3018 0.053226
0.019375 1.2256 0.057293
0.019518 1.2495 0.058416
0.019662 1.2246 0.047694
0.019807 1.1118 0.051255
0.019953 1.2546 0.058543
0.0201 1.1148 0.047803
0.020248 1.1377 0.047258
0.020397 1.2922 0.053887
0.020547 1.0979 0.051813
0.020699 1.1964 0.049511
0.020851 1.1853 0.045719
0.021005 1.192 0.053054
0.02116 1.1922 0.049427
0.021316 1.2922 0.046844
0.021473 1.2176 0.051479
0.021631 1.2591 0.049695
0.02179 1.1217 0.046276
0.021951 1.2416 0.045102
0.022113 1.2512 0.050632
0.022276 1.2435 0.04974
0.02244 1.2095 0.041685
0.022605 1.3285 0.054624
0.022772 1.189 0.044945
0.02294 1.2852 0.044105
0.023109 1.3363 0.047352
0.023279 1.2629 0.052016
0.02345 1.2701 0.042702
0.023623 1.2897 0.043718
0.023797 1.4592 0.053865
0.023973 1.4147 0.043731
0.024149 1.4453 0.047545
0.024327 1.4575 0.047218
0.024507 1.2532 0.043803
0.024687 1.4396 0.043275
0.024869 1.4973 0.049515
0.025052 1.4188 0.042964
0.025237 1.5018 0.047926
0.025423 1.5835 0.047909
0.02561 1.3391 0.04118
0.025799 1.6082 0.045521
0.025989 1.6489 0.051651
0.026181 1.5733 0.042892
0.026373 1.7918 0.047818
0.026568 1.6243 0.046177
0.026764 1.655 0.044359
0.026961 1.7466 0.046997
0.027159 1.7211 0.047527
0.02736 1.8305 0.044086
0.027561 1.8879 0.050737
0.027764 1.691 0.041745
0.027969 1.9717 0.048826
0.028175 1.9164 0.04636
0.028383 1.925 0.047037
0.028592 1.977 0.046712
0.028802 1.9008 0.04527
0.029015 2.0236 0.044673
0.029228 2.0581 0.04843
0.029444 1.9653 0.043716
0.029661 2.2651 0.047421
0.029879 2.008 0.046703
0.0301 2.3055 0.045914
0.030321 2.3547 0.051792
0.030545 2.0515 0.041961
0.03077 2.3298 0.047422
0.030997 2.3581 0.048734
0.031225 2.4767 0.044993
0.031455 2.385 0.048833
0.031687 2.4085 0.044503
0.03192 2.6293 0.04935
0.032156 2.509 0.046678
0.032393 2.7092 0.047052
0.032631 2.5453 0.047309
0.032872 2.8218 0.047465
0.033114 2.7354 0.047563
0.033358 2.8826 0.048676
0.033604 2.8675 0.047174
0.033851 2.7727 0.045387
0.034101 3.0745 0.05232
0.034352 2.8491 0.043727
0.034605 3.2077 0.050745
0.03486 2.9561 0.046245
0.035117 3.3964 0.049054
0.035376 2.9475 0.045941
0.035637 3.4234 0.050152
0.035899 3.1685 0.04622
0.036164 3.5025 0.048356
0.03643 3.265 0.048854
0.036699 3.4902 0.046004
0.036969 3.3435 0.047477
0.037241 3.609 0.048505
0.037516 3.4678 0.047887
0.037792 3.5136 0.04596
0.038071 3.4824 0.046156
0.038351 3.797 0.049519
0.038634 3.4941 0.044322
0.038919 3.843 0.047956
0.039205 3.7109 0.046336
0.039494 3.8734 0.048673
0.039785 3.5834 0.04301
0.040079 3.9529 0.047623
0.040374 3.7218 0.044412
0.040671 3.9831 0.048102
0.040971 3.7641 0.044077
0.041273 3.689 0.043965
0.041577 3.822 0.044089
0.041883 3.8155 0.044544
0.042192 3.9608 0.04564
0.042503 3.5665 0.040974
0.042816 3.9264 0.043813
0.043132 3.7007 0.041526
0.04345 3.659 0.042297
0.04377 3.7435 0.042191
0.044092 3.5593 0.040457
0.044417 3.5716 0.040392
0.044744 3.505 0.03864
0.045074 3.4261 0.039052
0.045406 3.3155 0.038054
0.045741 3.3538 0.037975
0.046078 3.296 0.037531
0.046417 3.1068 0.035892
0.04676 3.0743 0.036137
0.047104 2.9287 0.034046
0.047451 2.8414 0.033068
0.047801 2.7507 0.032812
0.048153 2.6739 0.032261
0.048508 2.5374 0.030583
0.048865 2.3844 0.029968
0.049225 2.4035 0.030008
0.049588 2.198 0.028063
0.049954 2.2233 0.028261
0.050322 2.1232 0.028019
0.050693 2.0047 0.026012
0.051066 1.8901 0.025604
0.051442 1.8278 0.024872
0.051821 1.7398 0.024063
0.052203 1.5859 0.022924
0.052588 1.6578 0.023081
0.052975 1.5001 0.022012
0.053366 1.3575 0.020659
0.053759 1.3015 0.020117
0.054155 1.2927 0.019938
0.054554 1.2268 0.018852
0.054956 1.1272 0.018324
0.055361 1.1245 0.018053
0.055769 1.0812 0.01789
0.05618 0.98891 0.016712
0.056594 0.91103 0.015948
0.057011 0.90293 0.015737
0.057431 0.88509 0.015706
0.057854 0.82422 0.014824
0.058281 0.75734 0.014296
0.05871 0.73803 0.013799
0.059143 0.66836 0.013124
0.059579 0.68549 0.013217
0.060018 0.65064 0.012684
0.06046 0.59074 0.012061
0.060905 0.56171 0.01166
0.061354 0.55793 0.011644
0.061806 0.54706 0.011366
0.062262 0.52776 0.0111
0.062721 0.49616 0.010601
0.063183 0.47484 0.010475
0.063648 0.45696 0.010104
0.064117 0.44597 0.0097835
0.06459 0.4348 0.0096904
0.065066 0.43856 0.0096662
0.065545 0.42542 0.0095312
0.066028 0.41377 0.0093574
0.066515 0.39633 0.0088925
0.067005 0.39895 0.0090039
0.067499 0.38814 0.008922
0.067996 0.36694 0.0084531
0.068497 0.36868 0.0083479
0.069002 0.34899 0.0082584
0.06951 0.34258 0.0079823
0.070023 0.37163 0.0082438
0.070539 0.37054 0.0082961
0.071058 0.3419 0.0077809
0.071582 0.34815 0.0077969
0.072109 0.34282 0.0077967
0.072641 0.33355 0.0075654
0.073176 0.32934 0.0074867
0.073715 0.32745 0.0074079
0.074258 0.31751 0.007174
0.074806 0.32248 0.0072844
0.075357 0.32132 0.0071836
0.075912 0.32198 0.007143
0.076472 0.31982 0.0069746
0.077035 0.31193 0.0069663
0.077603 0.30048 0.0067512
0.078175 0.30383 0.0067099
0.078751 0.3062 0.0067108
0.079331 0.2905 0.0064965
0.079916 0.28641 0.0064148
0.080504 0.29771 0.0065263
0.081098 0.28459 0.0061905
0.081695 0.28295 0.0063295
0.082297 0.27436 0.0059859
0.082904 0.25725 0.0058862
0.083515 0.25874 0.0057481
0.08413 0.25298 0.005739
0.08475 0.24724 0.0056552
0.085374 0.24815 0.0055701
0.086004 0.23716 0.0054825
0.086637 0.23065 0.0052473
0.087276 0.23052 0.0052095
0.087919 0.22647 0.0052224
0.088567 0.22981 0.005192
0.089219 0.23086 0.0051754
0.089877 0.2272 0.0050614
0.090539 0.21713 0.0049129
0.091206 0.20375 0.004725
0.091878 0.20873 0.0047938
0.092555 0.19509 0.0046021
0.093237 0.20095 0.0045744
0.093924 0.19197 0.0044493
0.094616 0.18424 0.0043912
0.095314 0.18618 0.004329
0.096016 0.17531 0.0041797
0.096724 0.17226 0.0041644
0.097436 0.17192 0.0041198
0.098154 0.16141 0.003887
0.098878 0.16279 0.0039373
0.099606 0.1674 0.003979
0.10034 0.16075 0.0038052
0.10108 0.14923 0.0036986
0.10182 0.15296 0.0037012
0.10257 0.14648 0.0035752
0.10333 0.149 0.0036294
0.10409 0.1473 0.0035191
0.10486 0.1464 0.0035354
0.10563 0.14473 0.0034654
0.10641 0.14022 0.0033975
0.10719 0.13764 0.0033662
0.10798 0.14205 0.0033323
0.10878 0.13023 0.0032431
0.10958 0.1327 0.0031817
0.11039 0.1349 0.0032416
0.1112 0.13871 0.0032042
0.11202 0.13145 0.0031684
0.11285 0.13502 0.0031127
0.11368 0.14015 0.0031986
0.11452 0.13512 0.0030609
0.11536 0.13663 0.0031168
0.11621 0.13847 0.0030852
0.11707 0.14327 0.0031179
0.11793 0.13471 0.0030097
0.1188 0.1432 0.0030557
0.11967 0.14805 0.0031262
0.12056 0.15297 0.0031046
0.12144 0.15427 0.0031027
0.12234 0.16193 0.0031984
0.12324 0.17365 0.0032217
0.12415 0.22772 0.0036739
0.12506 0.43391 0.0050695
0.12598 0.98085 0.0073786
0.12691 1.6205 0.0094973
0.12785 1.7638 0.0098348
0.12879 1.2736 0.0083301
0.12974 0.65214 0.0058848
0.1307 0.33488 0.0042116
0.13166 0.22551 0.0034622
0.13263 0.19926 0.0032345
0.13361 0.19719 0.0031785
0.13459 0.19701 0.003162
0.13558 0.19779 0.0031314
0.13658 0.19871 0.0031557
0.13759 0.20332 0.0031319
0.1386 0.20944 0.0031625
0.13962 0.20522 0.0031152
0.14065 0.22048 0.0031857
0.14169 0.2253 0.0032026
0.14273 0.23131 0.0032316
0.14378 0.23492 0.0032157
0.14484 0.2348 0.0032004
0.14591 0.24606 0.0032466
0.14699 0.25276 0.0032817
0.14807 0.26615 0.0033292
0.14916 0.26739 0.0033094
0.15026 0.27425 0.0033206
0.15137 0.2854 0.0033753
0.15248 0.2762 0.0032832
0.15361 0.27559 0.003268
0.15474 0.2675 0.0031884
0.15588 0.27009 0.0031899
0.15703 0.26558 0.0031323
0.15818 0.2559 0.0030558
0.15935 0.24673 0.0029826
0.16052 0.25523 0.0029986
0.16171 0.24823 0.0029442
0.1629 0.23782 0.002867
0.1641 0.23246 0.0028105
0.16531 0.21939 0.002719
0.16653 0.2152 0.0026642
0.16775 0.20441 0.0025813
0.16899 0.19687 0.0025158
0.17023 0.19106 0.0024681
0.17149 0.18016 0.0023775
0.17275 0.17288 0.0023078
0.17403 0.16606 0.0022538
0.17531 0.15558 0.0021715
0.1766 0.15327 0.002127
0.1779 0.14451 0.0020631
0.17921 0.13792 0.0019947
0.18053 0.13376 0.0019603
0.18186 0.13068 0.0019177
0.1832 0.12394 0.0018594
0.18455 0.11738 0.0017994
0.18591 0.11587 0.0017735
0.18728 0.10728 0.0016941
0.18866 0.10273 0.0016576
0.19005 0.096919 0.0015859
0.19145 0.095602 0.0015794
0.19286 0.090124 0.0015157
0.19429 0.086929 0.0014816
0.19572 0.08359 0.0014479
