#
0.0050184 20.016 6.4868
0.0050554 20.06 7.2525
0.0050926 14.906 6.2809
0.0051301 9.8519 4.587
0.0051679 11.493 4.5228
0.005206 35.524 13.568
0.0052444 20.016 14.505
0.005283 NaN NaN
0.005322 23.588 9.0453
0.0053612 14.826 6.281
0.0054007 11.558 4.5228
0.0054405 18.039 4.3515
0.0054806 9.7834 4.1874
0.005521 18.33 5.6695
0.0055616 28.178 7.6752
0.0056026 5.7353 3.5532
0.0056439 13.285 4.835
0.0056855 13.214 6.8378
0.0057274 14.817 8.8826
0.0057696 4.7381 3.6266
0.0058121 9.7509 5.1285
0.0058549 15.548 4.2641
0.0058981 20.051 8.3744
0.0059416 14.941 6.2809
0.0059853 17.096 5.0757
0.0060294 9.7775 7.2528
0.0060739 9.0308 2.7332
0.0061186 7.2578 4.4415
0.0061637 9.8706 3.6263
0.0062091 7.4924 3.0153
0.0062549 9.7456 4.5871
0.006301 14.888 8.8826
0.0063474 8.5265 3.3922
0.0063942 -0.33684 NaN
0.0064413 19.998 10.257
0.0064888 4.6849 5.1288
0.0065366 16.917 3.7006
0.0065847 7.2046 2.5643
0.0066333 5.085 2.2842
0.0066821 5.4453 2.9307
0.0067314 11.861 5.0248
0.006781 3.7195 2.9013
0.006831 2.0854 2.5649
0.0068813 5.8827 2.8671
0.006932 3.9194 2.5382
0.0069831 3.0878 3.4193
0.0070345 14.221 4.6335
0.0070864 8.511 2.3987
0.0071386 10.802 3.23
0.0071912 6.4947 4.8352
0.0072442 7.2666 3.1406
0.0072976 7.5397 3.0153
0.0073513 4.679 2.0938
0.0074055 9.711 3.6264
0.0074601 9.774 4.5871
0.0075151 -0.49639 NaN
0.0075704 4.188 2.2795
0.0076262 6.1095 2.198
0.0076824 6.9949 2.6374
0.007739 7.5594 3.0153
0.0077961 4.3989 1.7067
0.0078535 3.8383 2.5383
0.0079114 7.3243 3.1406
0.0079697 -0.42548 NaN
0.0080284 1.5974 2.052
0.0080876 1.1851 1.1162
0.0081471 6.1942 2.0012
0.0082072 13.518 3.6113
0.0082677 3.965 1.7948
0.0083286 7.011 2.6374
0.00839 6.3588 3.4191
0.0084518 8.6832 3.2235
0.0085141 -0.45003 NaN
0.0085768 5.3947 2.0723
0.00864 3.7337 2.9013
0.0087037 5.1043 2.2842
0.0087678 3.1714 1.4781
0.0088324 3.0464 1.396
0.0088975 6.8106 2.7138
0.0089631 2.5175 1.4655
0.0090291 4.6813 2.2937
0.0090956 2.3813 1.6153
0.0091627 14.977 8.8825
0.0092302 7.6025 2.0909
0.0092982 3.8465 1.3516
0.0093667 3.4184 1.5705
0.0094357 2.0677 2.5649
0.0095053 3.8015 1.5271
0.0095753 6.3883 2.7917
0.0096459 2.9956 1.5292
0.0097169 4.679 2.0939
0.0097885 4.9012 1.6201
0.0098607 3.3851 1.5705
0.0099333 4.1368 2.2795
0.010007 2.0303 1.0052
0.01008 3.9996 1.6963
0.010155 2.6124 1.7769
0.010229 4.6672 2.0939
0.010305 3.9951 1.6963
0.010381 6.7892 2.0901
0.010457 2.9979 1.1837
0.010534 3.246 1.3189
0.010612 2.0721 1.8137
0.01069 2.081 1.2824
0.010769 2.2504 1.3679
0.010848 3.4631 1.3817
0.010928 4.4264 1.5447
0.011009 2.4477 1.0857
0.01109 0.31982 0.78975
0.011171 3.9481 1.4654
0.011254 1.8084 1.14
0.011337 1.0574 1.0365
0.01142 0.99727 0.80787
0.011504 4.4781 1.3235
0.011589 3.9983 1.4104
0.011675 4.9334 1.7073
0.011761 1.769 1.14
0.011847 2.3201 1.6154
0.011935 1.7115 0.89758
0.012023 2.702 1.0138
0.012111 3.6522 1.4507
0.0122 1.4791 0.9772
0.01229 2.3733 1.1422
0.012381 2.1238 1.0471
0.012472 1.8507 1.0428
0.012564 1.8813 0.9666
0.012657 2.1889 1.0053
0.01275 2.3892 1.0006
0.012844 2.4077 1.2744
0.012938 4.2468 1.3667
0.013034 0.88454 0.77282
0.01313 2.5911 0.84065
0.013227 1.4528 0.84974
0.013324 4.3551 1.7067
0.013422 0.98018 0.73301
0.013521 1.585 1.026
0.013621 3.3772 0.99327
0.013721 0.89219 0.66207
0.013822 4.0391 1.3609
0.013924 0.98718 0.63739
0.014027 0.17121 0.64183
0.01413 1.2652 0.69817
0.014234 1.9971 0.80996
0.014339 0.90876 0.6202
0.014445 2.5819 1.0747
0.014551 1.9544 1.207
0.014658 2.6939 0.81086
0.014766 2.7064 0.94512
0.014875 1.1773 0.74017
0.014985 3.1658 1.0975
0.015095 1.5324 0.75407
0.015206 2.28 0.90522
0.015319 2.0743 0.79129
0.015431 0.8719 0.55863
0.015545 0.15801 0.42715
0.01566 3.2917 1.2015
0.015775 2.057 0.7913
0.015891 1.7491 0.66723
0.016008 2.1275 0.90681
0.016126 2.2316 0.85377
0.016245 2.8625 1.0007
0.016365 2.6226 0.77427
0.016486 2.2752 0.82992
0.016607 1.9356 0.69689
0.016729 0.91603 0.68415
0.016853 1.9601 0.73975
0.016977 1.9732 0.69687
0.017102 2.2408 0.77259
0.017228 0.4779 0.53877
0.017355 1.8312 0.63781
0.017483 1.034 0.56563
0.017612 0.7149 0.50997
0.017741 2.0675 0.72531
0.017872 2.3918 0.78702
0.018004 1.5772 0.66219
0.018136 1.7788 0.59984
0.01827 1.6216 0.69958
0.018405 2.4922 0.89543
0.01854 2.7139 0.66488
0.018677 2.1416 0.74041
0.018815 2.2895 0.73822
0.018953 2.559 0.75994
0.019093 1.7701 0.61655
0.019234 3.2228 0.76873
0.019375 1.3422 0.59197
0.019518 0.95793 0.53237
0.019662 1.0462 0.4538
0.019807 1.7839 0.62701
0.019953 3.1465 0.85342
0.0201 1.1982 0.50049
0.020248 1.8459 0.57803
0.020397 2.6519 0.72128
0.020547 1.8882 0.64899
0.020699 1.8005 0.58437
0.020851 2.4083 0.60912
0.021005 1.8104 0.627
0.02116 1.9482 0.60353
0.021316 2.3129 0.58684
0.021473 2.2756 0.66095
0.021631 1.2945 0.50064
0.02179 2.2163 0.61261
0.021951 0.89515 0.40043
0.022113 2.0896 0.62209
0.022276 2.7823 0.68741
0.02244 1.6297 0.47306
0.022605 1.0353 0.49655
0.022772 1.3001 0.46822
0.02294 1.9007 0.51105
0.023109 1.1387 0.44578
0.023279 1.6127 0.56914
0.02345 2.518 0.55966
0.023623 2.4715 0.56713
0.023797 1.0159 0.46359
0.023973 2.0213 0.49806
0.024149 3.5738 0.68192
0.024327 2.3537 0.56371
0.024507 2.117 0.54071
0.024687 2.8111 0.55907
0.024869 1.9557 0.53982
0.025052 2.3278 0.51635
0.025237 2.7051 0.59656
0.025423 3.0718 0.61389
0.02561 1.462 0.42748
0.025799 2.7628 0.5539
0.025989 1.9173 0.53355
0.026181 2.4734 0.50271
0.026373 2.4525 0.52406
0.026568 1.5607 0.4436
0.026764 2.4541 0.50373
0.026961 2.4357 0.5193
0.027159 1.3708 0.42196
0.02736 2.9773 0.51948
0.027561 3.1469 0.60348
0.027764 2.1985 0.44962
0.027969 2.2144 0.48866
0.028175 2.5947 0.50328
0.028383 2.5801 0.50874
0.028592 3.2684 0.55223
0.028802 1.8281 0.42833
0.029015 2.9439 0.49883
0.029228 3.825 0.60051
0.029444 2.4801 0.4594
0.029661 2.913 0.49702
0.029879 2.4277 0.48093
0.0301 3.454 0.51402
0.030321 4.1628 0.62361
0.030545 3.0831 0.47391
0.03077 3.1577 0.50879
0.030997 2.2078 0.44609
0.031225 3.1712 0.46746
0.031455 3.1489 0.51666
0.031687 3.7298 0.50425
0.03192 4.2618 0.56811
0.032156 2.9553 0.46681
0.032393 3.2385 0.47134
0.032631 3.2611 0.49022
0.032872 3.9014 0.50719
0.033114 3.4997 0.49234
0.033358 4.2162 0.53267
0.033604 4.062 0.50941
0.033851 3.3765 0.45901
0.034101 4.5407 0.5733
0.034352 4.0451 0.47278
0.034605 3.7002 0.49615
0.03486 2.9688 0.42748
0.035117 4.3143 0.49931
0.035376 3.9776 0.48467
0.035637 4.2734 0.50629
0.035899 3.6237 0.45098
0.036164 3.8283 0.46006
0.03643 4.4953 0.5179
0.036699 4.251 0.45906
0.036969 3.2265 0.42843
0.037241 4.1684 0.47192
0.037516 3.547 0.4424
0.037792 4.097 0.45074
0.038071 3.3355 0.41423
0.038351 4.2059 0.47238
0.038634 3.8222 0.42154
0.038919 5.1211 0.49636
0.039205 4.0981 0.44218
0.039494 4.5198 0.474
0.039785 4.4178 0.43149
0.040079 3.5153 0.41104
0.040374 4.1227 0.42356
0.040671 3.7087 0.42278
0.040971 3.9779 0.41077
0.041273 3.4894 0.39101
0.041577 4.6948 0.43986
0.041883 4.15 0.42093
0.042192 4.045 0.41856
0.042503 3.8181 0.38571
0.042816 4.0498 0.4039
0.043132 3.631 0.37558
0.04345 3.4724 0.37717
0.04377 3.9155 0.39126
0.044092 3.5327 0.36905
0.044417 4.0928 0.39213
0.044744 3.5086 0.35328
0.045074 3.5539 0.36322
0.045406 4.3421 0.39382
0.045741 3.2528 0.3436
0.046078 4.6797 0.40304
0.046417 3.5145 0.34921
0.04676 3.1635 0.33648
0.047104 3.1628 0.32551
0.047451 3.2163 0.32281
0.047801 2.3097 0.28321
0.048153 3.0734 0.31875
0.048508 2.7317 0.2944
0.048865 2.7679 0.29949
0.049225 2.8567 0.30297
0.049588 2.5566 0.28237
0.049954 2.6902 0.28924
0.050322 2.5794 0.28752
0.050693 2.5799 0.27509
0.051066 2.6411 0.28148
0.051442 2.3422 0.26423
0.051821 1.7837 0.2342
0.052203 2.2822 0.25857
0.052588 2.2246 0.25192
0.052975 1.9433 0.23929
0.053366 1.7811 0.22816
0.053759 1.8518 0.23021
0.054155 1.5856 0.21493
0.054554 1.4806 0.20354
0.054956 1.5552 0.21034
0.055361 1.7781 0.21863
0.055769 1.6577 0.2146
0.05618 1.3846 0.196
0.056594 0.997 0.17298
0.057011 1.2293 0.18482
0.057431 1.5031 0.20072
0.057854 1.0212 0.17078
0.058281 1.2594 0.18482
0.05871 0.94993 0.16402
0.059143 0.74885 0.15125
0.059579 0.97876 0.16407
0.060018 0.9451 0.15915
0.06046 0.85454 0.15415
0.060905 0.91679 0.15558
0.061354 0.83428 0.15201
0.061806 0.97992 0.15839
0.062262 0.60878 0.1356
0.062721 0.85502 0.1481
0.063183 0.84766 0.14912
0.063648 0.81621 0.14415
0.064117 0.82654 0.14193
0.06459 0.63753 0.13101
0.065066 0.69318 0.13382
0.065545 0.68428 0.13403
0.066028 0.67052 0.13192
0.066515 0.88667 0.14023
0.067005 0.35416 0.10991
0.067499 0.65849 0.12943
0.067996 0.89215 0.13821
0.068497 0.72252 0.12763
0.069002 0.61365 0.12316
0.06951 0.66539 0.12325
0.070023 0.577 0.11763
0.070539 0.5167 0.1148
0.071058 0.54268 0.11306
0.071582 0.4276 0.10558
0.072109 0.48882 0.11023
0.072641 0.60654 0.11503
0.073176 0.76994 0.12309
0.073715 0.38562 0.1012
0.074258 0.77201 0.12008
0.074806 0.3537 0.098602
0.075357 0.4904 0.10503
0.075912 0.33474 0.095654
0.076472 0.39255 0.096383
0.077035 0.47009 0.10231
0.077603 0.34787 0.094064
0.078175 0.40108 0.096198
0.078751 0.35265 0.093085
0.079331 0.44633 0.097691
0.079916 0.37844 0.093177
0.080504 0.62355 0.10538
0.081098 0.40748 0.091593
0.081695 0.48495 0.098417
0.082297 0.54232 0.097368
0.082904 0.29244 0.084971
0.083515 0.47626 0.092828
0.08413 0.40502 0.089815
0.08475 0.29087 0.083612
0.085374 0.37299 0.086659
0.086004 0.51757 0.093804
0.086637 0.37 0.08437
0.087276 0.33479 0.081504
0.087919 0.42197 0.087267
0.088567 0.26611 0.078028
0.089219 0.2701 0.077655
0.089877 0.42112 0.084135
0.090539 0.29144 0.077228
0.091206 0.43391 0.083062
0.091878 0.20768 0.0718
0.092555 0.3253 0.077954
0.093237 0.31145 0.075261
0.093924 0.25854 0.072536
0.094616 0.30963 0.075428
0.095314 0.30254 0.073637
0.096016 0.35007 0.075795
0.096724 0.324 0.07483
0.097436 0.32586 0.074067
0.098154 0.21066 0.066486
0.098878 0.2253 0.067673
0.099606 0.31981 0.072449
0.10034 0.18449 0.063671
0.10108 0.17742 0.06394
0.10182 0.14836 0.061862
0.10257 0.226 0.064796
0.10333 0.20693 0.064455
0.10409 0.2339 0.064117
0.10486 0.21539 0.063674
0.10563 0.26624 0.064898
0.10641 0.29036 0.065622
0.10719 0.16918 0.059883
0.10798 0.11677 0.056096
0.10878 0.18017 0.059964
0.10958 0.23772 0.060902
0.11039 0.14005 0.056877
0.1112 0.23812 0.060118
0.11202 0.14014 0.056234
0.11285 0.22678 0.058467
0.11368 0.12841 0.054408
0.11452 0.19729 0.056084
0.11536 0.26008 0.059681
0.11621 0.1827 0.055421
0.11707 0.13049 0.052637
0.11793 0.12302 0.052028
0.1188 0.18363 0.054234
0.11967 0.24005 0.056775
0.12056 0.14433 0.051591
0.12144 0.21678 0.054307
0.12234 0.2299 0.055254
0.12324 0.14326 0.050273
0.12415 0.12953 0.049705
0.12506 0.012651 0.044579
0.12598 0.11744 0.048021
0.12691 0.073482 0.04613
0.12785 0.13538 0.048758
0.12879 0.20548 0.051443
0.12974 0.18436 0.049466
0.1307 0.21321 0.050405
0.13166 0.24459 0.051585
0.13263 0.06798 0.044044
0.13361 0.20571 0.048869
0.13459 0.20957 0.048813
0.13558 0.19282 0.047565
0.13658 0.12544 0.045308
0.13759 0.18943 0.04672
0.1386 0.20946 0.047403
0.13962 0.16235 0.045416
0.14065 0.15037 0.044304
0.14169 0.16376 0.044797
0.14273 0.1716 0.04471
0.14378 0.14293 0.043141
0.14484 0.083698 0.040851
0.14591 0.17769 0.043922
0.14699 0.19023 0.044252
0.14807 0.13316 0.041704
0.14916 0.12817 0.041235
0.15026 0.19127 0.042851
0.15137 0.15609 0.041581
0.15248 0.15412 0.040928
0.15361 0.15984 0.040928
0.15474 0.05714 0.037162
0.15588 0.18698 0.04133
0.15703 0.10269 0.038058
0.15818 0.11661 0.038296
0.15935 0.17051 0.0399
0.16052 0.089591 0.036708
0.16171 0.14408 0.038559
0.1629 0.068882 0.035606
0.1641 0.075873 0.035661
0.16531 0.084863 0.035732
0.16653 0.17944 0.038344
0.16775 0.10296 0.035818
0.16899 0.11811 0.036037
0.17023 0.13317 0.036291
0.17149 0.16459 0.036904
0.17275 0.11351 0.034896
0.17403 0.16238 0.036344
0.17531 0.10087 0.034265
0.1766 0.11246 0.034142
0.1779 0.083584 0.033143
0.17921 0.12654 0.034045
0.18053 0.095945 0.03311
0.18186 0.12231 0.03349
0.1832 0.10877 0.032938
0.18455 0.046988 0.030873
0.18591 0.13455 0.033282
0.18728 0.076568 0.031146
0.18866 0.11331 0.032175
0.19005 0.041959 0.029601
0.19145 0.1313 0.032293
0.19286 0.13745 0.032114
0.19429 0.10894 0.031113
0.19572 0.053696 0.029552
