#
0.0050184 10.282 4.8323
0.0050554 10.328 5.4027
0.0050926 10.3 5.4027
0.0051301 3.896 3.0565
0.0051679 10.306 4.4113
0.005206 15.815 9.3574
0.0052444 -0.52293 NaN
0.005283 NaN NaN
0.005322 17.646 8.0535
0.0053612 15.618 6.6168
0.0054007 6.7734 3.6019
0.0054405 6.0382 2.6469
0.0054806 12.107 4.7647
0.005521 8.5057 4.027
0.0055616 8.0758 4.3223
0.0056026 10.364 4.8323
0.0056439 4.9914 3.1194
0.0056855 3.1159 3.6023
0.0057274 15.609 9.3576
0.0057696 13.095 6.0402
0.0058121 12.973 6.0403
0.0058549 6.7755 2.9409
0.0058981 6.7174 5.0939
0.0059416 18.441 7.1468
0.0059853 7.2052 3.4518
0.0060294 10.3 7.6406
0.0060739 2.8647 1.6626
0.0061186 10.347 5.4026
0.0061637 17.151 4.8697
0.0062091 6.6925 2.941
0.0062549 3.7839 3.0566
0.006301 21.086 10.805
0.0063474 7.6318 3.3085
0.0063942 7.7485 4.6788
0.0064413 -0.54161 NaN
0.0064888 -0.4669 NaN
0.0065366 10.342 2.9969
0.0065847 6.6894 2.547
0.0066333 5.3569 2.4063
0.0066821 -0.43755 NaN
0.0067314 8.173 4.3222
0.006781 6.0793 3.7432
0.006831 15.703 6.6167
0.0068813 3.4961 2.3398
0.006932 5.6724 3.0874
0.0069831 3.2529 3.6021
0.0070345 10.351 4.084
0.0070864 6.2649 2.1357
0.0071386 3.5214 1.9648
0.0071912 14.045 7.2033
0.0072442 10.356 3.8202
0.0072976 5.5418 2.6848
0.0073513 8.5306 2.8475
0.0074055 4.828 2.7016
0.0074601 -0.50799 NaN
0.0075151 10.282 7.6406
0.0075704 4.4119 2.4013
0.0076262 11.067 2.9892
0.0076824 3.4399 1.9649
0.007739 4.3621 2.4014
0.0077961 2.0918 1.2715
0.0078535 4.0435 2.674
0.0079114 0.96304 1.3512
0.0079697 6.7548 5.0939
0.0080284 1.6828 2.1617
0.0080876 7.0663 2.4936
0.0081471 5.8898 2.0101
0.0082072 4.4188 2.1967
0.0082677 4.177 1.8907
0.0083286 3.4569 1.9649
0.00839 1.2965 1.8016
0.0084518 1.9445 1.6983
0.0085141 2.0193 1.44
0.0085768 1.0526 1.092
0.00864 1.7724 2.1616
0.0087037 3.4128 1.9649
0.0087678 4.6121 1.7979
0.0088324 3.2093 1.4706
0.0088975 3.9334 2.1612
0.0089631 1.8804 1.3371
0.0090291 2.7707 1.8719
0.0090956 3.4909 1.9648
0.0091627 -0.42955 NaN
0.0092302 2.891 1.3933
0.0092982 0.45059 0.63721
0.0093667 4.2764 1.7869
0.0094357 4.8793 3.8206
0.0095053 2.2987 1.272
0.0095753 6.7299 2.941
0.0096459 3.8761 1.7647
0.0097169 3.1284 1.8012
0.0097885 3.1053 1.3616
0.0098607 0.1897 0.67612
0.0099333 -0.44408 NaN
0.010007 3.0033 1.2227
0.01008 3.5381 1.6545
0.010155 4.913 2.4164
0.010229 5.8171 2.3825
0.010305 3.5334 1.6545
0.010381 5.2455 1.907
0.010457 3.9893 1.3786
0.010534 3.9107 1.4736
0.010612 2.1829 1.9106
0.01069 2.1922 1.351
0.010769 4.5317 1.9061
0.010848 3.6482 1.4555
0.010928 1.0615 0.89163
0.011009 2.1464 1.0589
0.01109 0.33692 0.83198
0.011171 0.55766 0.72819
0.011254 3.1056 1.4707
0.011337 -0.42955 NaN
0.01142 3.0151 1.2997
0.011504 2.4821 1.0541
0.011589 1.3935 0.93995
0.011675 3.4911 1.5049
0.011761 0.66305 0.84955
0.011847 1.4619 1.3897
0.011935 2.1889 1.0213
0.012023 2.8465 1.068
0.012111 0.065853 0.54105
0.0122 2.5872 1.2606
0.01229 2.0091 1.0985
0.012381 4.9385 1.5597
0.012472 0.9674 0.85115
0.012564 -0.095881 0.41645
0.012657 2.7061 1.1322
0.01275 0.65403 0.64578
0.012844 3.737 1.5884
0.012938 1.5649 0.92962
0.013034 0.93184 0.81414
0.01313 1.5018 0.69483
0.013227 0.73015 0.69359
0.013324 -0.49657 NaN
0.013422 2.1902 1.0213
0.013521 0.58928 0.7646
0.013621 1.3968 0.71498
0.013721 0.93989 0.69747
0.013822 3.8228 1.367
0.013924 2.2405 0.90065
0.014027 0.85566 0.95561
0.01413 2.8335 0.99566
0.014234 1.8196 0.80449
0.014339 0.081288 0.41359
0.014445 1.1193 0.80076
0.014551 0.78775 0.89942
0.014658 1.7355 0.69755
0.014766 2.2509 0.90065
0.014875 1.5888 0.8541
0.014985 2.2895 0.98612
0.015095 0.7139 0.60068
0.015206 2.7197 1.0052
0.015319 1.3946 0.69753
0.015431 0.91852 0.5885
0.015545 1.1198 0.71095
0.01566 1.0667 0.80081
0.015775 1.9035 0.79086
0.015891 1.4189 0.63585
0.016008 1.9036 0.89363
0.016126 2.0665 0.85329
0.016245 1.1088 0.71096
0.016365 2.1512 0.73528
0.016486 2.3968 0.87429
0.016607 1.6154 0.67023
0.016729 3.126 1.1392
0.016853 1.1253 0.62179
0.016977 0.80753 0.51927
0.017102 0.95133 0.57567
0.017228 0.50345 0.56758
0.017355 2.1154 0.69726
0.017483 2.2148 0.78001
0.017612 1.9537 0.75953
0.017741 1.737 0.69756
0.017872 0.91043 0.56344
0.018004 1.441 0.66183
0.018136 1.3674 0.56018
0.01827 -0.010594 0.34789
0.018405 0.63505 0.56911
0.01854 1.5449 0.54655
0.018677 1.8059 0.71207
0.018815 1.373 0.62364
0.018953 2.0955 0.72167
0.019093 1.3245 0.56972
0.019234 1.2003 0.53414
0.019375 2.0373 0.72002
0.019518 1.4329 0.63585
0.019662 1.6784 0.55818
0.019807 0.41424 0.40989
0.019953 1.408 0.63587
0.0201 1.8978 0.61561
0.020248 0.8793 0.45683
0.020397 1.748 0.6286
0.020547 1.0414 0.53644
0.020699 1.2612 0.52725
0.020851 1.7164 0.54729
0.021005 1.5409 0.60763
0.02116 1.4168 0.55068
0.021316 1.6459 0.52727
0.021473 1.5532 0.58507
0.021631 2.1246 0.62766
0.02179 1.5948 0.55403
0.021951 0.81589 0.40223
0.022113 1.8836 0.61563
0.022276 2.3136 0.65507
0.02244 2.3852 0.56816
0.022605 1.9621 0.65229
0.022772 1.3696 0.49325
0.02294 1.415 0.46998
0.023109 2.241 0.59675
0.023279 0.53535 0.40751
0.02345 2.0957 0.53438
0.023623 1.6841 0.50124
0.023797 1.842 0.59803
0.023973 2.0245 0.51409
0.024149 1.8224 0.52938
0.024327 2.717 0.61714
0.024507 1.8739 0.5312
0.024687 1.8506 0.48446
0.024869 1.6789 0.52432
0.025052 3.1592 0.60603
0.025237 2.256 0.56961
0.025423 2.2231 0.55156
0.02561 2.2278 0.51995
0.025799 1.4098 0.43629
0.025989 1.3916 0.48683
0.026181 2.3333 0.5057
0.026373 2.3854 0.53399
0.026568 1.3383 0.43268
0.026764 2.6777 0.53864
0.026961 1.4854 0.43948
0.027159 2.5654 0.55848
0.02736 2.2292 0.47397
0.027561 2.4677 0.56071
0.027764 2.6362 0.49998
0.027969 1.863 0.46996
0.028175 3.082 0.55809
0.028383 2.4502 0.51314
0.028592 1.9853 0.46197
0.028802 2.8472 0.52989
0.029015 2.5649 0.48481
0.029228 2.3467 0.50117
0.029444 2.0837 0.44074
0.029661 3.6862 0.56727
0.029879 3.1484 0.55368
0.0301 2.9278 0.49263
0.030321 3.4997 0.59426
0.030545 2.1141 0.41668
0.03077 3.6267 0.55661
0.030997 3.3438 0.54822
0.031225 3.5315 0.50461
0.031455 3.395 0.5498
0.031687 3.6095 0.5116
0.03192 4.0574 0.57188
0.032156 3.0458 0.48711
0.032393 3.3481 0.49245
0.032631 3.8458 0.54292
0.032872 3.4269 0.49301
0.033114 3.9441 0.53437
0.033358 4.1858 0.54639
0.033604 5.0639 0.5791
0.033851 4.366 0.52969
0.034101 3.8137 0.54551
0.034352 3.5306 0.45816
0.034605 5.3971 0.60566
0.03486 3.4652 0.47097
0.035117 4.104 0.50236
0.035376 3.4661 0.46943
0.035637 4.1588 0.51465
0.035899 4.0798 0.48936
0.036164 4.2928 0.49838
0.03643 3.8825 0.49915
0.036699 4.667 0.49272
0.036969 5.3923 0.55521
0.037241 4.3405 0.49455
0.037516 4.3541 0.49897
0.037792 5.1581 0.51464
0.038071 4.2279 0.47373
0.038351 5.8883 0.56648
0.038634 4.5078 0.46719
0.038919 5.7209 0.53723
0.039205 5.9381 0.53849
0.039494 4.8566 0.50387
0.039785 5.1361 0.47538
0.040079 4.373 0.46627
0.040374 5.003 0.47573
0.040671 4.9017 0.4933
0.040971 4.994 0.46854
0.041273 5.5925 0.49783
0.041577 5.0646 0.46842
0.041883 5.3432 0.48574
0.042192 5.1208 0.47918
0.042503 4.9747 0.44721
0.042816 5.4839 0.47684
0.043132 4.2602 0.41512
0.04345 4.6854 0.44381
0.04377 5.013 0.45029
0.044092 5.0098 0.44412
0.044417 3.494 0.37628
0.044744 4.6244 0.41143
0.045074 4.6098 0.42001
0.045406 3.9965 0.3905
0.045741 4.2966 0.40015
0.046078 3.8658 0.38065
0.046417 4.3154 0.39383
0.04676 3.6301 0.36808
0.047104 2.4391 0.30017
0.047451 2.7597 0.31118
0.047801 3.5596 0.35114
0.048153 3.0561 0.32751
0.048508 2.5624 0.29521
0.048865 2.7695 0.30863
0.049225 2.6891 0.3042
0.049588 2.5819 0.2922
0.049954 2.9178 0.30852
0.050322 2.1424 0.27427
0.050693 2.4293 0.27643
0.051066 2.6206 0.28909
0.051442 1.6261 0.23528
0.051821 2.0859 0.25733
0.052203 1.7352 0.23871
0.052588 1.3202 0.21188
0.052975 1.7463 0.23664
0.053366 1.486 0.21965
0.053759 1.42 0.21451
0.054155 1.6465 0.22516
0.054554 1.6497 0.21908
0.054956 1.1765 0.19605
0.055361 1.4013 0.20602
0.055769 0.82847 0.17335
0.05618 1.218 0.19331
0.056594 1.2448 0.19343
0.057011 0.76417 0.1632
0.057431 1.1521 0.18816
0.057854 0.80762 0.16382
0.058281 0.82599 0.16571
0.05871 1.3796 0.19342
0.059143 0.76898 0.15809
0.059579 0.99171 0.17059
0.060018 0.76649 0.15405
0.06046 0.50134 0.13709
0.060905 0.7978 0.15403
0.061354 0.86015 0.15904
0.061806 0.72298 0.14904
0.062262 0.65931 0.14398
0.062721 0.90073 0.15602
0.063183 0.413 0.12707
0.063648 0.60209 0.13649
0.064117 0.62321 0.13517
0.06459 0.75463 0.14292
0.065066 0.41909 0.12156
0.065545 0.80287 0.14588
0.066028 0.60885 0.13314
0.066515 0.41354 0.11771
0.067005 0.68504 0.13517
0.067499 0.63076 0.13267
0.067996 0.43225 0.11671
0.068497 0.52932 0.12133
0.069002 0.48178 0.11987
0.06951 0.47311 0.11667
0.070023 0.50971 0.11823
0.070539 0.60129 0.12425
0.071058 0.53101 0.11676
0.071582 0.55749 0.11748
0.072109 0.46064 0.1129
0.072641 0.49449 0.11308
0.073176 0.61575 0.11945
0.073715 0.496 0.11188
0.074258 0.54056 0.11235
0.074806 0.48587 0.11052
0.075357 0.60261 0.11532
0.075912 0.55866 0.11248
0.076472 0.56481 0.10986
0.077035 0.42387 0.10377
0.077603 0.35489 0.098414
0.078175 0.4678 0.10384
0.078751 0.58502 0.10962
0.079331 0.42584 0.1005
0.079916 0.59603 0.10862
0.080504 0.4492 0.10027
0.081098 0.49093 0.099719
0.081695 0.33808 0.094249
0.082297 0.34235 0.090786
0.082904 0.40039 0.094656
0.083515 0.42394 0.093845
0.08413 0.47623 0.097178
0.08475 0.41463 0.093931
0.085374 0.34539 0.088782
0.086004 0.41034 0.092007
0.086637 0.46228 0.092503
0.087276 0.50472 0.093444
0.087919 0.40798 0.090097
0.088567 0.42284 0.089588
0.089219 0.34623 0.085064
0.089877 0.38371 0.08569
0.090539 0.21432 0.076405
0.091206 0.43221 0.086315
0.091878 0.34393 0.082252
0.092555 0.38372 0.084146
0.093237 0.27293 0.076494
0.093924 0.18667 0.071913
0.094616 0.37357 0.081783
0.095314 0.28832 0.076071
0.096016 0.31625 0.07734
0.096724 0.25797 0.074717
0.097436 0.32099 0.076958
0.098154 0.16567 0.067158
0.098878 0.22303 0.070569
0.099606 0.35113 0.076982
0.10034 0.23496 0.069093
0.10108 0.3105 0.073388
0.10182 0.27041 0.070803
0.10257 0.22502 0.067632
0.10333 0.218 0.067901
0.10409 0.24012 0.067252
0.10486 0.15664 0.063644
0.10563 0.41707 0.074312
0.10641 0.14592 0.061603
0.10719 0.31965 0.069637
0.10798 0.26325 0.065663
0.10878 0.17175 0.062304
0.10958 0.22199 0.062886
0.11039 0.21147 0.062942
0.1112 0.23427 0.062604
0.11202 0.1704 0.060325
0.11285 0.21749 0.060655
0.11368 0.16256 0.058602
0.11452 0.21302 0.059309
0.11536 0.15722 0.057733
0.11621 0.22327 0.059723
0.11707 0.21869 0.059052
0.11793 0.27009 0.060902
0.1188 0.1642 0.055872
0.11967 0.19355 0.057306
0.12056 0.11897 0.052892
0.12144 0.30328 0.060198
0.12234 0.21845 0.057232
0.12324 0.22296 0.055939
0.12415 0.11395 0.051386
0.12506 0.17271 0.054141
0.12598 0.14523 0.051494
0.12691 0.18981 0.053362
0.12785 0.15965 0.052067
0.12879 0.16574 0.052178
0.12974 0.28856 0.055701
0.1307 0.1151 0.048738
0.13166 0.23749 0.053589
0.13263 0.13518 0.049044
0.13361 0.069424 0.045601
0.13459 0.10944 0.047084
0.13558 0.064333 0.044611
0.13658 0.25349 0.052329
0.13759 0.24341 0.050819
0.1386 0.14466 0.047104
0.13962 0.07075 0.043931
0.14065 0.13396 0.045748
0.14169 0.089573 0.044051
0.14273 0.026381 0.041094
0.14378 0.097039 0.043432
0.14484 0.13127 0.044665
0.14591 0.19045 0.046385
0.14699 0.24906 0.048281
0.14807 0.057741 0.040843
0.14916 0.17249 0.044766
0.15026 0.17695 0.044301
0.15137 0.2132 0.045469
0.15248 0.11768 0.041544
0.15361 0.11515 0.04125
0.15474 0.16161 0.042737
0.15588 0.1079 0.040493
0.15703 0.1279 0.04078
0.15818 0.17288 0.042033
0.15935 0.13297 0.040481
0.16052 0.15611 0.040756
0.16171 0.085338 0.038385
0.1629 0.1304 0.039484
0.1641 0.18581 0.041046
0.16531 0.16613 0.040164
0.16653 0.12898 0.03849
0.16775 0.12328 0.038215
0.16899 0.13659 0.038351
0.17023 0.094499 0.03676
0.17149 0.13315 0.037632
0.17275 0.13119 0.037126
0.17403 0.11812 0.036661
0.17531 0.14267 0.037226
0.1766 0.14062 0.036643
0.1779 0.094668 0.035123
0.17921 0.16349 0.036761
0.18053 0.15681 0.036553
0.18186 0.070105 0.033489
0.1832 0.083463 0.033756
0.18455 0.11905 0.034642
0.18591 0.065306 0.032795
0.18728 0.078686 0.032752
0.18866 0.026739 0.031086
0.19005 0.12232 0.033485
0.19145 0.10004 0.032925
0.19286 0.15598 0.034137
0.19429 0.1166 0.032828
0.19572 0.082077 0.03187
