#
0.0050184 11.917 5.6011
0.0050554 8.8405 5.4233
0.0050926 2.5463 3.1318
0.0051301 12.03 5.601
0.0051679 11.946 5.113
0.005206 18.33 10.846
0.0052444 -0.60612 NaN
0.005283 NaN NaN
0.005322 7.9304 5.9041
0.0053612 8.7106 5.4234
0.0054007 14.113 5.5226
0.0054405 12.008 3.9605
0.0054806 18.208 6.262
0.005521 11.946 5.113
0.0055616 11.865 5.6011
0.0056026 17.022 6.627
0.0056439 9.9598 4.6675
0.0056855 7.786 5.9042
0.0057274 24.354 12.524
0.0057696 2.6546 3.1316
0.0058121 5.6447 4.4284
0.0058549 5.0704 2.7834
0.0058981 -0.56283 NaN
0.0059416 11.982 6.2621
0.0059853 8.3515 4.0009
0.0060294 -0.58447 NaN
0.0060739 10.064 3.1953
0.0061186 8.8621 5.4233
0.0061637 12.052 4.4279
0.0062091 10.54 3.9361
0.0062549 14.405 6.1356
0.006301 11.917 8.8561
0.0063474 7.2805 3.5008
0.0063942 12.112 6.262
0.0064413 -0.62777 NaN
0.0064888 -0.54118 NaN
0.0065366 4.2805 2.1545
0.0065847 4.6227 2.334
0.0066333 6.209 2.7891
0.0066821 3.0709 2.5307
0.0067314 1.9592 2.5056
0.006781 2.0371 2.5055
0.006831 2.5464 3.1318
0.0068813 5.6177 3.1314
0.006932 10.153 4.3827
0.0069831 3.7704 4.1751
0.0070345 4.8414 3.0992
0.0070864 3.348 1.7506
0.0071386 5.2201 2.5461
0.0071912 3.7559 4.1752
0.0072442 2.6113 2.2145
0.0072976 3.6405 2.4106
0.0073513 5.7133 2.5567
0.0074055 5.596 3.1314
0.0074601 1.9159 2.5057
0.0075151 -0.60612 NaN
0.0075704 2.3308 1.9684
0.0076262 3.882 2.0007
0.0076824 5.1257 2.5462
0.007739 2.273 1.9685
0.0077961 3.8979 1.8048
0.0078535 4.6868 3.0994
0.0079114 2.6817 2.2144
0.0079697 12.004 7.2309
0.0080284 4.4552 3.5428
0.0080876 6.2638 2.5491
0.0081471 4.6168 1.9494
0.0082072 0.56778 1.1395
0.0082677 8.4195 2.829
0.0083286 5.1453 2.5462
0.00839 3.59 2.9525
0.0084518 5.0368 2.7834
0.0085141 1.3772 1.363
0.0085768 3.9036 2.0007
0.00864 -0.45026 NaN
0.0087037 2.8172 1.9725
0.0087678 0.18912 0.73761
0.0088324 1.6326 1.2055
0.0088975 3.3067 2.1696
0.0089631 1.285 1.2657
0.0090291 4.4638 2.5051
0.0090956 1.7692 1.6107
0.0091627 5.7638 6.2625
0.0092302 3.3509 1.6149
0.0092982 1.0441 0.90432
0.0093667 2.6086 1.5659
0.0094357 2.5247 3.1319
0.0095053 3.3236 1.615
0.0095753 2.2346 1.9685
0.0096459 3.6578 1.8673
0.0097169 3.6261 2.0877
0.0097885 1.8102 1.1932
0.0098607 0.21988 0.78368
0.0099333 0.87676 1.3924
0.010007 2.9801 1.3257
0.01008 2.5355 1.5659
0.010155 0.68518 1.2533
0.010229 3.6116 2.0877
0.010305 2.5301 1.5659
0.010381 1.6599 1.2765
0.010457 2.6973 1.2748
0.010534 2.2558 1.2733
0.010612 0.96471 1.5665
0.01069 0.97553 1.1076
0.010769 0.2432 0.83592
0.010848 1.2468 1.0335
0.010928 1.8267 1.1932
0.011009 2.9887 1.3257
0.01109 3.2805 1.9272
0.011171 0.050014 0.5973
0.011254 -0.57486 NaN
0.011337 4.8693 2.1915
0.01142 1.787 1.1389
0.011504 2.877 1.2218
0.011589 4.3376 1.6338
0.011675 3.3874 1.6149
0.011761 1.4643 1.2057
0.011847 2.833 1.9725
0.011935 4.3262 1.4837
0.012023 2.908 1.1744
0.012111 1.9548 1.2528
0.0122 -0.57933 NaN
0.01229 4.0364 1.6104
0.012381 -0.015768 0.52274
0.012472 1.1213 0.98655
0.012564 2.2972 1.1803
0.012657 1.2813 0.92816
0.01275 1.6218 0.96605
0.012844 4.3314 1.8411
0.012938 0.36887 0.68191
0.013034 2.7136 1.3341
0.01313 0.032981 0.40317
0.013227 4.0931 1.4671
0.013324 3.1078 1.6477
0.013422 -0.14495 0.44829
0.013521 -0.56933 NaN
0.013621 3.4976 1.1291
0.013721 1.4934 0.90374
0.013822 1.4253 1.0024
0.013924 3.2926 1.154
0.014027 1.7745 1.3563
0.01413 2.5885 1.0439
0.014234 1.1203 0.73734
0.014339 1.1096 0.7573
0.014445 1.2973 0.92815
0.014551 1.6497 1.2765
0.014658 2.2671 0.84795
0.014766 0.1738 0.49261
0.014875 0.62956 0.7003
0.014985 0.63375 0.7003
0.015095 1.8711 0.92076
0.015206 1.679 0.90262
0.015319 1.3111 0.74857
0.015431 0.50803 0.55712
0.015545 1.6663 0.90263
0.01566 1.7002 1.0376
0.015775 1.2899 0.74859
0.015891 0.66241 0.54953
0.016008 1.0324 0.78318
0.016126 1.7362 0.87233
0.016245 1.2852 0.82406
0.016365 0.36681 0.47309
0.016486 0.94542 0.68346
0.016607 0.64459 0.54954
0.016729 0.70106 0.7236
0.016853 1.5766 0.77041
0.016977 2.1638 0.81471
0.017102 0.83042 0.60918
0.017228 1.3425 0.84902
0.017355 1.3723 0.6481
0.017483 0.47989 0.5223
0.017612 2.5427 0.9233
0.017741 0.7354 0.57192
0.017872 1.3217 0.70534
0.018004 2.6926 0.92182
0.018136 1.5849 0.6493
0.01827 0.27235 0.49357
0.018405 0.73607 0.65964
0.01854 0.77527 0.47903
0.018677 1.0495 0.63946
0.018815 2.0731 0.79908
0.018953 0.5735 0.51904
0.019093 -0.13456 0.29586
0.019234 1.3913 0.61911
0.019375 1.1572 0.63755
0.019518 0.18743 0.42587
0.019662 0.94346 0.50127
0.019807 1.3292 0.63713
0.019953 2.6142 0.88567
0.0201 0.35802 0.41226
0.020248 0.84279 0.49925
0.020397 1.8241 0.70003
0.020547 1.8662 0.729
0.020699 1.2776 0.58271
0.020851 1.831 0.61422
0.021005 1.1492 0.60072
0.02116 1.0896 0.55285
0.021316 1.2968 0.52934
0.021473 0.62614 0.47971
0.021631 1.5807 0.61131
0.02179 1.1622 0.54282
0.021951 2.7138 0.69128
0.022113 1.4465 0.61114
0.022276 0.53474 0.43862
0.02244 1.0861 0.4658
0.022605 1.0622 0.57167
0.022772 1.7402 0.59177
0.02294 1.2318 0.49108
0.023109 1.2395 0.52298
0.023279 1.1985 0.57833
0.02345 0.49236 0.36551
0.023623 1.1526 0.48066
0.023797 0.88267 0.50638
0.023973 1.009 0.43868
0.024149 2.253 0.62953
0.024327 1.2225 0.49649
0.024507 1.2087 0.49649
0.024687 1.7939 0.52366
0.024869 1.6513 0.5709
0.025052 2.4913 0.59701
0.025237 1.3763 0.5152
0.025423 2.5767 0.63931
0.02561 0.87435 0.4108
0.025799 1.0542 0.43416
0.025989 1.7586 0.58276
0.026181 2.8097 0.59552
0.026373 1.0414 0.43018
0.026568 1.9057 0.54166
0.026764 2.1402 0.5354
0.026961 2.1771 0.55797
0.027159 1.6739 0.51524
0.02736 1.341 0.42777
0.027561 1.7552 0.53544
0.027764 1.7567 0.46405
0.027969 3.0306 0.62578
0.028175 1.9562 0.5052
0.028383 2.7364 0.58569
0.028592 2.6987 0.57117
0.028802 1.7467 0.47583
0.029015 2.6176 0.53311
0.029228 2.4121 0.55301
0.029444 2.0649 0.47988
0.029661 2.3045 0.50623
0.029879 2.1815 0.51793
0.0301 2.3224 0.48763
0.030321 2.4139 0.55301
0.030545 1.7546 0.42363
0.03077 2.638 0.52921
0.030997 3.0589 0.57415
0.031225 2.3988 0.4661
0.031455 2.6737 0.54079
0.031687 3.3685 0.53965
0.03192 2.365 0.49413
0.032156 2.591 0.49522
0.032393 3.365 0.53648
0.032631 2.3174 0.47577
0.032872 2.7484 0.48833
0.033114 2.9315 0.51124
0.033358 3.7401 0.56453
0.033604 2.9308 0.4949
0.033851 3.0513 0.49231
0.034101 4.3401 0.62718
0.034352 2.9427 0.46092
0.034605 3.0702 0.51206
0.03486 2.5161 0.44735
0.035117 2.712 0.45648
0.035376 3.2428 0.49602
0.035637 2.8324 0.47338
0.035899 3.3912 0.4903
0.036164 3.952 0.52159
0.03643 3.9069 0.54371
0.036699 2.7842 0.42729
0.036969 2.9669 0.46317
0.037241 3.6198 0.49559
0.037516 3.8539 0.51317
0.037792 2.7254 0.4236
0.038071 3.4107 0.4683
0.038351 3.4463 0.48403
0.038634 4.0079 0.48116
0.038919 2.7439 0.42177
0.039205 3.2296 0.44601
0.039494 4.0843 0.5058
0.039785 3.6251 0.44182
0.040079 4.7582 0.52537
0.040374 3.0262 0.41412
0.040671 3.7424 0.47467
0.040971 3.507 0.4344
0.041273 3.2209 0.42286
0.041577 3.3469 0.4231
0.041883 3.9884 0.46212
0.042192 3.6107 0.44517
0.042503 2.9213 0.38459
0.042816 3.7101 0.43447
0.043132 3.2567 0.40106
0.04345 3.2256 0.4091
0.04377 3.2368 0.40249
0.044092 3.1938 0.39575
0.044417 3.2258 0.3953
0.044744 3.5542 0.39753
0.045074 3.4563 0.40156
0.045406 3.687 0.40943
0.045741 2.7309 0.35763
0.046078 3.3631 0.38934
0.046417 2.9828 0.36453
0.04676 2.9435 0.3655
0.047104 2.5416 0.33296
0.047451 2.7823 0.34006
0.047801 2.8556 0.34761
0.048153 2.7353 0.34028
0.048508 2.7043 0.32901
0.048865 2.0559 0.29798
0.049225 2.3741 0.31502
0.049588 2.6375 0.32131
0.049954 2.7669 0.32859
0.050322 3.2162 0.35422
0.050693 2.6334 0.31164
0.051066 2.5689 0.31247
0.051442 3.0733 0.33256
0.051821 2.8373 0.31865
0.052203 3.8007 0.36045
0.052588 2.861 0.31434
0.052975 2.9832 0.32111
0.053366 3.4756 0.33822
0.053759 1.7858 0.25637
0.054155 1.7978 0.25505
0.054554 1.5735 0.23594
0.054956 1.551 0.23801
0.055361 1.6242 0.2388
0.055769 1.306 0.22263
0.05618 1.3611 0.22118
0.056594 1.017 0.19898
0.057011 1.4272 0.22161
0.057431 1.2353 0.21228
0.057854 1.0556 0.19726
0.058281 0.93321 0.19055
0.05871 0.67455 0.16998
0.059143 0.86824 0.18178
0.059579 1.0126 0.18966
0.060018 0.95482 0.18263
0.06046 1.1315 0.19331
0.060905 0.98962 0.18242
0.061354 0.69302 0.16548
0.061806 0.58491 0.15654
0.062262 1.327 0.19895
0.062721 0.49846 0.14724
0.063183 0.76717 0.16624
0.063648 0.95679 0.17374
0.064117 0.55021 0.14579
0.06459 0.77845 0.15997
0.065066 0.5427 0.14469
0.065545 0.49335 0.1424
0.066028 0.63035 0.14965
0.066515 0.67453 0.14859
0.067005 0.43245 0.1342
0.067499 0.7311 0.15378
0.067996 0.53562 0.13747
0.068497 0.983 0.16119
0.069002 0.54107 0.13785
0.06951 0.3833 0.12475
0.070023 0.68829 0.1427
0.070539 0.46584 0.1301
0.071058 0.88272 0.15006
0.071582 0.81674 0.14556
0.072109 1.1635 0.16442
0.072641 1.0146 0.1546
0.073176 0.90994 0.14877
0.073715 1.0505 0.15455
0.074258 1.0289 0.15079
0.074806 0.82571 0.14227
0.075357 0.69847 0.13367
0.075912 0.71777 0.1341
0.076472 0.56024 0.12224
0.077035 0.58779 0.12569
0.077603 0.31733 0.10839
0.078175 0.58158 0.12248
0.078751 0.56086 0.1209
0.079331 0.44217 0.11361
0.079916 0.44938 0.11306
0.080504 0.4193 0.11056
0.081098 0.58093 0.11619
0.081695 0.46697 0.11346
0.082297 0.74297 0.12275
0.082904 0.52352 0.11289
0.083515 0.29981 0.098351
0.08413 0.5405 0.11205
0.08475 0.57181 0.11355
0.085374 0.45543 0.10582
0.086004 0.60964 0.11345
0.086637 0.49381 0.10514
0.087276 0.73013 0.11504
0.087919 0.96017 0.12676
0.088567 1.0785 0.12983
0.089219 1.0039 0.126
0.089877 1.4172 0.13969
0.090539 1.3034 0.13471
0.091206 1.3281 0.13403
0.091878 1.0756 0.12504
0.092555 0.73954 0.11098
0.093237 0.52645 0.098896
0.093924 0.42405 0.093931
0.094616 0.63441 0.10407
0.095314 0.42226 0.092467
0.096016 0.48833 0.095368
0.096724 0.37806 0.090523
0.097436 0.38927 0.090028
0.098154 0.52616 0.093715
0.098878 0.20873 0.079232
0.099606 0.36578 0.087305
0.10034 0.28018 0.080468
0.10108 0.30418 0.082416
0.10182 0.39123 0.085676
0.10257 0.23811 0.077287
0.10333 0.15294 0.073683
0.10409 0.30748 0.079303
0.10486 0.18896 0.07414
0.10563 0.4978 0.086733
0.10641 0.39732 0.082009
0.10719 0.2921 0.077176
0.10798 0.22385 0.072402
0.10878 0.33155 0.078351
0.10958 0.26389 0.073187
0.11039 0.16427 0.069122
0.1112 0.20747 0.069678
0.11202 0.14472 0.067385
0.11285 0.27691 0.071392
0.11368 0.4035 0.077293
0.11452 0.18091 0.065802
0.11536 0.33603 0.073649
0.11621 0.27069 0.069734
0.11707 0.40057 0.074501
0.11793 0.25489 0.068153
0.1188 0.40505 0.073534
0.11967 0.35042 0.071655
0.12056 0.38431 0.071469
0.12144 0.11277 0.059774
0.12234 0.16516 0.062579
0.12324 0.26364 0.065047
0.12415 0.30944 0.066879
0.12506 0.21602 0.063416
0.12598 0.28297 0.064295
0.12691 0.25507 0.063255
0.12785 0.23443 0.062337
0.12879 0.17741 0.059881
0.12974 0.33922 0.064736
0.1307 0.34965 0.064869
0.13166 0.23318 0.060509
0.13263 0.20273 0.058682
0.13361 0.23321 0.058991
0.13459 0.13575 0.054935
0.13558 0.26588 0.059208
0.13658 0.38612 0.063911
0.13759 0.23131 0.057048
0.1386 0.34803 0.061133
0.13962 0.37675 0.061777
0.14065 0.40634 0.061875
0.14169 0.3001 0.058251
0.14273 0.25327 0.056163
0.14378 0.31415 0.057589
0.14484 0.2367 0.054818
0.14591 0.17918 0.052283
0.14699 0.26612 0.055199
0.14807 0.24355 0.053769
0.14916 0.17821 0.051124
0.15026 0.33311 0.055604
0.15137 0.19059 0.050773
0.15248 0.2089 0.050685
0.15361 0.27059 0.052499
0.15474 0.25784 0.051872
0.15588 0.34823 0.054279
0.15703 0.25599 0.050853
0.15818 0.33251 0.052909
0.15935 0.21138 0.048823
0.16052 0.26805 0.050026
0.16171 0.26526 0.049919
0.1629 0.29434 0.050307
0.1641 0.25727 0.048876
0.16531 0.23405 0.047857
0.16653 0.28291 0.048756
0.16775 0.14002 0.044202
0.16899 0.24852 0.047226
0.17023 0.10674 0.042516
0.17149 0.11591 0.042392
0.17275 0.22741 0.045327
0.17403 0.13158 0.042325
0.17531 0.17855 0.043549
0.1766 0.19379 0.043394
0.1779 0.19918 0.043428
0.17921 0.14201 0.041194
0.18053 0.022733 0.037415
0.18186 0.20528 0.042524
0.1832 0.1809 0.041632
0.18455 0.19726 0.041867
0.18591 0.13398 0.03976
0.18728 0.15303 0.039783
0.18866 0.15663 0.039815
0.19005 0.15061 0.039062
0.19145 0.17364 0.039804
0.19286 0.096588 0.037199
0.19429 0.096737 0.036957
0.19572 0.13315 0.038011
