#
0.0050184 26.305 7.4344
0.0050554 12.432 5.7635
0.0050926 7.2509 4.4646
0.0051301 1.6556 2.0626
0.0051679 14.989 5.155
0.005206 15.09 8.9285
0.0052444 9.8104 10.31
0.005283 NaN NaN
0.005322 6.5284 4.8603
0.0053612 20.057 7.2902
0.0054007 16.772 5.4337
0.0054405 11.947 3.5715
0.0054806 23.58 6.4292
0.005521 13.271 4.8602
0.0055616 18.015 6.1859
0.0056026 9.8888 4.6108
0.0056439 13.354 4.8601
0.0056855 23.592 9.0923
0.0057274 30.358 12.627
0.0057696 9.9173 5.155
0.0058121 -0.50788 NaN
0.0058549 12.192 3.7994
0.0058981 9.846 5.9526
0.0059416 12.441 5.7635
0.0059853 14.239 4.6576
0.0060294 14.983 8.9287
0.0060739 16.215 3.6343
0.0061186 12.45 5.7635
0.0061637 9.9218 3.6452
0.0062091 12.113 3.7994
0.0062549 9.7962 4.6109
0.006301 4.6557 5.1556
0.0063474 13.725 4.2743
0.0063942 22.858 7.7322
0.0064413 9.7926 7.2905
0.0064888 30.483 12.627
0.0065366 16.212 3.6343
0.0065847 9.8193 2.9763
0.0066333 7.923 2.8119
0.0066821 12.837 4.4185
0.0067314 3.6747 2.9165
0.006781 5.8007 3.5717
0.006831 4.6735 3.6455
0.0068813 5.9132 2.882
0.006932 6.8852 3.2936
0.0069831 6.5403 4.8603
0.0070345 11.349 4.1659
0.0070864 6.6222 2.1373
0.0071386 10.858 3.2468
0.0071912 13.401 6.8732
0.0072442 7.3044 3.1569
0.0072976 13.306 3.9683
0.0073513 6.4215 2.4302
0.0074055 9.7614 3.6453
0.0074601 1.5772 2.0627
0.0075151 14.965 8.9287
0.0075704 3.0642 1.9844
0.0076262 6.8776 2.3289
0.0076824 7.9684 2.8119
0.007739 11.035 3.6226
0.0077961 4.4217 1.7155
0.0078535 5.331 2.946
0.0079114 3.4963 2.2324
0.0079697 3.0088 3.4372
0.0080284 1.6057 2.0627
0.0080876 5.9495 2.2433
0.0081471 6.8328 2.101
0.0082072 3.2791 1.8748
0.0082677 6.1947 2.2094
0.0083286 0.48685 0.938
0.00839 -0.48115 NaN
0.0084518 14.456 4.1303
0.0085141 5.8919 2.2433
0.0085768 5.4227 2.0831
0.00864 3.7531 2.9164
0.0087037 1.382 1.326
0.0087678 3.1879 1.4858
0.0088324 4.7805 1.7185
0.0088975 4.784 2.3055
0.0089631 4.7398 1.9486
0.0090291 4.7056 2.3056
0.0090956 7.0798 2.6511
0.0091627 4.7448 5.1554
0.0092302 4.9289 1.7161
0.0092982 3.8664 1.3586
0.0093667 3.4361 1.5786
0.0094357 2.0784 2.5782
0.0095053 2.736 1.3295
0.0095753 5.276 2.5617
0.0096459 5.0731 1.9442
0.0097169 2.985 1.7186
0.0097885 2.963 1.2992
0.0098607 4.047 1.7051
0.0099333 0.72176 1.1462
0.010007 3.6904 1.3043
0.01008 2.7316 1.4412
0.010155 5.7188 2.5256
0.010229 1.2549 1.2155
0.010305 3.3715 1.5787
0.010381 3.7922 1.6048
0.010457 3.41 1.2542
0.010534 1.857 1.0482
0.010612 7.2376 3.157
0.01069 2.0918 1.2891
0.010769 2.9494 1.5372
0.010848 2.9901 1.2992
0.010928 3.9584 1.473
0.011009 4.1099 1.3679
0.01109 1.1145 1.1221
0.011171 2.0049 1.0981
0.011254 0.099518 0.57357
0.011337 1.7993 1.2759
0.01142 3.8141 1.4061
0.011504 4.1459 1.282
0.011589 3.5708 1.345
0.011675 1.7033 1.0856
0.011761 2.9237 1.4033
0.011847 3.2694 1.8749
0.011935 2.825 1.1049
0.012023 2.0717 0.91155
0.012111 2.6402 1.263
0.0122 3.4505 1.3888
0.01229 3.7914 1.4061
0.012381 2.994 1.2153
0.012472 0.45445 0.66331
0.012564 1.8911 0.97161
0.012657 3.7276 1.2666
0.01275 2.7571 1.0668
0.012844 1.8475 1.1459
0.012938 4.2689 1.3738
0.013034 1.3374 0.89687
0.01313 1.9016 0.74118
0.013227 2.9877 1.1458
0.013324 1.3455 1.0509
0.013422 1.3535 0.82369
0.013521 2.6242 1.263
0.013621 1.0751 0.63166
0.013721 4.2225 1.2445
0.013822 2.8229 1.1667
0.013924 1.5651 0.75797
0.014027 1.4608 1.1165
0.01413 2.7036 0.95003
0.014234 3.6353 1.0509
0.014339 3.6998 1.0794
0.014445 1.068 0.76407
0.014551 2.571 1.3564
0.014658 1.8663 0.69805
0.014766 2.4341 0.90584
0.014875 2.8462 1.0519
0.014985 1.852 0.8802
0.015095 1.5403 0.75798
0.015206 1.3822 0.74305
0.015319 1.8336 0.75461
0.015431 3.1674 0.91662
0.015545 3.1911 1.0506
0.01566 2.927 1.1458
0.015775 2.3192 0.83421
0.015891 2.5668 0.78313
0.016008 2.4607 0.96678
0.016126 1.9718 0.81419
0.016245 3.787 1.1348
0.016365 1.2746 0.58384
0.016486 2.0356 0.79543
0.016607 2.35 0.75659
0.016729 0.92078 0.6877
0.016853 0.84963 0.54933
0.016977 2.3877 0.75658
0.017102 2.7007 0.83879
0.017228 2.0424 0.88392
0.017355 1.6629 0.61599
0.017483 0.60984 0.48063
0.017612 1.4059 0.64826
0.017741 2.0782 0.72907
0.017872 2.4042 0.79111
0.018004 0.53339 0.47087
0.018136 3.56 0.8056
0.01827 1.8644 0.74122
0.018405 0.06333 0.38427
0.01854 3.146 0.71056
0.018677 3.2266 0.88576
0.018815 1.3101 0.59506
0.018953 1.4267 0.60401
0.019093 1.2639 0.54362
0.019234 1.7897 0.60295
0.019375 1.9439 0.68702
0.019518 1.165 0.57205
0.019662 2.0138 0.58339
0.019807 1.269 0.55284
0.019953 0.73699 0.4955
0.0201 1.356 0.52544
0.020248 1.7103 0.56259
0.020397 2.4993 0.70569
0.020547 1.7171 0.62679
0.020699 3.6292 0.78796
0.020851 2.6818 0.63949
0.021005 2.344 0.69916
0.02116 2.1099 0.62532
0.021316 2.3249 0.58988
0.021473 2.1264 0.64456
0.021631 2.3177 0.63312
0.02179 3.0752 0.70631
0.021951 2.3553 0.58185
0.022113 1.0392 0.47971
0.022276 2.2076 0.62505
0.02244 1.5319 0.46349
0.022605 1.207 0.5261
0.022772 3.1928 0.67722
0.02294 2.695 0.59313
0.023109 1.6414 0.51235
0.023279 1.7797 0.59368
0.02345 2.6374 0.57252
0.023623 1.8263 0.50279
0.023797 2.1995 0.62506
0.023973 1.8316 0.48021
0.024149 1.5072 0.47782
0.024327 2.2526 0.5552
0.024507 1.9014 0.51937
0.024687 4.271 0.67459
0.024869 3.4214 0.68628
0.025052 2.8217 0.56197
0.025237 2.8324 0.61026
0.025423 2.9804 0.60766
0.02561 2.3131 0.51352
0.025799 1.8225 0.46783
0.025989 4.2051 0.7488
0.026181 4.219 0.63677
0.026373 3.3165 0.59835
0.026568 3.125 0.59177
0.026764 2.9956 0.55043
0.026961 2.7295 0.54666
0.027159 3.3232 0.60755
0.02736 3.7011 0.57308
0.027561 3.2643 0.61497
0.027764 2.2863 0.45836
0.027969 3.9293 0.62768
0.028175 3.107 0.54535
0.028383 2.6787 0.51843
0.028592 2.2216 0.4702
0.028802 4.1553 0.60879
0.029015 3.7635 0.55698
0.029228 4.1829 0.62685
0.029444 4.3675 0.59025
0.029661 3.7382 0.55611
0.029879 3.0041 0.52831
0.0301 3.3363 0.5077
0.030321 2.7477 0.52108
0.030545 3.5446 0.50525
0.03077 3.1025 0.5064
0.030997 4.9836 0.63843
0.031225 3.309 0.47765
0.031455 4.4263 0.6027
0.031687 4.2372 0.53543
0.03192 4.3526 0.57518
0.032156 5.1616 0.60113
0.032393 5.3174 0.59121
0.032631 3.9959 0.5382
0.032872 5.0475 0.57152
0.033114 3.5179 0.49489
0.033358 4.177 0.53195
0.033604 4.7166 0.54653
0.033851 4.3314 0.51436
0.034101 5.2912 0.61655
0.034352 4.5144 0.49817
0.034605 4.375 0.53647
0.03486 4.4341 0.51235
0.035117 5.5466 0.56174
0.035376 3.7325 0.47247
0.035637 5.4412 0.56701
0.035899 3.9429 0.46961
0.036164 5.137 0.52701
0.03643 4.7357 0.53178
0.036699 5.7138 0.52706
0.036969 4.5946 0.50309
0.037241 5.5454 0.53911
0.037516 4.842 0.51032
0.037792 5.4127 0.51289
0.038071 4.8517 0.49138
0.038351 5.2349 0.52322
0.038634 5.0943 0.48148
0.038919 6.9698 0.57439
0.039205 4.6349 0.46873
0.039494 4.8612 0.49139
0.039785 4.8241 0.45035
0.040079 5.7491 0.51489
0.040374 5.2066 0.47232
0.040671 5.4967 0.50687
0.040971 5.5318 0.47881
0.041273 4.7526 0.45047
0.041577 5.0213 0.45486
0.041883 4.2488 0.42662
0.042192 6.0579 0.50479
0.042503 4.537 0.41804
0.042816 4.8695 0.44026
0.043132 5.6567 0.4604
0.04345 4.87 0.44026
0.04377 4.6774 0.42528
0.044092 5.0875 0.43597
0.044417 4.3176 0.40283
0.044744 4.9502 0.41367
0.045074 4.4646 0.40348
0.045406 4.7213 0.41022
0.045741 4.5785 0.40134
0.046078 4.4184 0.39379
0.046417 4.4562 0.38941
0.04676 4.252 0.38498
0.047104 4.2368 0.37166
0.047451 3.69 0.34402
0.047801 4.2097 0.36862
0.048153 3.5515 0.3406
0.048508 3.457 0.32714
0.048865 3.0338 0.3125
0.049225 3.2607 0.32181
0.049588 2.8356 0.29601
0.049954 3.7433 0.33499
0.050322 3.0041 0.30791
0.050693 2.8937 0.28979
0.051066 3.0148 0.29885
0.051442 3.1071 0.29904
0.051821 2.8044 0.2835
0.052203 3.227 0.30076
0.052588 2.7124 0.27472
0.052975 2.6472 0.27286
0.053366 2.2327 0.25078
0.053759 2.69 0.26949
0.054155 2.4133 0.25559
0.054554 1.7456 0.21766
0.054956 1.9599 0.23118
0.055361 2.066 0.23296
0.055769 2.1698 0.23991
0.05618 2.0181 0.22779
0.056594 1.9097 0.22125
0.057011 1.9853 0.22293
0.057431 1.3874 0.19536
0.057854 1.6562 0.2046
0.058281 1.4252 0.19412
0.05871 1.5827 0.19781
0.059143 1.3795 0.18713
0.059579 1.3407 0.18413
0.060018 1.3144 0.17953
0.06046 1.6746 0.19695
0.060905 1.26 0.17459
0.061354 1.2854 0.17702
0.061806 1.419 0.18134
0.062262 1.3498 0.17675
0.062721 1.6579 0.18826
0.063183 1.3609 0.17636
0.063648 1.2303 0.16648
0.064117 1.1457 0.1591
0.06459 1.3062 0.16698
0.065066 1.1031 0.15634
0.065545 1.2825 0.1657
0.066028 1.3874 0.16925
0.066515 1.0666 0.14977
0.067005 1.0852 0.15185
0.067499 1.1123 0.15391
0.067996 1.1674 0.15217
0.068497 1.1549 0.14962
0.069002 1.1311 0.15058
0.06951 1.0901 0.14516
0.070023 1.3157 0.15434
0.070539 1.1852 0.14955
0.071058 1.1278 0.14301
0.071582 1.0553 0.13873
0.072109 1.1133 0.1426
0.072641 1.0609 0.13793
0.073176 0.79879 0.12497
0.073715 0.99939 0.13354
0.074258 0.9771 0.13019
0.074806 0.97993 0.13161
0.075357 0.99695 0.13059
0.075912 1.065 0.13292
0.076472 1.0608 0.12955
0.077035 0.83565 0.12123
0.077603 0.99091 0.12661
0.078175 0.8352 0.11839
0.078751 0.97639 0.12419
0.079331 0.94589 0.12208
0.079916 1.186 0.13115
0.080504 1.0023 0.12303
0.081098 0.96851 0.11814
0.081695 0.98212 0.122
0.082297 0.7636 0.10796
0.082904 0.84204 0.11251
0.083515 0.9333 0.11368
0.08413 0.99336 0.11702
0.08475 0.82742 0.10994
0.085374 0.93746 0.11266
0.086004 0.99837 0.11527
0.086637 0.7697 0.10311
0.087276 0.91677 0.108
0.087919 0.79043 0.10435
0.088567 0.70939 0.099534
0.089219 0.92734 0.10774
0.089877 0.69287 0.096717
0.090539 0.74327 0.098221
0.091206 0.5866 0.090346
0.091878 0.79786 0.099492
0.092555 0.68708 0.094651
0.093237 0.75675 0.095182
0.093924 0.64642 0.090496
0.094616 0.55241 0.086984
0.095314 0.61589 0.087975
0.096016 0.77434 0.093966
0.096724 0.5643 0.085925
0.097436 0.68922 0.090043
0.098154 0.7015 0.088046
0.098878 0.5406 0.082295
0.099606 0.76244 0.091077
0.10034 0.405 0.074256
0.10108 0.61075 0.08345
0.10182 0.53985 0.079809
0.10257 0.68206 0.084124
0.10333 0.49851 0.077668
0.10409 0.54728 0.077639
0.10486 0.67977 0.083188
0.10563 0.50459 0.075229
0.10641 0.55015 0.076598
0.10719 0.49861 0.074504
0.10798 0.53554 0.074235
0.10878 0.54272 0.075556
0.10958 0.59707 0.075438
0.11039 0.47352 0.071512
0.1112 0.62961 0.075564
0.11202 0.46136 0.070258
0.11285 0.50387 0.069741
0.11368 0.34779 0.064265
0.11452 0.46006 0.066864
0.11536 0.53492 0.070598
0.11621 0.3943 0.064307
0.11707 0.55742 0.069743
0.11793 0.4971 0.067253
0.1188 0.4823 0.066007
0.11967 0.51021 0.067273
0.12056 0.50119 0.065533
0.12144 0.56633 0.067352
0.12234 0.40775 0.06233
0.12324 0.41466 0.060962
0.12415 0.4351 0.06169
0.12506 0.41681 0.06135
0.12598 0.42991 0.06008
0.12691 0.46984 0.06151
0.12785 0.45313 0.060753
0.12879 0.47676 0.06135
0.12974 0.45929 0.059537
0.1307 0.40007 0.057323
0.13166 0.38445 0.056766
0.13263 0.45498 0.058529
0.13361 0.43238 0.056986
0.13459 0.41212 0.056084
0.13558 0.32268 0.052414
0.13658 0.37214 0.054447
0.13759 0.41355 0.054621
0.1386 0.41771 0.054642
0.13962 0.47077 0.055993
0.14065 0.34117 0.051154
0.14169 0.4581 0.054731
0.14273 0.4311 0.053538
0.14378 0.35759 0.050631
0.14484 0.28976 0.04834
0.14591 0.33413 0.049324
0.14699 0.31503 0.048599
0.14807 0.37923 0.050006
0.14916 0.42083 0.050872
0.15026 0.32106 0.047248
0.15137 0.34885 0.048013
0.15248 0.24587 0.04417
0.15361 0.30459 0.045812
0.15474 0.29796 0.045391
0.15588 0.41829 0.048554
0.15703 0.31557 0.045103
0.15818 0.25516 0.042986
0.15935 0.33375 0.045096
0.16052 0.24371 0.041892
0.16171 0.26401 0.042479
0.1629 0.2699 0.042241
0.1641 0.335 0.043846
0.16531 0.36594 0.04444
0.16653 0.3451 0.043346
0.16775 0.31784 0.04244
0.16899 0.27421 0.040902
0.17023 0.21434 0.038934
0.17149 0.30098 0.041015
0.17275 0.25811 0.039363
0.17403 0.26205 0.039391
0.17531 0.27941 0.039658
0.1766 0.26097 0.038606
0.1779 0.28179 0.039064
0.17921 0.21977 0.036899
0.18053 0.24985 0.037702
0.18186 0.29512 0.038444
0.1832 0.21622 0.036163
0.18455 0.25608 0.037023
0.18591 0.2197 0.035795
0.18728 0.22966 0.03561
0.18866 0.15338 0.033471
0.19005 0.24398 0.035387
0.19145 0.22148 0.034888
0.19286 0.20748 0.034135
0.19429 0.22194 0.034287
0.19572 0.25044 0.034985
