#
0.0050184 11.544 1.169
0.0050554 16.358 1.5551
0.0050926 15.766 1.5268
0.0051301 10.722 1.1265
0.0051679 11.584 1.0689
0.005206 18.577 2.3432
0.0052444 22.407 3.6396
0.005283 NaN NaN
0.005322 15.922 1.7713
0.0053612 15.319 1.5053
0.0054007 15.623 1.2408
0.0054405 10.367 0.78329
0.0054806 11.289 1.0553
0.005521 13.159 1.1391
0.0055616 11.069 1.1449
0.0056026 9.7769 1.0758
0.0056439 11.983 1.0869
0.0056855 8.2394 1.2755
0.0057274 10.595 1.7713
0.0057696 17.69 1.6169
0.0058121 10.451 1.2438
0.0058549 9.817 0.80346
0.0058981 6.8617 1.1643
0.0059416 13.259 1.4003
0.0059853 10.937 0.9617
0.0060294 5.5814 1.2868
0.0060739 8.7404 0.63096
0.0061186 11.193 1.2868
0.0061637 13.41 0.99566
0.0062091 6.7292 0.6658
0.0062549 8.945 1.0294
0.006301 11.189 1.8198
0.0063474 7.5759 0.74902
0.0063942 10.313 1.235
0.0064413 10.303 1.7465
0.0064888 7.65 1.5053
0.0065366 8.604 0.62603
0.0065847 8.1886 0.63583
0.0066333 7.4315 0.63282
0.0066821 7.9046 0.81777
0.0067314 6.4689 0.87574
0.006781 5.7641 0.8266
0.006831 7.2051 1.0332
0.0068813 8.8998 0.81183
0.006932 6.6359 0.74969
0.0069831 6.2788 1.1133
0.0070345 8.0724 0.82642
0.0070864 5.2502 0.44128
0.0071386 5.8283 0.56038
0.0071912 2.9324 0.76224
0.0072442 6.3963 0.68839
0.0072976 7.2567 0.69117
0.0073513 5.8784 0.53898
0.0074055 5.6514 0.64762
0.0074601 5.6403 0.81812
0.0075151 5.8756 1.3202
0.0075704 4.8989 0.56814
0.0076262 5.2438 0.47151
0.0076824 7.7024 0.6441
0.007739 5.2898 0.59043
0.0077961 4.5251 0.39752
0.0078535 4.0165 0.58437
0.0079114 4.5546 0.58113
0.0079697 4.6989 0.96417
0.0080284 3.9887 0.68855
0.0080876 4.7008 0.46317
0.0081471 5.6009 0.44205
0.0082072 4.2671 0.48009
0.0082677 4.3612 0.43009
0.0083286 3.4631 0.43275
0.00839 4.8926 0.69583
0.0084518 7.585 0.70657
0.0085141 2.9262 0.36617
0.0085768 3.7688 0.40009
0.00864 3.1671 0.61359
0.0087037 4.3195 0.48308
0.0087678 3.9682 0.37245
0.0088324 4.1443 0.36966
0.0088975 3.3442 0.44576
0.0089631 3.2657 0.37247
0.0090291 2.395 0.37806
0.0090956 4.4848 0.49194
0.0091627 1.7478 0.72314
0.0092302 4.6638 0.38186
0.0092982 3.1243 0.27833
0.0093667 3.3334 0.35202
0.0094357 3.2188 0.69234
0.0095053 3.2642 0.31994
0.0095753 3.7791 0.49962
0.0096459 3.2033 0.35644
0.0097169 2.4834 0.35138
0.0097885 3.1499 0.29888
0.0098607 2.1507 0.28345
0.0099333 2.9935 0.44495
0.010007 3.8247 0.30152
0.01008 2.2229 0.28822
0.010155 2.2759 0.36873
0.010229 1.8431 0.30331
0.010305 2.7393 0.31958
0.010381 3.6208 0.35589
0.010457 3.2383 0.27251
0.010534 2.6022 0.26568
0.010612 1.8906 0.37633
0.01069 2.3708 0.29752
0.010769 2.6487 0.32459
0.010848 3.0953 0.29622
0.010928 2.1104 0.24511
0.011009 2.3845 0.23852
0.01109 1.8351 0.29082
0.011171 2.842 0.28396
0.011254 1.6458 0.23426
0.011337 1.7478 0.27332
0.01142 2.1507 0.24154
0.011504 2.3141 0.21834
0.011589 2.1298 0.23528
0.011675 2.0553 0.25437
0.011761 1.6763 0.23654
0.011847 1.9048 0.32206
0.011935 2.1861 0.21608
0.012023 2.1113 0.19873
0.012111 2.5129 0.27377
0.0122 1.4909 0.20661
0.01229 1.9347 0.22931
0.012381 2.2872 0.23852
0.012472 1.7973 0.22131
0.012564 1.766 0.20185
0.012657 2.0285 0.21202
0.01275 1.8681 0.19635
0.012844 1.3195 0.21004
0.012938 1.9703 0.21303
0.013034 1.8479 0.21934
0.01313 1.9339 0.16214
0.013227 1.7237 0.1956
0.013324 1.4663 0.22775
0.013422 2.0597 0.20982
0.013521 1.5083 0.21289
0.013621 1.8181 0.16503
0.013721 1.3846 0.16385
0.013822 2.0983 0.22406
0.013924 1.7625 0.17123
0.014027 1.449 0.2334
0.01413 1.4669 0.15646
0.014234 1.5755 0.15769
0.014339 1.9513 0.1777
0.014445 1.4388 0.179
0.014551 1.3628 0.21967
0.014658 1.4323 0.13255
0.014766 1.5171 0.15902
0.014875 1.1534 0.14998
0.014985 1.4583 0.16822
0.015095 1.4823 0.15732
0.015206 1.5379 0.16475
0.015319 1.4299 0.14473
0.015431 1.5722 0.14493
0.015545 1.5894 0.16747
0.01566 1.1517 0.1607
0.015775 1.3281 0.13963
0.015891 1.2816 0.12307
0.016008 1.3587 0.1598
0.016126 1.2161 0.13898
0.016245 1.5888 0.16747
0.016365 1.1536 0.1147
0.016486 1.5711 0.15173
0.016607 1.4775 0.132
0.016729 1.332 0.16349
0.016853 1.2937 0.13027
0.016977 1.1555 0.11693
0.017102 1.3612 0.1334
0.017228 1.2978 0.15392
0.017355 1.439 0.12216
0.017483 1.142 0.1199
0.017612 1.0252 0.11736
0.017741 1.2878 0.12581
0.017872 1.306 0.12934
0.018004 1.2958 0.12638
0.018136 1.2187 0.1072
0.01827 1.2742 0.13217
0.018405 1.4486 0.15145
0.01854 1.369 0.10555
0.018677 1.095 0.11735
0.018815 1.1878 0.11746
0.018953 1.1423 0.11311
0.019093 1.1745 0.1087
0.019234 1.348 0.11262
0.019375 1.0197 0.10891
0.019518 1.456 0.13099
0.019662 1.4222 0.10679
0.019807 1.2736 0.11411
0.019953 1.362 0.12683
0.0201 1.3627 0.10984
0.020248 1.2372 0.10253
0.020397 1.2193 0.109
0.020547 1.3621 0.11991
0.020699 1.3279 0.10845
0.020851 1.2971 0.099438
0.021005 1.095 0.10591
0.02116 1.3538 0.10949
0.021316 1.2708 0.096609
0.021473 1.2934 0.11033
0.021631 1.3885 0.10843
0.02179 1.4945 0.1109
0.021951 1.1282 0.089502
0.022113 1.1188 0.099764
0.022276 1.3579 0.10802
0.02244 1.2017 0.086517
0.022605 1.2976 0.11228
0.022772 1.3998 0.10132
0.02294 1.3031 0.092341
0.023109 1.4172 0.10136
0.023279 1.2102 0.10594
0.02345 1.5146 0.096824
0.023623 1.4425 0.09609
0.023797 1.5768 0.11627
0.023973 1.389 0.090097
0.024149 1.4596 0.099296
0.024327 1.5565 0.10136
0.024507 1.3677 0.095143
0.024687 1.4641 0.090677
0.024869 1.4463 0.10115
0.025052 1.5963 0.094621
0.025237 1.3301 0.093806
0.025423 1.6407 0.10125
0.02561 1.4905 0.090303
0.025799 1.6078 0.094539
0.025989 1.5041 0.10253
0.026181 1.5218 0.087646
0.026373 1.6742 0.095993
0.026568 1.6774 0.097444
0.026764 1.7764 0.095356
0.026961 1.7559 0.097808
0.027159 1.6553 0.096805
0.02736 1.6498 0.086937
0.027561 1.5647 0.096
0.027764 1.7186 0.087369
0.027969 1.6011 0.091419
0.028175 1.9827 0.097822
0.028383 1.5344 0.087296
0.028592 1.8705 0.094311
0.028802 1.8675 0.093135
0.029015 1.744 0.08613
0.029228 2.011 0.099308
0.029444 1.9307 0.0899
0.029661 2.1204 0.095156
0.029879 1.9342 0.095102
0.0301 1.8382 0.085111
0.030321 2.2385 0.10471
0.030545 1.814 0.08191
0.03077 2.1377 0.094224
0.030997 1.9028 0.090869
0.031225 2.0061 0.084011
0.031455 2.0377 0.093651
0.031687 2.2132 0.088461
0.03192 2.5521 0.10075
0.032156 2.3069 0.092779
0.032393 2.3052 0.089975
0.032631 2.3142 0.093506
0.032872 2.1386 0.085718
0.033114 2.4369 0.09306
0.033358 2.3775 0.091647
0.033604 2.5463 0.092131
0.033851 2.411 0.087737
0.034101 2.5173 0.098124
0.034352 2.6005 0.086571
0.034605 2.7968 0.098157
0.03486 2.4037 0.086443
0.035117 2.8152 0.092516
0.035376 2.5727 0.08895
0.035637 2.533 0.089412
0.035899 2.6996 0.088398
0.036164 2.4915 0.084551
0.03643 2.7668 0.093185
0.036699 2.8955 0.086796
0.036969 2.9146 0.091818
0.037241 2.6934 0.086831
0.037516 2.9177 0.090986
0.037792 2.6311 0.082438
0.038071 2.9754 0.088369
0.038351 2.8678 0.089168
0.038634 2.9837 0.084828
0.038919 2.9775 0.087434
0.039205 2.8686 0.084412
0.039494 2.989 0.088561
0.039785 3.1234 0.083158
0.040079 3.0548 0.086719
0.040374 2.9284 0.081608
0.040671 2.9041 0.08509
0.040971 2.9884 0.081342
0.041273 2.9618 0.081602
0.041577 2.8227 0.078499
0.041883 3.0278 0.08219
0.042192 2.8946 0.080836
0.042503 2.9061 0.076619
0.042816 3.0319 0.079749
0.043132 2.9595 0.076927
0.04345 3.0568 0.080074
0.04377 2.8019 0.075616
0.044092 2.8803 0.075404
0.044417 2.8347 0.074554
0.044744 2.7199 0.070531
0.045074 2.8052 0.073208
0.045406 2.5935 0.069757
0.045741 2.6134 0.069475
0.046078 2.6352 0.069548
0.046417 2.5539 0.067449
0.04676 2.5154 0.067741
0.047104 2.413 0.064067
0.047451 2.4197 0.063251
0.047801 2.4303 0.063932
0.048153 2.2959 0.061983
0.048508 2.2234 0.05936
0.048865 2.1726 0.059324
0.049225 2.1032 0.058226
0.049588 2.1091 0.057012
0.049954 1.9784 0.055317
0.050322 1.8872 0.054816
0.050693 1.8715 0.052158
0.051066 1.828 0.052257
0.051442 1.7801 0.050945
0.051821 1.6639 0.048861
0.052203 1.6823 0.049014
0.052588 1.5847 0.046873
0.052975 1.43 0.044676
0.053366 1.4517 0.044396
0.053759 1.4367 0.043921
0.054155 1.3389 0.042186
0.054554 1.2836 0.040108
0.054956 1.1748 0.038938
0.055361 1.1497 0.038005
0.055769 1.1337 0.038137
0.05618 1.0672 0.036165
0.056594 1.026 0.035259
0.057011 1.0176 0.034811
0.057431 0.99895 0.034772
0.057854 0.8579 0.03158
0.058281 0.87631 0.032088
0.05871 0.89809 0.031752
0.059143 0.73813 0.02884
0.059579 0.77497 0.029365
0.060018 0.77337 0.028882
0.06046 0.75502 0.028485
0.060905 0.67706 0.026777
0.061354 0.60077 0.025345
0.061806 0.64505 0.025854
0.062262 0.67088 0.026188
0.062721 0.61318 0.024697
0.063183 0.58794 0.024443
0.063648 0.52776 0.02281
0.064117 0.53182 0.022437
0.06459 0.52482 0.022355
0.065066 0.49542 0.02161
0.065545 0.49022 0.021531
0.066028 0.46938 0.020983
0.066515 0.46266 0.020237
0.067005 0.44911 0.020135
0.067499 0.4334 0.019889
0.067996 0.44051 0.019514
0.068497 0.39473 0.018265
0.069002 0.44847 0.019704
0.06951 0.40096 0.018236
0.070023 0.38487 0.017756
0.070539 0.39318 0.01807
0.071058 0.42775 0.018337
0.071582 0.39599 0.017562
0.072109 0.38582 0.017484
0.072641 0.3823 0.017123
0.073176 0.36316 0.016647
0.073715 0.37747 0.016819
0.074258 0.34522 0.01586
0.074806 0.35801 0.016261
0.075357 0.33903 0.015659
0.075912 0.33715 0.015519
0.076472 0.32973 0.015036
0.077035 0.32925 0.015201
0.077603 0.31191 0.014633
0.078175 0.31691 0.014575
0.078751 0.32243 0.014637
0.079331 0.29471 0.013951
0.079916 0.31717 0.014344
0.080504 0.28917 0.013715
0.081098 0.3267 0.014075
0.081695 0.30471 0.013981
0.082297 0.30376 0.013404
0.082904 0.28196 0.013135
0.083515 0.26862 0.012518
0.08413 0.29137 0.013111
0.08475 0.28822 0.013004
0.085374 0.28336 0.012687
0.086004 0.24938 0.012033
0.086637 0.24713 0.011637
0.087276 0.25287 0.011669
0.087919 0.23455 0.011413
0.088567 0.24212 0.011426
0.089219 0.22165 0.010919
0.089877 0.21839 0.01069
0.090539 0.20513 0.01032
0.091206 0.23312 0.010828
0.091878 0.21849 0.010547
0.092555 0.21285 0.010352
0.093237 0.2113 0.010102
0.093924 0.19539 0.0097097
0.094616 0.19091 0.0096727
0.095314 0.18808 0.0094255
0.096016 0.17926 0.0091806
0.096724 0.17145 0.0090461
0.097436 0.1735 0.0090014
0.098154 0.17119 0.0087044
0.098878 0.17527 0.0088686
0.099606 0.1676 0.008681
0.10034 0.17038 0.0085156
0.10108 0.16968 0.0085664
0.10182 0.14464 0.0079125
0.10257 0.16861 0.0083332
0.10333 0.14501 0.0078681
0.10409 0.16405 0.0080868
0.10486 0.15169 0.0078778
0.10563 0.14595 0.0076337
0.10641 0.13573 0.0073676
0.10719 0.12633 0.0071456
0.10798 0.14243 0.0073322
0.10878 0.1205 0.0069366
0.10958 0.13426 0.0070542
0.11039 0.1224 0.0068583
0.1112 0.12757 0.0068095
0.11202 0.11757 0.0066744
0.11285 0.12279 0.0065908
0.11368 0.11595 0.0064951
0.11452 0.11233 0.0062435
0.11536 0.10431 0.0061414
0.11621 0.10619 0.0060844
0.11707 0.10349 0.005984
0.11793 0.10195 0.0059147
0.1188 0.096889 0.0057222
0.11967 0.10758 0.0060013
0.12056 0.098924 0.0056757
0.12144 0.10227 0.0057223
0.12234 0.11856 0.0061189
0.12324 0.097559 0.0055091
0.12415 0.098947 0.0055397
0.12506 0.10076 0.0056106
0.12598 0.10241 0.0054881
0.12691 0.10723 0.005602
0.12785 0.10114 0.0054415
0.12879 0.10745 0.005555
0.12974 0.097361 0.0052492
0.1307 0.093172 0.0051332
0.13166 0.10404 0.0053529
0.13263 0.087711 0.0049619
0.13361 0.091271 0.0049737
0.13459 0.089055 0.0049039
0.13558 0.082642 0.0047078
0.13658 0.084308 0.0047725
0.13759 0.079393 0.0045726
0.1386 0.079685 0.0045628
0.13962 0.080392 0.0045542
0.14065 0.091898 0.0047326
0.14169 0.07647 0.0043945
0.14273 0.075684 0.0043545
0.14378 0.081369 0.0044206
0.14484 0.080368 0.0043839
0.14591 0.077739 0.0042917
0.14699 0.066438 0.0040406
0.14807 0.075499 0.0041871
0.14916 0.071027 0.0040615
0.15026 0.083601 0.0042726
0.15137 0.067117 0.0039259
0.15248 0.073816 0.0040152
0.15361 0.073202 0.0039868
0.15474 0.07359 0.0039633
0.15588 0.073893 0.0039465
0.15703 0.069796 0.0038255
0.15818 0.06171 0.0036354
0.15935 0.065904 0.0036996
0.16052 0.073357 0.0038037
0.16171 0.070162 0.0037299
0.1629 0.068895 0.0036781
0.1641 0.06519 0.0035774
0.16531 0.06568 0.0035676
0.16653 0.069533 0.003601
0.16775 0.062448 0.0034462
0.16899 0.061688 0.0034057
0.17023 0.057446 0.0033046
0.17149 0.05967 0.0033177
0.17275 0.062741 0.0033417
0.17403 0.061294 0.0033032
0.17531 0.060139 0.0032628
0.1766 0.048835 0.0029984
0.1779 0.056986 0.0031507
0.17921 0.059594 0.0031629
0.18053 0.053318 0.0030384
0.18186 0.05875 0.0031057
0.1832 0.056368 0.0030456
0.18455 0.05502 0.0030011
0.18591 0.056222 0.0029999
0.18728 0.051372 0.0028784
0.18866 0.051754 0.0028813
0.19005 0.05104 0.0028225
0.19145 0.042601 0.0026686
0.19286 0.050053 0.0027762
0.19429 0.052555 0.0028045
0.19572 0.050289 0.0027557
