#
0.0050184 9.1686 0.53335
0.0050554 13.362 0.71976
0.0050926 10.998 0.65304
0.0051301 8.798 0.52243
0.0051679 9.6805 0.50027
0.005206 13.17 1.0105
0.0052444 15.958 1.5731
0.005283 NaN NaN
0.005322 8.7266 0.67168
0.0053612 12.314 0.69102
0.0054007 13.117 0.58226
0.0054405 10.518 0.4039
0.0054806 10.972 0.53257
0.005521 10.481 0.52053
0.0055616 9.168 0.53335
0.0056026 7.8988 0.49504
0.0056439 10.638 0.52437
0.0056855 8.2598 0.65355
0.0057274 11.384 0.93965
0.0057696 12.859 0.70607
0.0058121 9.0987 0.59403
0.0058549 8.7256 0.38779
0.0058981 8.9831 0.68154
0.0059416 10.495 0.63791
0.0059853 8.4292 0.43222
0.0060294 6.7354 0.72288
0.0060739 7.6839 0.30281
0.0061186 11.192 0.65876
0.0061637 10.709 0.45563
0.0062091 6.3478 0.33083
0.0062549 6.8434 0.46085
0.006301 8.2851 0.80168
0.0063474 6.3096 0.34983
0.0063942 7.5513 0.54112
0.0064413 5.2623 0.63909
0.0064888 7.3559 0.75539
0.0065366 8.5423 0.31927
0.0065847 7.0711 0.30238
0.0066333 6.2769 0.29759
0.0066821 6.7917 0.38798
0.0067314 5.5113 0.4136
0.006781 4.9233 0.3909
0.006831 6.4254 0.49927
0.0068813 7.0446 0.36966
0.006932 7.6765 0.41248
0.0069831 6.2984 0.57069
0.0070345 6.7914 0.38798
0.0070864 5.4181 0.22925
0.0071386 5.3629 0.27505
0.0071912 4.2315 0.46787
0.0072442 4.9149 0.30879
0.0072976 6.9857 0.34702
0.0073513 5.5733 0.26847
0.0074055 4.4481 0.29384
0.0074601 4.3948 0.36941
0.0075151 4.1776 0.56952
0.0075704 4.6617 0.28352
0.0076262 4.676 0.22771
0.0076824 6.6722 0.30679
0.007739 4.6782 0.28404
0.0077961 3.8959 0.18863
0.0078535 3.4681 0.27745
0.0079114 4.1408 0.28344
0.0079697 2.9386 0.39008
0.0080284 3.7132 0.33959
0.0080876 5.0495 0.24552
0.0081471 4.6799 0.20672
0.0082072 3.6707 0.22765
0.0082677 3.8243 0.20594
0.0083286 2.9383 0.20371
0.00839 4.1262 0.32677
0.0084518 5.2463 0.30078
0.0085141 3.3198 0.19916
0.0085768 3.5027 0.19713
0.00864 2.8155 0.29573
0.0087037 3.0926 0.20901
0.0087678 3.5765 0.18075
0.0088324 3.5939 0.17606
0.0088975 3.792 0.24262
0.0089631 3.3595 0.19304
0.0090291 2.4423 0.19484
0.0090956 3.1079 0.20948
0.0091627 3.2489 0.50227
0.0092302 3.8431 0.17724
0.0092982 2.9257 0.13761
0.0093667 3.268 0.17811
0.0094357 2.2013 0.29256
0.0095053 2.7578 0.15021
0.0095753 3.7994 0.25603
0.0096459 3.2487 0.1834
0.0097169 2.3053 0.17282
0.0097885 3.1151 0.15181
0.0098607 2.3859 0.15225
0.0099333 2.8698 0.22257
0.010007 3.1617 0.14016
0.01008 2.4146 0.15318
0.010155 2.287 0.18857
0.010229 1.8918 0.15661
0.010305 2.7148 0.1624
0.010381 2.9565 0.16437
0.010457 2.424 0.12042
0.010534 2.0218 0.11957
0.010612 2.0657 0.20042
0.01069 2.2693 0.14851
0.010769 2.7001 0.16726
0.010848 2.6948 0.14121
0.010928 1.9638 0.12061
0.011009 2.238 0.11797
0.01109 2.1391 0.15997
0.011171 2.9309 0.14725
0.011254 1.8701 0.12715
0.011337 2.3742 0.16234
0.01142 2.2063 0.12485
0.011504 2.1094 0.10636
0.011589 2.2035 0.12205
0.011675 2.1059 0.13129
0.011761 1.7576 0.1233
0.011847 2.1487 0.1743
0.011935 2.0797 0.10749
0.012023 2.0365 0.099506
0.012111 1.861 0.12032
0.0122 1.7052 0.11243
0.01229 2.0721 0.12101
0.012381 2.0084 0.11408
0.012472 1.578 0.10569
0.012564 2.1866 0.11437
0.012657 1.7553 0.10059
0.01275 1.8962 0.10085
0.012844 1.6381 0.11901
0.012938 1.7215 0.10152
0.013034 1.7049 0.10741
0.01313 1.7618 0.07893
0.013227 1.5433 0.094333
0.013324 1.5064 0.11748
0.013422 1.969 0.1046
0.013521 1.605 0.11178
0.013621 1.5003 0.07643
0.013721 1.5385 0.087895
0.013822 1.8157 0.10631
0.013924 1.5047 0.080667
0.014027 1.3395 0.11422
0.01413 1.5821 0.08271
0.014234 1.5843 0.080556
0.014339 1.3836 0.076333
0.014445 1.4341 0.090954
0.014551 1.4063 0.11352
0.014658 1.6635 0.072689
0.014766 1.5565 0.082035
0.014875 1.3178 0.081397
0.014985 1.6529 0.091108
0.015095 1.556 0.082035
0.015206 1.3702 0.079227
0.015319 1.4151 0.073309
0.015431 1.4943 0.071925
0.015545 1.3792 0.079489
0.01566 1.3931 0.089677
0.015775 1.6114 0.078214
0.015891 1.2452 0.061692
0.016008 1.3884 0.082205
0.016126 1.4288 0.076531
0.016245 1.4839 0.082441
0.016365 1.2183 0.059866
0.016486 1.4294 0.073698
0.016607 1.4486 0.066519
0.016729 1.3159 0.08267
0.016853 1.2831 0.065947
0.016977 1.4674 0.066935
0.017102 1.2739 0.065688
0.017228 1.4164 0.081763
0.017355 1.5002 0.063469
0.017483 1.2266 0.063116
0.017612 1.1854 0.064073
0.017741 1.5149 0.069379
0.017872 1.2498 0.064375
0.018004 1.2481 0.063031
0.018136 1.3251 0.056801
0.01827 1.3879 0.070105
0.018405 1.4368 0.076749
0.01854 1.3125 0.052577
0.018677 1.2821 0.064506
0.018815 1.373 0.064142
0.018953 1.4366 0.064379
0.019093 1.2901 0.057883
0.019234 1.3832 0.058027
0.019375 1.3677 0.064003
0.019518 1.37 0.064689
0.019662 1.5018 0.055841
0.019807 1.2959 0.058512
0.019953 1.5186 0.068098
0.0201 1.4132 0.056897
0.020248 1.1479 0.050214
0.020397 1.5176 0.061749
0.020547 1.3692 0.061173
0.020699 1.5021 0.058651
0.020851 1.4589 0.053628
0.021005 1.3725 0.060198
0.02116 1.5271 0.059136
0.021316 1.3525 0.050688
0.021473 1.5603 0.061607
0.021631 1.622 0.05963
0.02179 1.3903 0.054469
0.021951 1.5162 0.052697
0.022113 1.4814 0.058251
0.022276 1.5633 0.058964
0.02244 1.5827 0.050408
0.022605 1.4232 0.059795
0.022772 1.7361 0.0574
0.02294 1.4575 0.049669
0.023109 1.7092 0.056616
0.023279 1.5792 0.061498
0.02345 1.4859 0.048839
0.023623 1.7276 0.053486
0.023797 1.7072 0.061607
0.023973 1.692 0.050567
0.024149 1.4526 0.050419
0.024327 2.0269 0.05886
0.024507 1.4816 0.050359
0.024687 1.8693 0.052133
0.024869 1.731 0.056298
0.025052 1.8881 0.052394
0.025237 1.717 0.054189
0.025423 2.0535 0.057679
0.02561 1.7639 0.049962
0.025799 1.8804 0.052048
0.025989 1.9234 0.058988
0.026181 1.9939 0.051052
0.026373 1.8801 0.051805
0.026568 2.0855 0.05532
0.026764 1.876 0.049943
0.026961 2.2295 0.056139
0.027159 2.0476 0.054815
0.02736 2.0507 0.049345
0.027561 2.2147 0.058109
0.027764 2.2551 0.050964
0.027969 1.9651 0.051558
0.028175 2.4319 0.055217
0.028383 2.0401 0.051212
0.028592 2.4595 0.055088
0.028802 2.4249 0.054061
0.029015 2.3488 0.050894
0.029228 2.5406 0.056894
0.029444 2.3583 0.050636
0.029661 2.7667 0.055418
0.029879 2.3546 0.053479
0.0301 2.7303 0.052835
0.030321 2.8417 0.060163
0.030545 2.5641 0.049601
0.03077 2.8315 0.05528
0.030997 2.8472 0.056624
0.031225 2.8108 0.050688
0.031455 2.8234 0.056183
0.031687 2.8604 0.051284
0.03192 3.0583 0.056282
0.032156 3.0026 0.053996
0.032393 3.1748 0.053862
0.032631 2.9583 0.053935
0.032872 3.227 0.053676
0.033114 3.4199 0.056233
0.033358 3.0522 0.052971
0.033604 3.4493 0.05471
0.033851 3.2964 0.05233
0.034101 3.2932 0.057265
0.034352 3.4663 0.051001
0.034605 3.7629 0.05812
0.03486 3.2728 0.051458
0.035117 3.8719 0.055387
0.035376 3.6 0.053687
0.035637 3.5185 0.053772
0.035899 3.8437 0.05383
0.036164 3.7485 0.052905
0.03643 3.5934 0.0542
0.036699 3.9587 0.051812
0.036969 3.9785 0.054764
0.037241 3.718 0.052067
0.037516 4.1882 0.05565
0.037792 3.8623 0.050959
0.038071 4.0243 0.052469
0.038351 3.9283 0.053269
0.038634 4.0425 0.050413
0.038919 4.2516 0.053343
0.039205 4.0002 0.050877
0.039494 4.0334 0.052527
0.039785 4.1487 0.048938
0.040079 4.3361 0.052747
0.040374 3.9722 0.048523
0.040671 4.1762 0.052089
0.040971 4.1634 0.049023
0.041273 4.2788 0.050072
0.041577 3.9403 0.047344
0.041883 3.9662 0.048031
0.042192 4.13 0.049288
0.042503 3.9302 0.045487
0.042816 4.1727 0.047766
0.043132 3.9056 0.045116
0.04345 4.0024 0.046783
0.04377 3.6753 0.044213
0.044092 3.8285 0.044374
0.044417 3.8692 0.044461
0.044744 3.6548 0.04173
0.045074 3.6482 0.042617
0.045406 3.4451 0.041024
0.045741 3.4416 0.040685
0.046078 3.3655 0.040109
0.046417 3.3472 0.039399
0.04676 3.3334 0.039794
0.047104 3.2116 0.037704
0.047451 3.0363 0.036151
0.047801 3.0613 0.036606
0.048153 2.9035 0.035552
0.048508 2.7883 0.033904
0.048865 2.7346 0.033939
0.049225 2.5693 0.032811
0.049588 2.4777 0.031509
0.049954 2.4191 0.031176
0.050322 2.3967 0.031481
0.050693 2.2328 0.029032
0.051066 2.2112 0.029285
0.051442 2.103 0.028211
0.051821 2.002 0.027296
0.052203 1.923 0.026691
0.052588 1.8132 0.025528
0.052975 1.71 0.024852
0.053366 1.6326 0.023955
0.053759 1.5777 0.023419
0.054155 1.5138 0.022814
0.054554 1.4068 0.021347
0.054956 1.3818 0.02145
0.055361 1.2779 0.020351
0.055769 1.2934 0.020689
0.05618 1.1778 0.019284
0.056594 1.1367 0.018832
0.057011 1.0808 0.018203
0.057431 0.99323 0.017594
0.057854 0.97087 0.017011
0.058281 0.92388 0.016693
0.05871 0.88086 0.015938
0.059143 0.84853 0.01563
0.059579 0.80304 0.015125
0.060018 0.76461 0.014537
0.06046 0.71596 0.014036
0.060905 0.71307 0.013884
0.061354 0.6554 0.013342
0.061806 0.63738 0.012971
0.062262 0.62968 0.012817
0.062721 0.57738 0.01209
0.063183 0.57617 0.012196
0.063648 0.55615 0.011782
0.064117 0.5378 0.011356
0.06459 0.52174 0.01122
0.065066 0.50174 0.010932
0.065545 0.49153 0.010832
0.066028 0.45527 0.010381
0.066515 0.45267 0.010048
0.067005 0.46025 0.010225
0.067499 0.43587 0.0099981
0.067996 0.43199 0.0096953
0.068497 0.41522 0.009368
0.069002 0.41799 0.0095524
0.06951 0.39517 0.0090638
0.070023 0.39931 0.0090399
0.070539 0.38272 0.0089223
0.071058 0.37711 0.0086428
0.071582 0.37419 0.008551
0.072109 0.38592 0.0087475
0.072641 0.37961 0.0085337
0.073176 0.37074 0.0083997
0.073715 0.35425 0.0081507
0.074258 0.35704 0.0080446
0.074806 0.34728 0.007997
0.075357 0.33925 0.0078102
0.075912 0.34704 0.0078451
0.076472 0.35483 0.0077695
0.077035 0.33109 0.0075938
0.077603 0.3274 0.0074544
0.078175 0.31559 0.0072373
0.078751 0.32099 0.007271
0.079331 0.31788 0.0071882
0.079916 0.29954 0.0069426
0.080504 0.31694 0.0071247
0.081098 0.31517 0.00689
0.081695 0.28266 0.0066986
0.082297 0.28911 0.0065026
0.082904 0.29092 0.0066188
0.083515 0.27472 0.0062674
0.08413 0.27396 0.0063182
0.08475 0.26901 0.0062404
0.085374 0.25378 0.0059636
0.086004 0.25541 0.0060196
0.086637 0.25795 0.0058682
0.087276 0.25395 0.0057835
0.087919 0.23439 0.0056245
0.088567 0.23158 0.0055195
0.089219 0.22266 0.005386
0.089877 0.21711 0.005244
0.090539 0.20776 0.0050939
0.091206 0.20632 0.0050355
0.091878 0.20961 0.0050882
0.092555 0.19994 0.0049336
0.093237 0.18256 0.0046262
0.093924 0.18295 0.0046056
0.094616 0.18745 0.0046915
0.095314 0.17987 0.0045109
0.096016 0.16936 0.004356
0.096724 0.15916 0.0042484
0.097436 0.15803 0.0041926
0.098154 0.15842 0.0040827
0.098878 0.15033 0.0040164
0.099606 0.14437 0.0039283
0.10034 0.13735 0.0037403
0.10108 0.13931 0.0037937
0.10182 0.1388 0.003745
0.10257 0.13421 0.0036349
0.10333 0.13264 0.0036396
0.10409 0.12647 0.0034691
0.10486 0.12982 0.003539
0.10563 0.12017 0.0033626
0.10641 0.11542 0.0032837
0.10719 0.11511 0.0032784
0.10798 0.10412 0.0030494
0.10878 0.10438 0.0030975
0.10958 0.10288 0.0029912
0.11039 0.10317 0.0030274
0.1112 0.094864 0.0028394
0.11202 0.095061 0.0028832
0.11285 0.09377 0.0027787
0.11368 0.092529 0.0027873
0.11452 0.088445 0.0026578
0.11536 0.08518 0.0026458
0.11621 0.088863 0.0026539
0.11707 0.084412 0.0025762
0.11793 0.084496 0.0025626
0.1188 0.082088 0.0024938
0.11967 0.080378 0.002486
0.12056 0.075649 0.0023637
0.12144 0.075608 0.0023519
0.12234 0.074031 0.0023458
0.12324 0.078513 0.0023471
0.12415 0.07298 0.0022694
0.12506 0.073359 0.0022878
0.12598 0.07186 0.0022024
0.12691 0.071995 0.0022095
0.12785 0.067194 0.0021271
0.12879 0.068291 0.0021348
0.12974 0.066046 0.0020692
0.1307 0.06618 0.00206
0.13166 0.064937 0.0020378
0.13263 0.062807 0.001991
0.13361 0.06283 0.0019663
0.13459 0.06452 0.0019807
0.13558 0.066094 0.0019791
0.13658 0.058637 0.0018856
0.13759 0.061311 0.0018874
0.1386 0.057726 0.0018291
0.13962 0.055582 0.0017891
0.14065 0.058159 0.0018026
0.14169 0.054236 0.0017391
0.14273 0.050828 0.0016825
0.14378 0.056692 0.0017444
0.14484 0.050493 0.00165
0.14591 0.052488 0.0016642
0.14699 0.051463 0.0016458
0.14807 0.050563 0.0016151
0.14916 0.048168 0.0015682
0.15026 0.048839 0.0015626
0.15137 0.050941 0.0015872
0.15248 0.04647 0.0015062
0.15361 0.045608 0.0014884
0.15474 0.044717 0.0014623
0.15588 0.045166 0.0014614
0.15703 0.043743 0.0014268
0.15818 0.041248 0.001382
0.15935 0.045727 0.0014361
0.16052 0.043092 0.0013838
0.16171 0.041029 0.0013494
0.1629 0.042298 0.0013585
0.1641 0.040936 0.0013284
0.16531 0.040835 0.0013202
0.16653 0.038284 0.0012699
0.16775 0.039413 0.0012782
0.16899 0.038664 0.0012583
0.17023 0.037312 0.0012334
0.17149 0.035465 0.0011963
0.17275 0.035557 0.0011855
0.17403 0.036366 0.0011922
0.17531 0.035046 0.0011672
0.1766 0.035253 0.0011543
0.1779 0.035459 0.0011544
0.17921 0.033089 0.0011086
0.18053 0.032296 0.001095
0.18186 0.031888 0.0010772
0.1832 0.030185 0.0010475
0.18455 0.032933 0.0010786
0.18591 0.029823 0.0010271
0.18728 0.029926 0.0010183
0.18866 0.029985 0.0010177
0.19005 0.027231 0.00096288
0.19145 0.027469 0.00096852
0.19286 0.026715 0.00094547
0.19429 0.028563 0.00096545
0.19572 0.026403 0.00093191
