#
0.0050184 14.768 1.1309
0.0050554 17.278 1.3675
0.0050926 15.331 1.2882
0.0051301 12.264 1.0306
0.0051679 14.683 1.0294
0.005206 17.498 1.9459
0.0052444 28.519 3.5131
0.005283 NaN NaN
0.005322 12.094 1.3211
0.0053612 12.625 1.1694
0.0054007 16.487 1.0906
0.0054405 16.371 0.84185
0.0054806 15.043 1.0419
0.005521 17.998 1.1395
0.0055616 14.766 1.1309
0.0056026 10.62 0.95917
0.0056439 16.488 1.0906
0.0056855 11.512 1.2893
0.0057274 18.354 1.9934
0.0057696 12.848 1.1793
0.0058121 11.979 1.139
0.0058549 12.139 0.76424
0.0058981 13.674 1.4049
0.0059416 15.224 1.2837
0.0059853 14.002 0.93074
0.0060294 12.088 1.618
0.0060739 9.7278 0.56938
0.0061186 17.279 1.3675
0.0061637 14.524 0.88654
0.0062091 8.8684 0.65352
0.0062549 11.827 1.0123
0.006301 9.06 1.4012
0.0063474 8.6837 0.68586
0.0063942 13.283 1.199
0.0064413 9.0593 1.4012
0.0064888 10.576 1.5135
0.0065366 9.6279 0.56646
0.0065847 9.3487 0.58106
0.0066333 8.6664 0.58441
0.0066821 9.8048 0.77896
0.0067314 9.4081 0.90294
0.006781 7.5946 0.81131
0.006831 5.8176 0.79443
0.0068813 9.7074 0.72521
0.006932 6.837 0.65085
0.0069831 6.7607 0.9882
0.0070345 8.3833 0.72042
0.0070864 6.6561 0.42476
0.0071386 8.4357 0.57642
0.0071912 7.1927 1.0192
0.0072442 7.3874 0.63268
0.0072976 8.486 0.63923
0.0073513 7.8368 0.53206
0.0074055 6.3553 0.58717
0.0074601 7.8499 0.82502
0.0075151 4.952 1.0369
0.0075704 7.3357 0.59432
0.0076262 6.9602 0.46435
0.0076824 9.2973 0.6052
0.007739 5.1715 0.49933
0.0077961 5.4 0.37124
0.0078535 4.6097 0.535
0.0079114 6.9033 0.61155
0.0079697 4.5946 0.8154
0.0080284 3.7862 0.57369
0.0080876 5.9709 0.44628
0.0081471 5.6284 0.379
0.0082072 5.2087 0.45337
0.0082677 4.8003 0.38579
0.0083286 4.6199 0.42704
0.00839 5.4572 0.62831
0.0084518 6.276 0.54993
0.0085141 3.2076 0.32761
0.0085768 5.0151 0.39435
0.00864 4.7412 0.6414
0.0087037 4.6967 0.43064
0.0087678 4.7378 0.34785
0.0088324 5.1494 0.35226
0.0088975 4.6114 0.44731
0.0089631 4.8011 0.38579
0.0090291 3.7865 0.40566
0.0090956 4.1495 0.40474
0.0091627 5.172 1.0592
0.0092302 4.8724 0.33372
0.0092982 4.054 0.27087
0.0093667 4.09 0.33321
0.0094357 3.1142 0.58218
0.0095053 4.1204 0.30704
0.0095753 4.4975 0.46584
0.0096459 3.7011 0.32743
0.0097169 3.0081 0.33028
0.0097885 4.1809 0.29411
0.0098607 3.7373 0.31864
0.0099333 4.0182 0.44037
0.010007 4.185 0.26964
0.01008 3.2227 0.29607
0.010155 3.5263 0.39159
0.010229 2.6112 0.30789
0.010305 4.1144 0.33431
0.010381 3.6694 0.30631
0.010457 3.5027 0.24217
0.010534 3.0459 0.24551
0.010612 3.1684 0.4152
0.01069 2.9796 0.28475
0.010769 3.1796 0.30373
0.010848 3.6672 0.2755
0.010928 3.0695 0.2522
0.011009 2.8016 0.22084
0.01109 3.107 0.32251
0.011171 3.317 0.2621
0.011254 2.4546 0.24382
0.011337 3.0098 0.30578
0.01142 2.9904 0.24313
0.011504 3.0369 0.2135
0.011589 2.3871 0.21272
0.011675 3.3488 0.27688
0.011761 2.5971 0.25082
0.011847 3.1248 0.35162
0.011935 2.9756 0.21511
0.012023 2.7085 0.19207
0.012111 2.6188 0.23882
0.0122 2.3481 0.22083
0.01229 2.4588 0.22064
0.012381 2.7562 0.2236
0.012472 2.8495 0.23751
0.012564 2.6573 0.21104
0.012657 2.5427 0.20259
0.01275 2.6059 0.19783
0.012844 2.1195 0.22665
0.012938 2.4743 0.2037
0.013034 2.5003 0.21764
0.01313 2.0748 0.14344
0.013227 2.2234 0.18951
0.013324 2.5493 0.25564
0.013422 2.5741 0.20018
0.013521 1.9479 0.20626
0.013621 2.3046 0.15852
0.013721 2.1998 0.1759
0.013822 2.2806 0.19949
0.013924 2.2638 0.16558
0.014027 1.8721 0.22613
0.01413 2.1795 0.1625
0.014234 2.1553 0.15727
0.014339 2.107 0.15767
0.014445 2.0949 0.18401
0.014551 1.5832 0.20191
0.014658 2.3993 0.14608
0.014766 2.3363 0.16817
0.014875 1.6259 0.15153
0.014985 1.9748 0.16681
0.015095 2.0346 0.15708
0.015206 1.8132 0.15263
0.015319 2.0914 0.14916
0.015431 1.9395 0.13726
0.015545 2.0925 0.16387
0.01566 2.0127 0.1805
0.015775 1.9219 0.14307
0.015891 1.9646 0.12971
0.016008 1.8735 0.1599
0.016126 2.0287 0.15268
0.016245 1.914 0.15681
0.016365 2.0443 0.12978
0.016486 2.0999 0.14954
0.016607 1.964 0.12971
0.016729 2.172 0.17772
0.016853 1.8688 0.13328
0.016977 1.9232 0.12832
0.017102 2.0404 0.13912
0.017228 1.9727 0.16156
0.017355 1.8368 0.11765
0.017483 2.0346 0.13604
0.017612 2.1443 0.14415
0.017741 1.861 0.1288
0.017872 2.1894 0.14254
0.018004 2.0257 0.13443
0.018136 2.1358 0.12068
0.01827 1.8178 0.1344
0.018405 2.0055 0.15183
0.01854 2.0546 0.11011
0.018677 2.1984 0.14131
0.018815 2.0176 0.13017
0.018953 1.7736 0.11986
0.019093 1.8909 0.11733
0.019234 1.8048 0.11103
0.019375 1.803 0.12307
0.019518 2.05 0.13245
0.019662 2.0449 0.1091
0.019807 2.1201 0.12525
0.019953 1.9048 0.12775
0.0201 1.9393 0.11161
0.020248 2.0756 0.11297
0.020397 2.0438 0.12
0.020547 1.8321 0.11851
0.020699 2.0028 0.11341
0.020851 2.1762 0.10962
0.021005 2.1359 0.12568
0.02116 1.761 0.10642
0.021316 2.1595 0.10718
0.021473 2.2784 0.12459
0.021631 2.3203 0.11936
0.02179 2.3268 0.11789
0.021951 2.495 0.11308
0.022113 2.1931 0.11864
0.022276 2.1127 0.11475
0.02244 2.1462 0.098284
0.022605 2.1431 0.12281
0.022772 2.2645 0.10974
0.02294 2.4492 0.1077
0.023109 2.2311 0.10829
0.023279 2.3433 0.12535
0.02345 2.4021 0.10389
0.023623 2.5103 0.10789
0.023797 2.446 0.1234
0.023973 2.5162 0.10319
0.024149 2.7357 0.1157
0.024327 2.5656 0.11084
0.024507 2.3133 0.1053
0.024687 2.5031 0.10096
0.024869 2.6568 0.11669
0.025052 2.7171 0.10516
0.025237 2.8276 0.11631
0.025423 2.8098 0.11289
0.02561 2.7664 0.10468
0.025799 2.7873 0.10602
0.025989 3.0326 0.12389
0.026181 2.8516 0.10214
0.026373 2.9917 0.1093
0.026568 2.9094 0.10932
0.026764 2.9015 0.10389
0.026961 2.894 0.10702
0.027159 3.1421 0.11358
0.02736 3.2121 0.10329
0.027561 3.3464 0.11947
0.027764 2.9917 0.098215
0.027969 3.7749 0.11945
0.028175 3.2866 0.10738
0.028383 3.8115 0.11702
0.028592 3.5528 0.11074
0.028802 3.4831 0.10837
0.029015 3.6727 0.10642
0.029228 4.0428 0.12
0.029444 3.7759 0.10714
0.029661 4.0397 0.11197
0.029879 3.9269 0.11547
0.0301 4.4532 0.11281
0.030321 4.7802 0.13044
0.030545 4.2998 0.10738
0.03077 4.8121 0.12047
0.030997 4.4334 0.11813
0.031225 5.0333 0.11337
0.031455 4.9832 0.12476
0.031687 5.2445 0.11606
0.03192 4.9051 0.11915
0.032156 4.6844 0.11275
0.032393 4.914 0.11202
0.032631 4.8536 0.11548
0.032872 5.0409 0.11215
0.033114 4.897 0.1125
0.033358 5.1422 0.11493
0.033604 5.0347 0.11051
0.033851 4.814 0.10573
0.034101 5.4726 0.12339
0.034352 4.8922 0.1013
0.034605 5.5557 0.11805
0.03486 5.0085 0.10642
0.035117 5.7136 0.11247
0.035376 5.1189 0.10703
0.035637 6.0266 0.11762
0.035899 5.1221 0.10389
0.036164 5.7212 0.10925
0.03643 5.1425 0.1084
0.036699 5.6693 0.10365
0.036969 5.2985 0.10566
0.037241 5.7635 0.10836
0.037516 5.2034 0.10371
0.037792 6.0515 0.10662
0.038071 5.4314 0.10191
0.038351 5.8982 0.10911
0.038634 5.6854 0.099943
0.038919 5.9799 0.10575
0.039205 5.5086 0.099814
0.039494 5.9806 0.10691
0.039785 5.4678 0.093927
0.040079 5.7455 0.10151
0.040374 5.4446 0.094971
0.040671 6.0429 0.10474
0.040971 5.8399 0.097055
0.041273 5.3419 0.093541
0.041577 5.8425 0.096365
0.041883 5.5253 0.094771
0.042192 6.2009 0.10095
0.042503 5.3744 0.088926
0.042816 6.2927 0.098046
0.043132 6.0049 0.093508
0.04345 5.6425 0.092859
0.04377 5.9268 0.093841
0.044092 5.4779 0.088735
0.044417 5.5447 0.088974
0.044744 5.0156 0.08173
0.045074 5.0918 0.084174
0.045406 5.0399 0.082954
0.045741 4.6751 0.079287
0.046078 4.5024 0.077576
0.046417 4.4152 0.075669
0.04676 4.19 0.074611
0.047104 4.2441 0.072482
0.047451 4.19 0.071013
0.047801 3.9766 0.069777
0.048153 3.8756 0.068696
0.048508 3.7268 0.065555
0.048865 3.5323 0.064521
0.049225 3.6319 0.065245
0.049588 3.3183 0.060997
0.049954 3.273 0.060662
0.050322 3.2158 0.061001
0.050693 3.1081 0.0573
0.051066 2.9557 0.056646
0.051442 3.0528 0.056858
0.051821 2.8546 0.05453
0.052203 2.6966 0.052885
0.052588 2.6191 0.051336
0.052975 2.5286 0.050569
0.053366 2.3569 0.048171
0.053759 2.3035 0.047359
0.054155 2.2401 0.046445
0.054554 2.1856 0.04453
0.054956 2.0869 0.044123
0.055361 2.0605 0.04325
0.055769 2.0361 0.043446
0.05618 1.9418 0.041442
0.056594 1.729 0.038892
0.057011 1.816 0.039496
0.057431 1.7556 0.039149
0.057854 1.6949 0.037622
0.058281 1.5879 0.036639
0.05871 1.5588 0.035495
0.059143 1.5451 0.035304
0.059579 1.5501 0.035167
0.060018 1.4453 0.033454
0.06046 1.4014 0.032867
0.060905 1.4066 0.032635
0.061354 1.3546 0.032098
0.061806 1.3114 0.031137
0.062262 1.2939 0.030749
0.062721 1.2529 0.029799
0.063183 1.2389 0.029925
0.063648 1.1905 0.028845
0.064117 1.1893 0.028253
0.06459 1.1598 0.027989
0.065066 1.1769 0.028001
0.065545 1.1671 0.027913
0.066028 1.1576 0.027669
0.066515 1.1195 0.02642
0.067005 1.088 0.026293
0.067499 1.1461 0.027092
0.067996 1.1149 0.026032
0.068497 1.0882 0.025345
0.069002 1.1092 0.026002
0.06951 1.103 0.025293
0.070023 1.0708 0.024734
0.070539 1.058 0.02478
0.071058 0.9918 0.023424
0.071582 1.0541 0.02397
0.072109 1.0429 0.024026
0.072641 1.0727 0.023958
0.073176 1.077 0.023904
0.073715 1.0257 0.023158
0.074258 1.0124 0.022623
0.074806 1.0162 0.022838
0.075357 0.99167 0.022293
0.075912 0.98952 0.022122
0.076472 1.0286 0.022087
0.077035 1.0236 0.02228
0.077603 1.014 0.02189
0.078175 1.01 0.021596
0.078751 0.976 0.021158
0.079331 0.95339 0.020777
0.079916 0.9638 0.020769
0.080504 0.99927 0.021105
0.081098 0.99318 0.020404
0.081695 0.96017 0.020577
0.082297 0.95558 0.01971
0.082904 0.96968 0.020146
0.083515 0.9096 0.019012
0.08413 0.90985 0.019194
0.08475 0.88161 0.018834
0.085374 0.88686 0.018571
0.086004 0.878 0.018597
0.086637 0.84767 0.017733
0.087276 0.84806 0.017615
0.087919 0.82618 0.017585
0.088567 0.84033 0.017503
0.089219 0.81726 0.017174
0.089877 0.79792 0.01673
0.090539 0.78975 0.016518
0.091206 0.82368 0.016726
0.091878 0.75907 0.016115
0.092555 0.8024 0.016425
0.093237 0.7629 0.015702
0.093924 0.72148 0.015196
0.094616 0.74141 0.015504
0.095314 0.72747 0.015067
0.096016 0.69412 0.014637
0.096724 0.69363 0.014703
0.097436 0.67855 0.014405
0.098154 0.67272 0.013952
0.098878 0.66029 0.013948
0.099606 0.65175 0.013819
0.10034 0.64319 0.013391
0.10108 0.65108 0.01357
0.10182 0.63172 0.013223
0.10257 0.62925 0.013017
0.10333 0.61004 0.01291
0.10409 0.60865 0.012573
0.10486 0.59892 0.01257
0.10563 0.61753 0.012576
0.10641 0.59211 0.012265
0.10719 0.56674 0.012004
0.10798 0.55053 0.011541
0.10878 0.55749 0.011781
0.10958 0.5401 0.01128
0.11039 0.5607 0.011611
0.1112 0.52767 0.010997
0.11202 0.53748 0.011258
0.11285 0.52885 0.010834
0.11368 0.54385 0.011085
0.11452 0.51127 0.010477
0.11536 0.51295 0.010629
0.11621 0.51422 0.010466
0.11707 0.50368 0.010303
0.11793 0.49961 0.010203
0.1188 0.49223 0.0099882
0.11967 0.48862 0.010021
0.12056 0.48616 0.0097726
0.12144 0.46893 0.0095599
0.12234 0.48716 0.0098054
0.12324 0.46933 0.0093796
0.12415 0.46371 0.0093239
0.12506 0.46073 0.0093491
0.12598 0.43696 0.0088575
0.12691 0.46816 0.0091785
0.12785 0.42922 0.0087427
0.12879 0.43649 0.0087795
0.12974 0.43363 0.0086176
0.1307 0.42244 0.0084635
0.13166 0.42097 0.0084288
0.13263 0.40815 0.0082395
0.13361 0.41511 0.0082034
0.13459 0.41001 0.0081164
0.13558 0.40989 0.0080213
0.13658 0.40065 0.0079783
0.13759 0.4043 0.0078637
0.1386 0.39465 0.0077376
0.13962 0.38112 0.0075708
0.14065 0.38137 0.0074786
0.14169 0.37759 0.0074054
0.14273 0.37949 0.0073938
0.14378 0.36627 0.00718
0.14484 0.35344 0.0070284
0.14591 0.35282 0.0069628
0.14699 0.35715 0.0069866
0.14807 0.35072 0.0068514
0.14916 0.34097 0.0067052
0.15026 0.34572 0.0066876
0.15137 0.32962 0.0065178
0.15248 0.33624 0.0065028
0.15361 0.31521 0.0062842
0.15474 0.31621 0.0062326
0.15588 0.31509 0.0061943
0.15703 0.31629 0.0061439
0.15818 0.30201 0.0059721
0.15935 0.30023 0.0059175
0.16052 0.29359 0.0057902
0.16171 0.29518 0.0057788
0.1629 0.28855 0.0056838
0.1641 0.2865 0.0056162
0.16531 0.27821 0.0055119
0.16653 0.27734 0.0054433
0.16775 0.28789 0.0055041
0.16899 0.27791 0.0053736
0.17023 0.26363 0.005218
0.17149 0.25831 0.0051223
0.17275 0.25383 0.0050306
0.17403 0.25889 0.0050563
0.17531 0.24984 0.0049447
0.1766 0.24505 0.0048347
0.1779 0.24807 0.0048511
0.17921 0.22442 0.0045787
0.18053 0.22746 0.0045953
0.18186 0.22391 0.0045125
0.1832 0.22079 0.0044587
0.18455 0.21526 0.0043767
0.18591 0.21057 0.004297
0.18728 0.20834 0.004236
0.18866 0.19889 0.0041414
0.19005 0.19318 0.0040192
0.19145 0.18741 0.0039734
0.19286 0.18911 0.003937
0.19429 0.1861 0.0038854
0.19572 0.1727 0.0037392
