#
0.0050184 11.745 4.5984
0.0050554 14.824 5.7479
0.0050926 16.974 6.1447
0.0051301 -0.34247 NaN
0.0051679 5.3925 2.8969
0.005206 -0.31543 NaN
0.0052444 -0.42057 NaN
0.005283 NaN NaN
0.005322 25.778 8.6898
0.0053612 12.561 5.3216
0.0054007 9.7924 3.832
0.0054405 7.4632 2.6071
0.0054806 8.2891 3.5478
0.005521 11.186 4.0966
0.0055616 8.233 3.8865
0.0056026 6.5972 3.4762
0.0056439 11.256 4.0965
0.0056855 14.092 6.4772
0.0057274 -0.48066 NaN
0.0057696 14.876 5.7479
0.0058121 12.606 5.3216
0.0058549 7.3803 2.7311
0.0058981 5.4025 4.0968
0.0059416 10.487 4.8579
0.0059853 7.0363 3.041
0.0060294 -0.40555 NaN
0.0060739 5.6462 2.0055
0.0061186 6.1492 3.7631
0.0061637 9.4491 3.2588
0.0062091 6.348 2.5548
0.0062549 3.0433 2.4583
0.006301 -0.42057 NaN
0.0063474 6.1379 2.6609
0.0063942 8.4042 4.3451
0.0064413 12.599 7.5259
0.0064888 3.9693 4.3455
0.0065366 7.6491 2.3157
0.0065847 6.1042 2.1726
0.0066333 5.8882 2.2346
0.0066821 5.855 2.7761
0.0067314 4.8353 3.0106
0.006781 4.8893 3.0105
0.006831 8.2841 4.3452
0.0068813 6.0704 2.661
0.006932 7.0448 3.041
0.0069831 -0.28038 NaN
0.0070345 3.3593 2.1505
0.0070864 5.0386 1.7177
0.0071386 2.0422 1.3686
0.0071912 -0.2904 NaN
0.0072442 8.3291 3.0725
0.0072976 9.2846 3.0534
0.0073513 2.516 1.4486
0.0074055 4.9691 2.4292
0.0074601 4.8052 3.0106
0.0075151 -0.42057 NaN
0.0075704 5.4793 2.3652
0.0076262 4.5557 1.7558
0.0076824 4.3465 1.9353
0.007739 6.4048 2.5547
0.0077961 3.727 1.446
0.0078535 0.7693 1.2422
0.0079114 2.9469 1.8817
0.0079697 -0.36049 NaN
0.0080284 3.0913 2.4583
0.0080876 3.6778 1.6376
0.0081471 5.2481 1.6955
0.0082072 9.0836 2.7367
0.0082677 3.98 1.6424
0.0083286 4.3602 1.9353
0.00839 2.491 2.0487
0.0084518 5.4259 2.3653
0.0085141 3.6293 1.6376
0.0085768 3.95 1.6424
0.00864 -0.31243 NaN
0.0087037 5.1147 2.0903
0.0087678 3.1982 1.3526
0.0088324 5.4777 1.6725
0.0088975 4.0324 1.9433
0.0089631 2.133 1.2417
0.0090291 3.0973 1.7383
0.0090956 2.8076 1.5802
0.0091627 12.689 7.5258
0.0092302 4.1545 1.4465
0.0092982 2.5348 1.0243
0.0093667 2.8963 1.3306
0.0094357 1.7518 2.1731
0.0095053 1.8488 1.023
0.0095753 1.5505 1.3659
0.0096459 2.5381 1.2957
0.0097169 3.2402 1.6195
0.0097885 2.9112 1.1706
0.0098607 0.15257 0.54378
0.0099333 0.60836 0.96614
0.010007 2.763 1.043
0.01008 2.8456 1.3306
0.010155 3.9513 1.9434
0.010229 1.7819 1.2546
0.010305 3.928 1.5364
0.010381 4.7299 1.6166
0.010457 3.5427 1.158
0.010534 1.5653 0.88353
0.010612 5.0142 2.4292
0.01069 0.13379 0.54381
0.010769 4.2239 1.6388
0.010848 5.0031 1.4921
0.010928 2.0951 1.0139
0.011009 1.7262 0.85167
0.01109 2.2763 1.3372
0.011171 1.2761 0.82792
0.011254 1.0494 0.83656
0.011337 2.758 1.3882
0.01142 1.2399 0.79027
0.011504 1.0973 0.67034
0.011589 1.4985 0.84512
0.011675 2.3504 1.1206
0.011761 1.9815 1.0798
0.011847 1.9657 1.3687
0.011935 2.3811 0.93128
0.012023 2.0178 0.81491
0.012111 1.3564 0.8693
0.0122 1.667 0.92559
0.01229 2.8008 1.1174
0.012381 1.7994 0.88715
0.012472 1.568 0.88353
0.012564 1.9282 0.88453
0.012657 1.5327 0.78863
0.01275 3.2228 1.0382
0.012844 1.5572 0.96585
0.012938 2.2613 0.94557
0.013034 1.5051 0.84511
0.01313 1.2078 0.55882
0.013227 2.1964 0.91054
0.013324 1.6453 1.0227
0.013422 1.7615 0.82137
0.013521 2.2119 1.0645
0.013621 1.5579 0.65196
0.013721 2.7181 0.92989
0.013822 0.64142 0.60244
0.013924 1.8019 0.72436
0.014027 0.14506 0.5438
0.01413 1.3133 0.63888
0.014234 1.6921 0.68624
0.014339 1.0048 0.57557
0.014445 2.1875 0.91055
0.014551 0.12239 0.51183
0.014658 2.1051 0.66373
0.014766 1.0861 0.59152
0.014875 0.99747 0.62712
0.014985 1.8413 0.7931
0.015095 2.0225 0.76353
0.015206 1.4206 0.67645
0.015319 1.3336 0.59969
0.015431 1.318 0.57956
0.015545 1.6674 0.72312
0.01566 0.85789 0.64406
0.015775 1.3189 0.5997
0.015891 1.482 0.56532
0.016008 1.2594 0.66543
0.016126 1.4334 0.64704
0.016245 1.1474 0.62632
0.016365 0.41848 0.36693
0.016486 1.5038 0.63607
0.016607 1.1288 0.5114
0.016729 0.77611 0.57965
0.016853 1.094 0.53457
0.016977 0.47907 0.38129
0.017102 1.3318 0.56694
0.017228 1.1949 0.64529
0.017355 1.102 0.474
0.017483 1.6003 0.60064
0.017612 0.79881 0.47327
0.017741 1.397 0.56102
0.017872 0.36244 0.37011
0.018004 1.5136 0.58841
0.018136 0.6924 0.38428
0.01827 1.5715 0.62476
0.018405 0.9681 0.56044
0.01854 0.89023 0.38968
0.018677 1.6334 0.60062
0.018815 1.6056 0.5791
0.018953 1.5244 0.55766
0.019093 0.48595 0.35503
0.019234 1.6443 0.52605
0.019375 0.97005 0.47289
0.019518 0.982 0.48217
0.019662 0.42292 0.3068
0.019807 1.2169 0.4887
0.019953 1.3028 0.53904
0.0201 1.2708 0.46095
0.020248 0.95197 0.40614
0.020397 0.70505 0.39669
0.020547 1.4473 0.52831
0.020699 1.7811 0.52707
0.020851 1.0505 0.39679
0.021005 1.2393 0.48869
0.02116 1.6506 0.51134
0.021316 1.9596 0.4972
0.021473 1.3849 0.48975
0.021631 1.464 0.47419
0.02179 0.92548 0.39501
0.021951 0.96289 0.36879
0.022113 1.5149 0.49512
0.022276 0.99176 0.41193
0.02244 1.6495 0.42979
0.022605 0.73704 0.39667
0.022772 1.5254 0.44977
0.02294 0.76024 0.32739
0.023109 1.3835 0.43185
0.023279 1.099 0.4436
0.02345 0.69999 0.31053
0.023623 1.262 0.39238
0.023797 1.109 0.43023
0.023973 1.2063 0.36791
0.024149 1.368 0.41441
0.024327 1.1347 0.38215
0.024507 0.45669 0.28672
0.024687 2.0569 0.44496
0.024869 1.5548 0.44579
0.025052 1.4038 0.38108
0.025237 1.2415 0.3939
0.025423 1.1543 0.37339
0.02561 1.3967 0.37903
0.025799 2.1798 0.45529
0.025989 1.4224 0.42887
0.026181 1.6575 0.38655
0.026373 1.6793 0.40666
0.026568 1.5682 0.40177
0.026764 1.188 0.34051
0.026961 1.9847 0.43283
0.027159 1.4074 0.38468
0.02736 1.4612 0.35115
0.027561 1.8995 0.44283
0.027764 0.96147 0.29514
0.027969 1.6495 0.39279
0.028175 1.918 0.40271
0.028383 1.396 0.35924
0.028592 1.9415 0.40228
0.028802 2.1551 0.41539
0.029015 1.0151 0.29573
0.029228 1.7449 0.39028
0.029444 2.3443 0.40777
0.029661 2.2818 0.40714
0.029879 2.3963 0.43483
0.0301 1.783 0.35255
0.030321 1.6037 0.37705
0.030545 1.9685 0.35594
0.03077 2.7357 0.43528
0.030997 2.6893 0.44091
0.031225 1.9201 0.34302
0.031455 1.4801 0.34256
0.031687 1.9773 0.34886
0.03192 1.641 0.34287
0.032156 2.8841 0.42081
0.032393 2.2838 0.36872
0.032631 2.103 0.36907
0.032872 2.2067 0.36025
0.033114 1.7754 0.33535
0.033358 2.1323 0.36006
0.033604 2.5191 0.37616
0.033851 2.5355 0.36895
0.034101 2.8444 0.42435
0.034352 2.5876 0.35384
0.034605 2.5322 0.38266
0.03486 2.6059 0.3678
0.035117 2.5912 0.36302
0.035376 3.0117 0.39061
0.035637 3.0229 0.39563
0.035899 1.9312 0.31296
0.036164 3.1182 0.38301
0.03643 3.1226 0.40145
0.036699 2.7668 0.34582
0.036969 3.5352 0.40691
0.037241 2.4301 0.339
0.037516 3.8743 0.42007
0.037792 3.2079 0.36869
0.038071 2.7877 0.34887
0.038351 3.1189 0.37711
0.038634 2.5347 0.32063
0.038919 2.803 0.34544
0.039205 3.3997 0.37113
0.039494 2.6809 0.34251
0.039785 2.8061 0.32153
0.040079 2.9425 0.3464
0.040374 2.9622 0.33343
0.040671 2.924 0.34696
0.040971 3.5319 0.35545
0.041273 3.3172 0.34869
0.041577 3.1182 0.33395
0.041883 2.8326 0.32394
0.042192 3.1309 0.3406
0.042503 2.5868 0.29615
0.042816 3.7984 0.35825
0.043132 2.6389 0.29749
0.04345 2.8196 0.31365
0.04377 2.9305 0.31364
0.044092 2.878 0.30734
0.044417 3.2675 0.32351
0.044744 3.2126 0.30982
0.045074 3.401 0.32492
0.045406 2.9956 0.3044
0.045741 2.729 0.28987
0.046078 2.0394 0.25518
0.046417 2.5367 0.27585
0.04676 2.9461 0.29722
0.047104 2.9769 0.28883
0.047451 2.1713 0.24794
0.047801 2.1528 0.24974
0.048153 1.8249 0.23231
0.048508 2.1531 0.24186
0.048865 1.9918 0.23678
0.049225 2.1861 0.24577
0.049588 2.0093 0.23178
0.049954 1.8975 0.22689
0.050322 1.7 0.21937
0.050693 2.3125 0.23873
0.051066 1.8042 0.2179
0.051442 1.773 0.21365
0.051821 1.5529 0.20059
0.052203 1.9543 0.22005
0.052588 1.5034 0.19469
0.052975 1.344 0.18709
0.053366 1.3521 0.18517
0.053759 1.3749 0.18515
0.054155 1.3626 0.18311
0.054554 1.3629 0.17804
0.054956 0.96477 0.15876
0.055361 1.1631 0.16765
0.055769 1.0908 0.16514
0.05618 0.99719 0.15647
0.056594 1.0186 0.15653
0.057011 0.92197 0.14993
0.057431 0.75305 0.14103
0.057854 0.48365 0.12086
0.058281 0.79855 0.14147
0.05871 0.80484 0.13897
0.059143 0.68249 0.13111
0.059579 0.52843 0.12067
0.060018 0.61645 0.1239
0.06046 0.90733 0.14092
0.060905 0.5966 0.12112
0.061354 0.75204 0.13141
0.061806 0.47903 0.11344
0.062262 0.53025 0.11579
0.062721 0.73844 0.12626
0.063183 0.31786 0.10119
0.063648 0.74682 0.12522
0.064117 0.48795 0.1079
0.06459 0.43332 0.10438
0.065066 0.49511 0.10789
0.065545 0.64572 0.11732
0.066028 0.39817 0.10134
0.066515 0.41879 0.10012
0.067005 0.50077 0.10578
0.067499 0.46933 0.10443
0.067996 0.55176 0.10612
0.068497 0.41406 0.09688
0.069002 0.66441 0.11238
0.06951 0.31178 0.089542
0.070023 0.36483 0.092377
0.070539 0.2087 0.082688
0.071058 0.28527 0.085277
0.071582 0.56672 0.101
0.072109 0.25033 0.083264
0.072641 0.34488 0.087827
0.073176 0.32763 0.086455
0.073715 0.41954 0.091157
0.074258 0.27523 0.081079
0.074806 0.58306 0.099234
0.075357 0.23766 0.078501
0.075912 0.55652 0.096063
0.076472 0.25772 0.077253
0.077035 0.37916 0.085623
0.077603 0.34133 0.082376
0.078175 0.34892 0.082011
0.078751 0.3982 0.084372
0.079331 0.31573 0.079336
0.079916 0.28536 0.07695
0.080504 0.34369 0.079681
0.081098 0.32045 0.076271
0.081695 0.35876 0.080624
0.082297 0.33138 0.076026
0.082904 0.37976 0.079195
0.083515 0.21585 0.06869
0.08413 0.3591 0.076927
0.08475 0.42841 0.080363
0.085374 0.36955 0.07616
0.086004 0.34552 0.074805
0.086637 0.36451 0.074038
0.087276 0.334 0.071629
0.087919 0.20316 0.065819
0.088567 0.34724 0.072407
0.089219 0.22884 0.065794
0.089877 0.24663 0.065749
0.090539 0.26048 0.066131
0.091206 0.29422 0.066804
0.091878 0.25648 0.065123
0.092555 0.3416 0.069265
0.093237 0.13077 0.056766
0.093924 0.32556 0.066665
0.094616 0.21786 0.061658
0.095314 0.25633 0.06239
0.096016 0.20003 0.059508
0.096724 0.19529 0.05947
0.097436 0.25815 0.061894
0.098154 0.2011 0.057455
0.098878 0.13908 0.054675
0.099606 0.19091 0.057534
0.10034 0.17808 0.055033
0.10108 0.095098 0.051282
0.10182 0.082503 0.050139
0.10257 0.244 0.057356
0.10333 0.27646 0.059335
0.10409 0.091914 0.049127
0.10486 0.095151 0.049615
0.10563 0.2056 0.054071
0.10641 0.18168 0.052659
0.10719 0.20268 0.053551
0.10798 0.20232 0.05239
0.10878 0.12362 0.049403
0.10958 0.19683 0.051397
0.11039 0.21214 0.052529
0.1112 0.18396 0.050153
0.11202 0.1691 0.050007
0.11285 0.22229 0.050831
0.11368 0.12635 0.046926
0.11452 0.15051 0.046783
0.11536 0.16059 0.047976
0.11621 0.19608 0.048738
0.11707 0.18405 0.047843
0.11793 0.12844 0.045176
0.1188 0.10853 0.043897
0.11967 0.21929 0.048757
0.12056 0.17547 0.045964
0.12144 0.16484 0.045236
0.12234 0.12224 0.043757
0.12324 0.088787 0.041185
0.12415 0.080786 0.04085
0.12506 0.18651 0.045502
0.12598 0.14792 0.042694
0.12691 0.19785 0.04471
0.12785 0.17637 0.043794
0.12879 0.1061 0.040849
0.12974 0.12321 0.040592
0.1307 0.17412 0.042456
0.13166 0.17153 0.04236
0.13263 0.10872 0.039444
0.13361 0.13377 0.03985
0.13459 0.10654 0.038615
0.13558 0.17845 0.040861
0.13658 0.11543 0.038749
0.13759 0.15462 0.039365
0.1386 0.1309 0.038438
0.13962 0.15484 0.039121
0.14065 0.14145 0.038059
0.14169 0.1582 0.038661
0.14273 0.1509 0.038081
0.14378 0.18031 0.03867
0.14484 0.11091 0.03612
0.14591 0.12695 0.036373
0.14699 0.15334 0.037219
0.14807 0.11793 0.035518
0.14916 0.13621 0.035916
0.15026 0.12504 0.035026
0.15137 0.066057 0.032846
0.15248 0.097041 0.033498
0.15361 0.14018 0.03484
0.15474 0.13696 0.034608
0.15588 0.11913 0.033696
0.15703 0.11419 0.033187
0.15818 0.10103 0.032524
0.15935 0.10915 0.032632
0.16052 0.1493 0.033551
0.16171 0.12421 0.032739
0.1629 0.12813 0.03252
0.1641 0.060128 0.030071
0.16531 0.14183 0.032563
0.16653 0.10776 0.031086
0.16775 0.091202 0.030477
0.16899 0.078556 0.029835
0.17023 0.068247 0.029309
0.17149 0.089947 0.029722
0.17275 0.10551 0.029859
0.17403 0.08019 0.029016
0.17531 0.083634 0.028973
0.1766 0.10062 0.029091
0.1779 0.081456 0.028414
0.17921 0.065593 0.027566
0.18053 0.12956 0.029499
0.18186 0.1205 0.028872
0.1832 0.065456 0.027097
0.18455 0.074359 0.027223
0.18591 0.13341 0.02875
0.18728 0.099829 0.027421
0.18866 0.092828 0.027168
0.19005 0.075392 0.026269
0.19145 0.10971 0.027317
0.19286 0.092487 0.02654
0.19429 0.14265 0.027739
0.19572 0.10704 0.026779
