#
0.0050184 24.522 5.8587
0.0050554 49.752 9.2954
0.0050926 916.24 39.775
0.0051301 35.631 7.0412
0.0051679 31.902 6.0892
0.005206 179.26 24.894
0.0052444 1670.5 107.41
0.005283 NaN NaN
0.005322 36.593 9.206
0.0053612 20.337 5.9796
0.0054007 54.961 7.9726
0.0054405 86.021 7.7194
0.0054806 50.314 7.6332
0.005521 1088.3 35.393
0.0055616 24.493 5.8587
0.0056026 578.31 28.266
0.0056439 83.741 9.8319
0.0056855 20.403 6.9046
0.0057274 776.36 51.783
0.0057696 34.259 7.7194
0.0058121 29.004 7.117
0.0058549 29.646 4.791
0.0058981 36.513 9.206
0.0059416 205.11 18.83
0.0059853 30.249 5.4918
0.0060294 13.487 6.9047
0.0060739 381.57 14.241
0.0061186 42.86 8.6306
0.0061637 322.52 16.691
0.0062091 21.154 4.0595
0.0062549 296.55 20.248
0.006301 37.64 11.45
0.0063474 14.37 3.5586
0.0063942 27.391 6.9045
0.0064413 196.43 26.064
0.0064888 20.415 8.4563
0.0065366 22.542 3.4828
0.0065847 140.06 8.9876
0.0066333 229.39 12.008
0.0066821 267.02 16.237
0.0067314 23.174 5.6936
0.006781 219.3 17.412
0.006831 27.295 6.9045
0.0068813 23.81 4.5669
0.006932 74.642 8.5988
0.0069831 22.792 7.278
0.0070345 44.096 6.6167
0.0070864 13.497 2.4412
0.0071386 113.35 8.4445
0.0071912 644.18 38.511
0.0072442 195.63 13.003
0.0072976 21.953 4.1314
0.0073513 95.209 7.4131
0.0074055 15.168 3.6618
0.0074601 110.15 12.351
0.0075151 13.475 6.9047
0.0075704 16.628 3.5984
0.0076262 25.319 3.5564
0.0076824 84.423 7.293
0.007739 150.08 10.74
0.0077961 81.753 5.7724
0.0078535 105.16 10.203
0.0079114 15.287 3.6617
0.0079697 77.964 13.42
0.0080284 9.3607 3.6537
0.0080876 21.511 3.4008
0.0081471 18.385 2.7547
0.0082072 9.7281 2.5108
0.0082677 107.71 7.2983
0.0083286 100.13 7.9396
0.00839 113.6 11.45
0.0084518 15.819 3.5157
0.0085141 32.095 4.1482
0.0085768 15.468 2.7899
0.00864 16.322 4.7836
0.0087037 17.245 3.3214
0.0087678 25.285 3.2237
0.0088324 91.425 5.93
0.0088975 12.87 3.0097
0.0089631 50.519 5.0052
0.0090291 35.602 4.9789
0.0090956 9.7629 2.5108
0.0091627 6.6299 4.8825
0.0092302 16.746 2.4914
0.0092982 17.261 2.247
0.0093667 81.702 5.9482
0.0094357 6.5703 3.4525
0.0095053 30.54 3.3504
0.0095753 32.685 5.0307
0.0096459 8.9211 2.0586
0.0097169 12.356 2.6988
0.0097885 6.5873 1.5068
0.0098607 45 4.4219
0.0099333 51.883 6.3262
0.010007 23.185 2.5463
0.01008 18.659 2.8625
0.010155 3.83 1.6915
0.010229 13.499 2.8188
0.010305 4.8471 1.495
0.010381 11.069 2.1492
0.010457 36.54 3.1309
0.010534 21.957 2.6445
0.010612 6.5733 2.4413
0.01069 18.23 2.8298
0.010769 8.8797 2.0586
0.010848 4.6328 1.2735
0.010928 4.9525 1.3153
0.011009 31.751 2.9746
0.01109 24.115 3.6023
0.011171 16.138 2.3249
0.011254 4.6696 1.3832
0.011337 10.082 2.2601
0.01142 6.0066 1.4036
0.011504 14.443 1.8748
0.011589 17.701 2.3254
0.011675 18.22 2.5952
0.011761 13.082 2.2694
0.011847 6.5833 2.0819
0.011935 4.851 1.1301
0.012023 4.6239 1.0349
0.012111 26.969 3.0685
0.0122 17.106 2.3937
0.01229 9.4437 1.7475
0.012381 4.882 1.2207
0.012472 5.6396 1.3681
0.012564 6.8432 1.38
0.012657 14.004 1.9137
0.01275 9.4652 1.5246
0.012844 13.128 2.2694
0.012938 7.1078 1.4053
0.013034 3.5974 1.0825
0.01313 5.5104 0.95459
0.013227 11.974 1.7718
0.013324 10.649 2.1105
0.013422 5.5916 1.2081
0.013521 5.2097 1.381
0.013621 3.1366 0.77207
0.013721 11.514 1.6215
0.013822 9.8998 1.68
0.013924 8.9116 1.3288
0.014027 3.136 1.2207
0.01413 2.7696 0.7673
0.014234 4.7967 0.96155
0.014339 9.1957 1.3327
0.014445 6.3411 1.304
0.014551 7.0018 1.7233
0.014658 4.9135 0.8572
0.014766 3.1645 0.81382
0.014875 10.592 1.5592
0.014985 7.6994 1.3364
0.015095 5.0592 1.015
0.015206 1.738 0.64234
0.015319 6.1117 1.0382
0.015431 6.8777 1.052
0.015545 7.6201 1.2683
0.01566 6.3076 1.3041
0.015775 1.89 0.60733
0.015891 6.0513 0.92822
0.016008 8.3368 1.3647
0.016126 5.1362 0.9953
0.016245 1.927 0.67368
0.016365 3.0683 0.66438
0.016486 5.4049 0.98205
0.016607 4.2815 0.78951
0.016729 4.2991 1.0294
0.016853 2.3702 0.63695
0.016977 3.6299 0.72916
0.017102 6.3117 0.99572
0.017228 3.0417 0.83705
0.017355 3.3755 0.66291
0.017483 3.4292 0.73357
0.017612 6.1584 0.99445
0.017741 3.3645 0.7186
0.017872 3.8137 0.77745
0.018004 3.7391 0.75893
0.018136 4.3261 0.70753
0.01827 4.3871 0.8596
0.018405 3.313 0.81271
0.01854 3.04 0.55992
0.018677 4.0309 0.78796
0.018815 4.4624 0.79678
0.018953 2.7456 0.62651
0.019093 1.767 0.48835
0.019234 3.7878 0.66513
0.019375 4.4886 0.79677
0.019518 3.2172 0.69043
0.019662 2.3614 0.49587
0.019807 4.4777 0.74943
0.019953 3.3367 0.70359
0.0201 2.4312 0.52771
0.020248 2.3124 0.50542
0.020397 4.5693 0.7388
0.020547 4.0572 0.72689
0.020699 3.5475 0.62601
0.020851 4.4181 0.64233
0.021005 3.0912 0.63031
0.02116 2.2254 0.5078
0.021316 4.0831 0.60727
0.021473 4.5527 0.72379
0.021631 2.1357 0.48635
0.02179 2.9108 0.55161
0.021951 3.5269 0.55697
0.022113 4.2498 0.68123
0.022276 1.6758 0.44124
0.02244 3.7308 0.53749
0.022605 4.9289 0.76356
0.022772 2.3067 0.46892
0.02294 3.2308 0.5146
0.023109 4.5932 0.63906
0.023279 3.104 0.601
0.02345 2.6917 0.4614
0.023623 4.0878 0.56905
0.023797 2.9526 0.56673
0.023973 4.1092 0.54467
0.024149 4.5005 0.61094
0.024327 4.1643 0.58289
0.024507 3.0944 0.50908
0.024687 3.4411 0.49152
0.024869 5.5407 0.68934
0.025052 3.3094 0.48297
0.025237 3.3386 0.52576
0.025423 4.2257 0.57095
0.02561 4.1228 0.52898
0.025799 3.5221 0.49529
0.025989 5.3051 0.67181
0.026181 3.928 0.49582
0.026373 4.3749 0.54499
0.026568 4.7636 0.57536
0.026764 3.7766 0.49028
0.026961 3.8995 0.51387
0.027159 3.789 0.5171
0.02736 4.5343 0.50562
0.027561 5.5032 0.62783
0.027764 4.4465 0.4933
0.027969 4.5529 0.54044
0.028175 4.4753 0.51645
0.028383 4.9896 0.55037
0.028592 4.4471 0.51121
0.028802 4.1211 0.48771
0.029015 4.6263 0.49221
0.029228 6.4802 0.62004
0.029444 4.277 0.47069
0.029661 5.7094 0.54481
0.029879 5.9499 0.58105
0.0301 4.96 0.48932
0.030321 5.9153 0.59366
0.030545 5.4001 0.49345
0.03077 6.3934 0.56741
0.030997 5.9895 0.5617
0.031225 5.1406 0.47023
0.031455 6.2927 0.57294
0.031687 6.3106 0.52008
0.03192 6.8739 0.575
0.032156 5.0104 0.47867
0.032393 6.7293 0.53428
0.032631 6.1286 0.52991
0.032872 5.0869 0.46284
0.033114 7.0827 0.55148
0.033358 6.0661 0.51036
0.033604 7.2864 0.54148
0.033851 6.8149 0.51303
0.034101 8.1913 0.61337
0.034352 6.2925 0.46943
0.034605 8.1587 0.58119
0.03486 8.4721 0.56181
0.035117 8.0833 0.54354
0.035376 6.9845 0.50966
0.035637 8.0648 0.55291
0.035899 7.5681 0.51389
0.036164 7.3909 0.50569
0.03643 7.7145 0.54032
0.036699 9.1337 0.5335
0.036969 7.6694 0.51716
0.037241 7.7014 0.50954
0.037516 8.1422 0.52717
0.037792 7.7203 0.49031
0.038071 7.9035 0.49988
0.038351 8.2593 0.52484
0.038634 8.3042 0.49067
0.038919 7.8228 0.49182
0.039205 8.1105 0.49253
0.039494 7.9099 0.49988
0.039785 7.2354 0.44019
0.040079 7.6454 0.47665
0.040374 7.7567 0.46108
0.040671 8.7086 0.51038
0.040971 7.9404 0.45996
0.041273 8.0558 0.4669
0.041577 8.8265 0.48063
0.041883 8.5871 0.47972
0.042192 7.9022 0.46354
0.042503 8.0479 0.44232
0.042816 8.416 0.46074
0.043132 8.3534 0.44817
0.04345 8.0517 0.45101
0.04377 8.7137 0.46164
0.044092 7.5688 0.42475
0.044417 8.2525 0.44109
0.044744 8.0814 0.42156
0.045074 7.6159 0.41881
0.045406 7.9612 0.42391
0.045741 7.385 0.40568
0.046078 7.1662 0.39868
0.046417 7.5813 0.40345
0.04676 7.2192 0.39849
0.047104 7.2643 0.38607
0.047451 7.2919 0.38118
0.047801 6.457 0.36292
0.048153 6.4988 0.36295
0.048508 6.1437 0.3437
0.048865 5.8497 0.33949
0.049225 6.0555 0.34427
0.049588 6.3666 0.3447
0.049954 7.2893 0.36834
0.050322 7.2098 0.37147
0.050693 7.6538 0.36535
0.051066 8.1501 0.38164
0.051442 9.4742 0.40539
0.051821 9.1477 0.39516
0.052203 10.218 0.416
0.052588 9.6318 0.39812
0.052975 10.153 0.40948
0.053366 10.662 0.41366
0.053759 9.4014 0.38695
0.054155 8.3395 0.36304
0.054554 6.9266 0.32236
0.054956 6.1086 0.30781
0.055361 5.5475 0.29005
0.055769 4.1659 0.25611
0.05618 3.3787 0.22719
0.056594 3.2127 0.22061
0.057011 3.0392 0.21328
0.057431 2.9556 0.21226
0.057854 2.4799 0.19194
0.058281 2.6078 0.19735
0.05871 2.7293 0.19703
0.059143 2.2085 0.17901
0.059579 2.395 0.1845
0.060018 2.6374 0.18947
0.06046 2.5659 0.1869
0.060905 1.9532 0.16403
0.061354 2.1776 0.17267
0.061806 1.9736 0.16324
0.062262 1.9038 0.15969
0.062721 1.7899 0.15319
0.063183 1.843 0.15663
0.063648 1.7354 0.1498
0.064117 1.8113 0.14954
0.06459 1.8297 0.15046
0.065066 1.7329 0.14618
0.065545 1.7918 0.14863
0.066028 1.6355 0.14207
0.066515 1.8981 0.14711
0.067005 1.7235 0.1424
0.067499 1.6598 0.1408
0.067996 1.7645 0.14057
0.068497 1.616 0.13357
0.069002 1.5707 0.13397
0.06951 1.5309 0.12938
0.070023 1.7592 0.1362
0.070539 1.6492 0.13348
0.071058 2.038 0.14244
0.071582 2.1002 0.14334
0.072109 2.568 0.15791
0.072641 2.8256 0.16213
0.073176 3.3813 0.17519
0.073715 3.5291 0.17729
0.074258 4.1004 0.18682
0.074806 4.3233 0.19302
0.075357 3.9332 0.18244
0.075912 3.6948 0.17611
0.076472 2.7702 0.15114
0.077035 2.2012 0.13808
0.077603 2.0334 0.13165
0.078175 1.5504 0.116
0.078751 1.5946 0.11693
0.079331 1.5475 0.11472
0.079916 1.593 0.11537
0.080504 1.5234 0.11288
0.081098 1.4367 0.10694
0.081695 1.4238 0.10938
0.082297 1.243 0.099404
0.082904 1.4226 0.10633
0.083515 1.4514 0.10455
0.08413 1.2859 0.10036
0.08475 1.5348 0.10764
0.085374 1.3813 0.10135
0.086004 1.5369 0.10633
0.086637 1.4305 0.10034
0.087276 1.6941 0.10679
0.087919 1.9311 0.11433
0.088567 2.2622 0.12089
0.089219 2.8228 0.13268
0.089877 4.0309 0.15398
0.090539 4.6769 0.16381
0.091206 5.1707 0.17028
0.091878 5.0021 0.16811
0.092555 4.3554 0.15633
0.093237 3.2264 0.13327
0.093924 2.3993 0.11603
0.094616 1.7631 0.1021
0.095314 1.6556 0.097509
0.096016 1.3913 0.090252
0.096724 1.1527 0.084044
0.097436 1.3117 0.087602
0.098154 1.2831 0.084445
0.098878 1.4277 0.088945
0.099606 1.1467 0.081305
0.10034 1.1145 0.07823
0.10108 1.0453 0.07691
0.10182 1.0222 0.075437
0.10257 1.1412 0.077655
0.10333 1.0698 0.076278
0.10409 1.0862 0.074813
0.10486 0.97778 0.072367
0.10563 0.96479 0.07089
0.10641 0.95423 0.070246
0.10719 1.0648 0.073221
0.10798 0.92249 0.067654
0.10878 0.90933 0.068256
0.10958 0.7669 0.06234
0.11039 1.0042 0.069612
0.1112 0.82431 0.063112
0.11202 0.9711 0.067991
0.11285 0.77204 0.060569
0.11368 0.80489 0.062026
0.11452 0.91337 0.063302
0.11536 0.90434 0.063936
0.11621 0.9957 0.065232
0.11707 1.0351 0.065791
0.11793 1.0832 0.066592
0.1188 0.99283 0.063569
0.11967 0.803 0.059055
0.12056 0.92737 0.060931
0.12144 0.85195 0.058726
0.12234 0.94048 0.061378
0.12324 0.89342 0.058638
0.12415 0.86085 0.057833
0.12506 0.97754 0.060996
0.12598 0.9667 0.059029
0.12691 0.89201 0.057375
0.12785 1.1474 0.062871
0.12879 1.081 0.061201
0.12974 1.1779 0.062218
0.1307 1.074 0.059691
0.13166 0.98457 0.05762
0.13263 0.92414 0.055759
0.13361 0.88898 0.054233
0.13459 0.90403 0.054328
0.13558 0.99758 0.055727
0.13658 1.0368 0.056904
0.13759 0.98679 0.054732
0.1386 1.1839 0.058565
0.13962 1.2376 0.059306
0.14065 1.2131 0.058068
0.14169 1.0908 0.055453
0.14273 1.1503 0.056344
0.14378 1.0221 0.053134
0.14484 0.91017 0.050649
0.14591 0.94032 0.050831
0.14699 0.99668 0.051847
0.14807 1.0107 0.051544
0.14916 0.89444 0.048818
0.15026 0.89138 0.048242
0.15137 0.86862 0.047653
0.15248 0.87463 0.047185
0.15361 0.92973 0.048093
0.15474 0.9698 0.04848
0.15588 0.95592 0.047942
0.15703 0.899 0.046371
0.15818 0.97392 0.047492
0.15935 0.94605 0.046683
0.16052 0.83554 0.044048
0.16171 0.85614 0.044307
0.1629 0.79558 0.042815
0.1641 0.75903 0.041769
0.16531 0.75662 0.041495
0.16653 0.79553 0.041775
0.16775 0.70187 0.03974
0.16899 0.73847 0.040158
0.17023 0.66716 0.038552
0.17149 0.7114 0.039061
0.17275 0.68474 0.038137
0.17403 0.67412 0.037807
0.17531 0.6989 0.038072
0.1766 0.68855 0.037359
0.1779 0.69316 0.037353
0.17921 0.67209 0.036522
0.18053 0.61802 0.035425
0.18186 0.58244 0.034334
0.1832 0.61542 0.034792
0.18455 0.65909 0.035386
0.18591 0.6009 0.034029
0.18728 0.59822 0.033613
0.18866 0.53595 0.032374
0.19005 0.54572 0.032049
0.19145 0.54833 0.032175
0.19286 0.52223 0.031286
0.19429 0.50986 0.03086
0.19572 0.51006 0.030783
