#
0.0050184 7.8575 0.91024
0.0050554 6.1518 0.90071
0.0050926 35.843 2.1708
0.0051301 5.7601 0.77949
0.0051679 8.1214 0.84467
0.005206 23.892 2.5066
0.0052444 11.536 2.4649
0.005283 NaN NaN
0.005322 3.6611 0.80276
0.0053612 6.4091 0.91968
0.0054007 6.373 0.74835
0.0054405 5.076 0.51759
0.0054806 6.1069 0.73282
0.005521 87.213 2.7642
0.0055616 5.9634 0.79353
0.0056026 37.186 1.9775
0.0056439 5.1477 0.67278
0.0056855 6.4579 1.0656
0.0057274 25.196 2.5746
0.0057696 2.739 0.60207
0.0058121 4.0469 0.73151
0.0058549 4.417 0.50905
0.0058981 9.0855 1.2632
0.0059416 4.707 0.7883
0.0059853 6.3565 0.69216
0.0060294 6.2818 1.2873
0.0060739 37.169 1.2262
0.0061186 5.3644 0.84126
0.0061637 17.454 1.0714
0.0062091 5.0553 0.54465
0.0062549 10.589 1.0563
0.006301 1.2884 0.58758
0.0063474 4.9039 0.5689
0.0063942 4.3183 0.75474
0.0064413 6.0172 1.2602
0.0064888 2.8677 0.8715
0.0065366 3.4945 0.37707
0.0065847 12.062 0.72756
0.0066333 20.613 0.99299
0.0066821 17.096 1.1336
0.0067314 5.6528 0.77237
0.006781 8.2837 0.9342
0.006831 5.3621 0.84126
0.0068813 3.9144 0.50885
0.006932 2.6783 0.45046
0.0069831 3.8369 0.82165
0.0070345 2.6807 0.45046
0.0070864 3.655 0.34761
0.0071386 12.832 0.78357
0.0071912 57.791 3.1822
0.0072442 14.43 0.97436
0.0072976 2.2549 0.36466
0.0073513 4.8381 0.4614
0.0074055 3.4537 0.47824
0.0074601 3.9693 0.64792
0.0075151 1.0256 0.52555
0.0075704 3.6597 0.46348
0.0076262 2.5653 0.31182
0.0076824 9.3402 0.66886
0.007739 16.504 0.98231
0.0077961 7.3046 0.47591
0.0078535 6.2027 0.68398
0.0079114 2.4117 0.39959
0.0079697 4.0073 0.84012
0.0080284 2.6044 0.52554
0.0080876 2.1224 0.29431
0.0081471 1.7703 0.23543
0.0082072 2.4604 0.34452
0.0082677 13.266 0.70627
0.0083286 7.3822 0.5948
0.00839 5.6687 0.70616
0.0084518 2.0799 0.35036
0.0085141 2.8067 0.33823
0.0085768 2.2659 0.29318
0.00864 2.1883 0.48166
0.0087037 2.7459 0.36385
0.0087678 5.696 0.42047
0.0088324 8.7689 0.50653
0.0088975 1.9781 0.32396
0.0089631 3.62 0.36971
0.0090291 2.1318 0.33651
0.0090956 3.2752 0.39686
0.0091627 1.2929 0.58758
0.0092302 1.7725 0.223
0.0092982 3.3941 0.2735
0.0093667 8.3537 0.5245
0.0094357 1.4198 0.43576
0.0095053 3.0161 0.2901
0.0095753 2.8382 0.40875
0.0096459 1.7651 0.25021
0.0097169 1.247 0.23585
0.0097885 1.6776 0.20637
0.0098607 7.2353 0.48829
0.0099333 5.0585 0.54465
0.010007 1.7857 0.19495
0.01008 2.1428 0.26684
0.010155 1.6579 0.29729
0.010229 1.9471 0.29379
0.010305 1.5514 0.22757
0.010381 1.2444 0.19795
0.010457 5.5302 0.33519
0.010534 1.934 0.21632
0.010612 1.3543 0.30105
0.01069 1.5847 0.22993
0.010769 1.6218 0.2402
0.010848 1.3536 0.1856
0.010928 1.6532 0.20485
0.011009 4.3717 0.3039
0.01109 2.6845 0.3309
0.011171 1.6287 0.20331
0.011254 1.2313 0.19146
0.011337 1.6683 0.25182
0.01142 1.5321 0.19259
0.011504 3.2558 0.24381
0.011589 2.6726 0.24821
0.011675 1.3868 0.19753
0.011761 1.2877 0.19586
0.011847 1.2655 0.24826
0.011935 1.364 0.16146
0.012023 1.8957 0.17764
0.012111 3.8396 0.31859
0.0122 1.7775 0.21235
0.01229 1.7221 0.2041
0.012381 1.1599 0.16092
0.012472 1.337 0.18036
0.012564 1.5719 0.17966
0.012657 2.5063 0.22193
0.01275 1.6628 0.17476
0.012844 1.0285 0.17518
0.012938 1.0868 0.14991
0.013034 1.0735 0.15831
0.01313 1.5899 0.13878
0.013227 1.7873 0.18771
0.013324 1.3051 0.20272
0.013422 1.1576 0.14898
0.013521 1.5527 0.20354
0.013621 0.94821 0.11303
0.013721 2.6395 0.21242
0.013822 1.216 0.16147
0.013924 1.2038 0.1338
0.014027 0.89561 0.17381
0.01413 1.1743 0.1322
0.014234 1.8034 0.1589
0.014339 1.3391 0.13917
0.014445 1.086 0.14696
0.014551 0.99665 0.17759
0.014658 1.0711 0.10832
0.014766 1.6715 0.15723
0.014875 1.3487 0.15258
0.014985 1.332 0.15163
0.015095 1.0128 0.12301
0.015206 0.99788 0.12558
0.015319 1.4394 0.13686
0.015431 1.1775 0.11853
0.015545 1.1055 0.13207
0.01566 1.1419 0.15078
0.015775 1.0155 0.11537
0.015891 1.4911 0.12494
0.016008 1.2258 0.14318
0.016126 0.95797 0.11654
0.016245 1.0741 0.13025
0.016365 1.1954 0.10998
0.016486 1.3984 0.13505
0.016607 1.0575 0.1056
0.016729 1.0805 0.13905
0.016853 1.0373 0.11018
0.016977 1.4407 0.1228
0.017102 1.0974 0.1131
0.017228 0.80483 0.11485
0.017355 0.96369 0.094604
0.017483 1.1479 0.11326
0.017612 1.2979 0.12415
0.017741 1.3286 0.12039
0.017872 1.0954 0.11182
0.018004 0.97102 0.10344
0.018136 1.249 0.10224
0.01827 1.0745 0.11457
0.018405 1.0128 0.11978
0.01854 1.041 0.086984
0.018677 1.4236 0.1258
0.018815 1.229 0.11255
0.018953 1.0654 0.103
0.019093 1.0454 0.09675
0.019234 1.323 0.10516
0.019375 1.1199 0.10744
0.019518 1.1929 0.11194
0.019662 1.1047 0.088915
0.019807 1.5344 0.11784
0.019953 1.0887 0.10709
0.0201 1.1511 0.095288
0.020248 1.5084 0.1065
0.020397 1.3989 0.10987
0.020547 1.1017 0.10184
0.020699 1.1743 0.096224
0.020851 1.3275 0.094786
0.021005 1.0281 0.096765
0.02116 1.1973 0.097151
0.021316 1.3811 0.094849
0.021473 1.258 0.10257
0.021631 1.3025 0.099036
0.02179 1.1215 0.090783
0.021951 1.3319 0.091501
0.022113 1.2818 0.10048
0.022276 1.4114 0.10376
0.02244 1.4055 0.088035
0.022605 1.2567 0.10417
0.022772 1.4766 0.098044
0.02294 1.5998 0.096271
0.023109 1.4324 0.096031
0.023279 1.538 0.11233
0.02345 1.5269 0.09163
0.023623 1.5467 0.093724
0.023797 1.7038 0.11387
0.023973 1.5476 0.08955
0.024149 1.6181 0.09846
0.024327 1.5182 0.094372
0.024507 1.4426 0.092046
0.024687 1.6961 0.091892
0.024869 1.714 0.10365
0.025052 1.5928 0.089093
0.025237 1.7557 0.10136
0.025423 1.9366 0.10359
0.02561 1.6994 0.09078
0.025799 1.8788 0.096226
0.025989 1.8216 0.1062
0.026181 1.8757 0.091583
0.026373 2.0157 0.099168
0.026568 1.974 0.099535
0.026764 2.0618 0.096762
0.026961 1.9786 0.097801
0.027159 1.9692 0.099412
0.02736 2.319 0.096954
0.027561 2.2017 0.1071
0.027764 1.9268 0.08714
0.027969 2.4397 0.1061
0.028175 2.2352 0.097853
0.028383 2.2258 0.098858
0.028592 2.3281 0.099061
0.028802 2.2244 0.095723
0.029015 2.4693 0.096411
0.029228 2.6041 0.1064
0.029444 2.4535 0.095418
0.029661 2.7771 0.10254
0.029879 2.4073 0.099905
0.0301 2.8152 0.099075
0.030321 2.8713 0.11168
0.030545 2.4063 0.08879
0.03077 2.9502 0.1042
0.030997 2.7181 0.10219
0.031225 2.7873 0.093212
0.031455 2.9442 0.10594
0.031687 2.9465 0.096107
0.03192 3.116 0.10488
0.032156 2.9764 0.099256
0.032393 3.1617 0.099222
0.032631 3.1376 0.10253
0.032872 3.3201 0.1005
0.033114 3.3797 0.10319
0.033358 3.581 0.10588
0.033604 3.4526 0.10103
0.033851 3.5401 0.10008
0.034101 3.7399 0.1126
0.034352 3.4471 0.093877
0.034605 4.0996 0.11192
0.03486 3.4261 0.09717
0.035117 4.0235 0.10417
0.035376 3.5741 0.098729
0.035637 4.1233 0.10738
0.035899 3.7576 0.098221
0.036164 4.181 0.10308
0.03643 4.0865 0.10664
0.036699 4.3996 0.10075
0.036969 4.2527 0.10445
0.037241 4.4997 0.10565
0.037516 4.4766 0.10613
0.037792 4.4716 0.10114
0.038071 4.3988 0.10119
0.038351 5.1048 0.11197
0.038634 4.8092 0.10141
0.038919 5.285 0.10966
0.039205 5.2163 0.10713
0.039494 5.4992 0.11308
0.039785 5.3436 0.10241
0.040079 5.7424 0.11191
0.040374 5.5535 0.10577
0.040671 5.7628 0.1128
0.040971 5.7627 0.10632
0.041273 5.413 0.10384
0.041577 5.462 0.10277
0.041883 5.2837 0.10221
0.042192 5.1627 0.10162
0.042503 4.9048 0.093707
0.042816 5.2378 0.098682
0.043132 4.9413 0.093582
0.04345 4.6605 0.093111
0.04377 4.9222 0.094345
0.044092 4.7689 0.091337
0.044417 4.8296 0.091606
0.044744 4.6814 0.087097
0.045074 5.0273 0.092244
0.045406 4.8705 0.089944
0.045741 4.58 0.086555
0.046078 4.5435 0.085947
0.046417 4.3569 0.082908
0.04676 3.9846 0.08026
0.047104 4.0601 0.078202
0.047451 3.8952 0.075533
0.047801 3.7593 0.074844
0.048153 3.6588 0.073634
0.048508 3.3677 0.068759
0.048865 3.1589 0.06733
0.049225 3.0834 0.06635
0.049588 2.8053 0.061906
0.049954 2.7131 0.060971
0.050322 2.5689 0.060196
0.050693 2.3853 0.055438
0.051066 2.369 0.056
0.051442 2.3364 0.054937
0.051821 2.1739 0.052563
0.052203 2.0544 0.050993
0.052588 2.0661 0.050363
0.052975 2.0388 0.050154
0.053366 1.9151 0.047966
0.053759 1.8972 0.047475
0.054155 1.7766 0.045701
0.054554 1.6791 0.043138
0.054956 1.6297 0.043095
0.055361 1.6255 0.042455
0.055769 1.5805 0.042309
0.05618 1.6075 0.041665
0.056594 1.462 0.039521
0.057011 1.3839 0.03813
0.057431 1.375 0.03831
0.057854 1.2973 0.036408
0.058281 1.3077 0.03676
0.05871 1.263 0.035333
0.059143 1.2902 0.035664
0.059579 1.2538 0.034975
0.060018 1.1927 0.033605
0.06046 1.1848 0.033415
0.060905 1.181 0.033063
0.061354 1.1534 0.03275
0.061806 1.122 0.03185
0.062262 1.1955 0.03266
0.062721 1.1258 0.031225
0.063183 1.075 0.030827
0.063648 1.0732 0.030275
0.064117 1.1444 0.030617
0.06459 1.0873 0.029946
0.065066 1.0973 0.02988
0.065545 1.1479 0.030578
0.066028 1.123 0.030105
0.066515 1.0939 0.028852
0.067005 1.0347 0.028336
0.067499 1.0936 0.029242
0.067996 1.1139 0.028737
0.068497 1.1787 0.02911
0.069002 1.0946 0.028531
0.06951 1.0953 0.027838
0.070023 1.1329 0.028084
0.070539 1.105 0.027959
0.071058 1.0925 0.027128
0.071582 1.1001 0.027035
0.072109 1.1539 0.027884
0.072641 1.1165 0.026984
0.073176 1.162 0.027402
0.073715 1.1162 0.02666
0.074258 1.219 0.027368
0.074806 1.1542 0.02685
0.075357 1.1753 0.026762
0.075912 1.1766 0.026599
0.076472 1.237 0.026704
0.077035 1.2105 0.026716
0.077603 1.1833 0.026078
0.078175 1.212 0.026083
0.078751 1.1927 0.025783
0.079331 1.1889 0.025571
0.079916 1.1708 0.025235
0.080504 1.1336 0.024797
0.081098 1.167 0.024391
0.081695 1.1396 0.024719
0.082297 1.0737 0.02305
0.082904 1.0941 0.023608
0.083515 1.1158 0.023211
0.08413 1.0339 0.022573
0.08475 1.0365 0.022521
0.085374 1.0371 0.022148
0.086004 1.0117 0.02202
0.086637 0.97551 0.020984
0.087276 0.9902 0.020993
0.087919 0.99561 0.021283
0.088567 1.0022 0.021076
0.089219 1.0262 0.021207
0.089877 1.0143 0.020783
0.090539 1.0319 0.020797
0.091206 1.0563 0.020868
0.091878 1.0028 0.0204
0.092555 0.99152 0.020124
0.093237 0.92178 0.019029
0.093924 0.87946 0.018494
0.094616 0.89027 0.018732
0.095314 0.82162 0.017669
0.096016 0.80524 0.017391
0.096724 0.8109 0.017535
0.097436 0.74981 0.016716
0.098154 0.76796 0.016448
0.098878 0.74918 0.016395
0.099606 0.72947 0.016136
0.10034 0.7244 0.015684
0.10108 0.73849 0.015948
0.10182 0.71941 0.015571
0.10257 0.67959 0.01494
0.10333 0.70661 0.015329
0.10409 0.67022 0.014568
0.10486 0.67163 0.014694
0.10563 0.66291 0.014392
0.10641 0.69206 0.014627
0.10719 0.63762 0.014054
0.10798 0.64688 0.013799
0.10878 0.64914 0.014024
0.10958 0.64781 0.013622
0.11039 0.6489 0.013781
0.1112 0.63832 0.013335
0.11202 0.64102 0.013558
0.11285 0.62188 0.012959
0.11368 0.63492 0.013213
0.11452 0.62764 0.012795
0.11536 0.61797 0.012863
0.11621 0.62668 0.012737
0.11707 0.63187 0.012714
0.11793 0.60156 0.012344
0.1188 0.58801 0.012039
0.11967 0.59935 0.012233
0.12056 0.58301 0.011801
0.12144 0.58378 0.011753
0.12234 0.56111 0.011613
0.12324 0.55855 0.011285
0.12415 0.56179 0.011314
0.12506 0.56944 0.011454
0.12598 0.55677 0.011012
0.12691 0.54709 0.010947
0.12785 0.5465 0.010865
0.12879 0.52368 0.010604
0.12974 0.54116 0.010607
0.1307 0.52661 0.010412
0.13166 0.53888 0.010502
0.13263 0.50801 0.010128
0.13361 0.52673 0.010178
0.13459 0.50127 0.009892
0.13558 0.51384 0.009894
0.13658 0.49908 0.0098111
0.13759 0.50307 0.0096651
0.1386 0.49158 0.0095149
0.13962 0.48617 0.0094159
0.14065 0.48727 0.0093085
0.14169 0.46007 0.0090108
0.14273 0.45635 0.0089406
0.14378 0.45408 0.008809
0.14484 0.45244 0.008755
0.14591 0.44796 0.0086397
0.14699 0.43894 0.0085361
0.14807 0.41649 0.0082357
0.14916 0.41301 0.0081361
0.15026 0.40658 0.0080017
0.15137 0.39495 0.0078682
0.15248 0.40472 0.0078669
0.15361 0.39501 0.0077488
0.15474 0.38147 0.0075481
0.15588 0.37719 0.0074745
0.15703 0.37973 0.0074237
0.15818 0.37109 0.0072955
0.15935 0.36888 0.0072286
0.16052 0.36659 0.0071271
0.16171 0.36545 0.0070845
0.1629 0.36397 0.0070295
0.1641 0.34517 0.0067975
0.16531 0.34657 0.0067767
0.16653 0.33791 0.0066231
0.16775 0.33943 0.0065947
0.16899 0.33065 0.0064659
0.17023 0.32003 0.0063382
0.17149 0.30264 0.0061199
0.17275 0.31807 0.0062017
0.17403 0.30376 0.0060452
0.17531 0.30695 0.0060398
0.1766 0.28844 0.005789
0.1779 0.29075 0.0057972
0.17921 0.29581 0.0057778
0.18053 0.27883 0.005607
0.18186 0.28048 0.0055613
0.1832 0.27307 0.0054626
0.18455 0.26469 0.0053478
0.18591 0.26294 0.0052878
0.18728 0.2532 0.005148
0.18866 0.25331 0.0051423
0.19005 0.24663 0.0049958
0.19145 0.23382 0.0048869
0.19286 0.23345 0.0048188
0.19429 0.2224 0.0046861
0.19572 0.21901 0.0046324
