#
0.0050184 16.802 5.7556
0.0050554 11.567 5.3626
0.0050926 16.339 6.345
0.0051301 11.133 4.6995
0.0051679 10.749 4.2301
0.005206 18.836 9.5925
0.0052444 -0.46426 NaN
0.005283 NaN NaN
0.005322 6.0743 4.5222
0.0053612 9.07 4.7966
0.0054007 12.408 4.5221
0.0054405 7.2792 2.7133
0.0054806 9.1501 3.9163
0.005521 4.354 2.7695
0.0055616 9.0882 4.2902
0.0056026 7.2825 3.8372
0.0056439 10.826 4.23
0.0056855 9.1612 5.5385
0.0057274 4.2655 4.797
0.0057696 6.8294 4.1539
0.0058121 6.7216 4.154
0.0058549 7.0811 2.8201
0.0058981 5.9637 4.5224
0.0059416 1.9835 2.3988
0.0059853 6.3968 3.0645
0.0060294 4.3484 4.7969
0.0060739 7.7084 2.4474
0.0061186 6.788 4.154
0.0061637 3.2365 2.0771
0.0062091 5.9416 2.611
0.0062549 5.2778 3.3233
0.006301 4.3319 4.7969
0.0063474 1.9794 1.6962
0.0063942 4.4811 3.3918
0.0064413 -0.48084 NaN
0.0064888 13.974 8.3076
0.0065366 5.4922 2.0873
0.0065847 1.9421 1.385
0.0066333 1.2677 1.2338
0.0066821 2.3522 1.9384
0.0067314 3.4191 2.7136
0.006781 3.4788 2.7135
0.006831 6.7465 4.154
0.0068813 7.9 3.1727
0.006932 6.4063 3.0645
0.0069831 6.0853 4.5222
0.0070345 2.338 1.9384
0.0070864 4.363 1.696
0.0071386 6.6144 2.4667
0.0071912 2.8769 3.198
0.0072442 4.3982 2.3984
0.0072976 4.92 2.3835
0.0073513 1.978 1.3849
0.0074055 3.0872 2.0773
0.0074601 -0.451 NaN
0.0075151 4.3319 4.7969
0.0075704 3.9169 2.1319
0.0076262 1.6031 1.1872
0.0076824 3.054 1.7444
0.007739 1.741 1.5078
0.0077961 4.1141 1.5962
0.0078535 2.2195 1.9386
0.0079114 3.2531 2.0771
0.0079697 2.7995 3.1981
0.0080284 5.3309 3.3233
0.0080876 4.7977 1.9525
0.0081471 2.4077 1.262
0.0082072 3.923 1.9502
0.0082677 3.0231 1.5324
0.0083286 3.9411 1.9502
0.00839 5.9472 3.1978
0.0084518 3.8579 2.132
0.0085141 4.7442 1.9525
0.0085768 0.93449 0.9695
0.00864 3.492 2.7135
0.0087037 7.39 2.6163
0.0087678 1.8376 1.1289
0.0088324 4.4479 1.5989
0.0088975 4.4513 2.1452
0.0089631 0.29907 0.68583
0.0090291 4.3783 2.1452
0.0090956 4.8433 2.1363
0.0091627 4.4148 4.7968
0.0092302 1.0521 0.8749
0.0092982 2.7981 1.1307
0.0093667 0.79903 0.84834
0.0094357 1.9338 2.3989
0.0095053 2.5457 1.237
0.0095753 2.7774 1.8465
0.0096459 2.1622 1.2793
0.0097169 5.1755 2.1152
0.0097885 2.3001 1.1192
0.0098607 1.3675 1.0388
0.0099333 3.869 2.132
0.010007 1.5152 0.85827
0.01008 0.74307 0.84841
0.010155 1.484 1.3571
0.010229 3.5657 1.7878
0.010305 3.137 1.4688
0.010381 1.8357 1.1289
0.010457 2.066 0.97645
0.010534 1.7279 0.97531
0.010612 3.137 2.0773
0.01069 3.1453 1.4688
0.010769 1.4653 1.1081
0.010848 2.7821 1.2088
0.010928 2.7695 1.2088
0.011009 1.1382 0.76773
0.01109 2.5127 1.4761
0.011171 1.4086 0.91392
0.011254 0.092594 0.53367
0.011337 -0.38136 NaN
0.01142 2.2408 1.0683
0.011504 1.8729 0.87542
0.011589 2.0712 1.0219
0.011675 1.08 0.87488
0.011761 1.6545 1.0662
0.011847 2.1699 1.5108
0.011935 1.6007 0.83948
0.012023 2.2274 0.89955
0.012111 1.4973 0.9596
0.0122 0.013043 0.45754
0.01229 1.3476 0.87237
0.012381 1.187 0.79972
0.012472 1.7309 0.97531
0.012564 0.65275 0.63947
0.012657 2.4025 1.0051
0.01275 0.24988 0.46828
0.012844 1.719 1.0662
0.012938 1.0204 0.73827
0.013034 1.2443 0.83449
0.01313 1.7693 0.68963
0.013227 2.4246 1.0051
0.013324 1.8162 1.1289
0.013422 2.2871 0.96925
0.013521 1.4824 0.95961
0.013621 1.2401 0.63476
0.013721 1.4533 0.75823
0.013822 1.4754 0.85831
0.013924 0.65682 0.53326
0.014027 1.9587 1.1994
0.01413 1.7162 0.7539
0.014234 0.85811 0.56477
0.014339 2.1462 0.82008
0.014445 2.0595 0.94025
0.014551 0.69936 0.79851
0.014658 2.7153 0.78323
0.014766 1.9983 0.7996
0.014875 1.4105 0.75827
0.014985 2.0326 0.87548
0.015095 1.6996 0.75392
0.015206 2.1324 0.84662
0.015319 1.2382 0.61927
0.015431 1.0286 0.56428
0.015545 1.2763 0.69137
0.01566 0.59173 0.61583
0.015775 0.75407 0.52348
0.015891 1.2597 0.56451
0.016008 1.3903 0.73456
0.016126 0.32008 0.43766
0.016245 1.2666 0.69138
0.016365 1.1859 0.54322
0.016486 0.49018 0.46831
0.016607 1.058 0.53226
0.016729 0.85673 0.63986
0.016853 1.8332 0.69186
0.016977 0.52884 0.42089
0.017102 1.6787 0.65966
0.017228 1.319 0.71232
0.017355 1.7126 0.59652
0.017483 1.1669 0.56551
0.017612 1.3081 0.60317
0.017741 1.5421 0.61929
0.017872 1.8288 0.67713
0.018004 1.2793 0.58757
0.018136 1.0641 0.47421
0.01827 0.2086 0.37805
0.018405 1.0687 0.61865
0.01854 1.7605 0.53466
0.018677 1.6033 0.63218
0.018815 1.7723 0.63925
0.018953 1.5051 0.5894
0.019093 1.0161 0.47987
0.019234 1.6652 0.56101
0.019375 1.2553 0.55365
0.019518 2.0245 0.67837
0.019662 1.618 0.51179
0.019807 1.6685 0.58642
0.019953 1.0619 0.53227
0.0201 0.69743 0.39926
0.020248 1.7264 0.54061
0.020397 2.1708 0.63812
0.020547 1.4294 0.55838
0.020699 1.6839 0.54655
0.020851 2.0096 0.54319
0.021005 0.71767 0.43044
0.02116 1.2578 0.48889
0.021316 0.87633 0.3882
0.021473 1.3789 0.51943
0.021631 0.94051 0.42747
0.02179 0.75881 0.39446
0.021951 1.6272 0.47897
0.022113 1.8133 0.56446
0.022276 2.054 0.58157
0.02244 1.4253 0.43125
0.022605 1.7419 0.57911
0.022772 1.216 0.43791
0.02294 0.63067 0.32995
0.023109 2.3363 0.56635
0.023279 0.62286 0.39073
0.02345 1.0694 0.3832
0.023623 1.5972 0.45655
0.023797 1.2242 0.47493
0.023973 1.3316 0.40613
0.024149 2.6957 0.58057
0.024327 1.7797 0.48323
0.024507 2.0853 0.51658
0.024687 1.8223 0.4484
0.024869 1.942 0.51733
0.025052 1.4599 0.411
0.025237 1.5812 0.45966
0.025423 1.6739 0.45807
0.02561 1.7162 0.4362
0.025799 1.8733 0.45305
0.025989 1.0124 0.40239
0.026181 1.5878 0.40321
0.026373 1.7657 0.44019
0.026568 1.8216 0.45264
0.026764 1.8033 0.42617
0.026961 1.7548 0.43619
0.027159 2.2776 0.49582
0.02736 1.7594 0.40122
0.027561 2.3789 0.51526
0.027764 2.0562 0.42051
0.027969 2.2379 0.47201
0.028175 1.9626 0.43087
0.028383 1.6203 0.4044
0.028592 1.9148 0.42404
0.028802 2.2303 0.44631
0.029015 1.8009 0.39097
0.029228 1.4544 0.38536
0.029444 1.9841 0.40263
0.029661 1.8336 0.39375
0.029879 2.2705 0.44979
0.0301 3.1042 0.47239
0.030321 2.8711 0.5097
0.030545 1.5216 0.3403
0.03077 1.6209 0.37105
0.030997 2.343 0.43977
0.031225 1.8374 0.35701
0.031455 2.462 0.44738
0.031687 3.318 0.46124
0.03192 2.451 0.42913
0.032156 2.0445 0.38402
0.032393 2.1824 0.38283
0.032631 2.2 0.39825
0.032872 2.9322 0.4307
0.033114 2.017 0.37456
0.033358 2.9783 0.43979
0.033604 2.2448 0.37907
0.033851 2.8501 0.4105
0.034101 2.2174 0.40336
0.034352 2.7637 0.38505
0.034605 3.4052 0.46071
0.03486 2.8766 0.40601
0.035117 3.7414 0.45133
0.035376 3.0772 0.41676
0.035637 3.946 0.47079
0.035899 4.274 0.46809
0.036164 4.7797 0.49035
0.03643 5.2141 0.53442
0.036699 5.1488 0.48319
0.036969 4.2284 0.46577
0.037241 5.0696 0.49754
0.037516 4.6879 0.48353
0.037792 3.5826 0.4091
0.038071 4.3029 0.44733
0.038351 3.8444 0.43727
0.038634 3.9243 0.41111
0.038919 3.5077 0.40312
0.039205 3.4731 0.39579
0.039494 3.0439 0.38278
0.039785 2.8479 0.34215
0.040079 3.8427 0.41206
0.040374 3.4164 0.37528
0.040671 3.1073 0.37663
0.040971 2.6148 0.32889
0.041273 3.4083 0.3728
0.041577 3.1258 0.35324
0.041883 3.4143 0.37175
0.042192 3.129 0.35982
0.042503 3.1482 0.34116
0.042816 2.7404 0.3276
0.043132 3.4281 0.35274
0.04345 3.18 0.34951
0.04377 3.6949 0.3674
0.044092 2.8593 0.32405
0.044417 3.1967 0.3385
0.044744 2.9283 0.31429
0.045074 3.5083 0.34796
0.045406 3.2464 0.3333
0.045741 3.1907 0.32815
0.046078 2.635 0.30112
0.046417 2.3992 0.28503
0.04676 2.636 0.29928
0.047104 2.4934 0.28281
0.047451 3.0347 0.30308
0.047801 2.7818 0.29489
0.048153 2.2832 0.27016
0.048508 2.0204 0.24942
0.048865 2.9788 0.29766
0.049225 2.0253 0.25214
0.049588 2.1686 0.25346
0.049954 2.8135 0.28382
0.050322 2.4379 0.27012
0.050693 2.739 0.27164
0.051066 3.0204 0.28718
0.051442 2.5174 0.2621
0.051821 2.7012 0.26774
0.052203 2.5457 0.26053
0.052588 2.3687 0.24879
0.052975 2.3963 0.25094
0.053366 2.2073 0.23929
0.053759 1.9246 0.22469
0.054155 2.2031 0.23592
0.054554 1.7638 0.20928
0.054956 1.598 0.20407
0.055361 1.6829 0.20545
0.055769 2.0189 0.22322
0.05618 1.4115 0.18939
0.056594 1.3163 0.18314
0.057011 1.5267 0.19231
0.057431 1.559 0.19538
0.057854 1.2297 0.17476
0.058281 1.2705 0.17775
0.05871 1.1186 0.16615
0.059143 1.5132 0.1854
0.059579 1.2824 0.1731
0.060018 1.2738 0.1696
0.06046 1.2883 0.17039
0.060905 1.5866 0.18236
0.061354 1.4455 0.17685
0.061806 1.4819 0.17629
0.062262 1.4954 0.17569
0.062721 1.7592 0.18449
0.063183 1.8029 0.18813
0.063648 2.1211 0.1972
0.064117 2.282 0.19932
0.06459 1.8934 0.18475
0.065066 1.6224 0.17271
0.065545 1.1788 0.15349
0.066028 1.4063 0.16268
0.066515 1.1691 0.14772
0.067005 1.3144 0.1555
0.067499 1.3003 0.15561
0.067996 1.0597 0.14034
0.068497 0.8687 0.12935
0.069002 1.1455 0.14445
0.06951 1.2419 0.14533
0.070023 0.9006 0.12882
0.070539 1.0522 0.13683
0.071058 1.1939 0.13945
0.071582 0.93439 0.12688
0.072109 0.86709 0.12478
0.072641 0.90544 0.12457
0.073176 0.68541 0.11336
0.073715 1.112 0.13234
0.074258 0.72204 0.11231
0.074806 0.86707 0.1204
0.075357 0.67677 0.10968
0.075912 1.2491 0.13444
0.076472 0.69772 0.10743
0.077035 0.79864 0.11378
0.077603 0.50023 0.097665
0.078175 0.8575 0.11377
0.078751 0.82866 0.11205
0.079331 0.82103 0.111
0.079916 0.79197 0.1089
0.080504 0.67053 0.10277
0.081098 0.91939 0.11068
0.081695 0.86586 0.11147
0.082297 0.72816 0.10122
0.082904 0.79257 0.10508
0.083515 0.70437 0.098857
0.08413 0.7659 0.10228
0.08475 0.60392 0.094941
0.085374 0.70341 0.097787
0.086004 0.73216 0.099092
0.086637 0.74834 0.09728
0.087276 0.80536 0.098584
0.087919 0.7111 0.096069
0.088567 0.74702 0.096252
0.089219 0.83936 0.099323
0.089877 0.75107 0.094376
0.090539 0.6766 0.090774
0.091206 0.79628 0.094401
0.091878 0.80902 0.095201
0.092555 0.78496 0.093898
0.093237 0.90002 0.095989
0.093924 0.76053 0.090498
0.094616 0.66825 0.087362
0.095314 0.60003 0.08296
0.096016 0.7338 0.087936
0.096724 0.81433 0.091312
0.097436 0.73365 0.087341
0.098154 0.65894 0.082159
0.098878 0.86516 0.090356
0.099606 0.73465 0.085677
0.10034 0.7253 0.082868
0.10108 0.73286 0.083858
0.10182 0.71089 0.082203
0.10257 0.6868 0.080181
0.10333 0.67537 0.080407
0.10409 0.75497 0.081186
0.10486 0.71755 0.080458
0.10563 0.71752 0.079162
0.10641 0.73036 0.0792
0.10719 0.63861 0.075889
0.10798 0.76804 0.078551
0.10878 0.78268 0.080158
0.10958 0.56059 0.070372
0.11039 0.67794 0.07518
0.1112 0.68396 0.073653
0.11202 0.62133 0.072416
0.11285 0.55915 0.068118
0.11368 0.59494 0.06993
0.11452 0.63024 0.069278
0.11536 0.46944 0.064665
0.11621 0.49905 0.064673
0.11707 0.5547 0.066132
0.11793 0.72089 0.07118
0.1188 0.53532 0.064393
0.11967 0.54934 0.065158
0.12056 0.55441 0.063932
0.12144 0.68902 0.06783
0.12234 0.56905 0.064519
0.12324 0.5417 0.061972
0.12415 0.57265 0.06297
0.12506 0.51314 0.06136
0.12598 0.58708 0.061961
0.12691 0.51392 0.059749
0.12785 0.52751 0.059965
0.12879 0.55993 0.060786
0.12974 0.5111 0.058084
0.1307 0.6279 0.061362
0.13166 0.54756 0.058904
0.13263 0.39864 0.053653
0.13361 0.49178 0.05585
0.13459 0.42435 0.053502
0.13558 0.58664 0.057725
0.13658 0.42368 0.05317
0.13759 0.4821 0.053838
0.1386 0.56534 0.056146
0.13962 0.45392 0.052581
0.14065 0.50044 0.053226
0.14169 0.50293 0.053184
0.14273 0.4468 0.051192
0.14378 0.45451 0.050805
0.14484 0.54334 0.053185
0.14591 0.32825 0.046438
0.14699 0.43424 0.049509
0.14807 0.42895 0.048778
0.14916 0.38046 0.047008
0.15026 0.43763 0.048072
0.15137 0.34894 0.045405
0.15248 0.45883 0.047931
0.15361 0.43832 0.047156
0.15474 0.43158 0.046698
0.15588 0.38919 0.045177
0.15703 0.42367 0.045676
0.15818 0.38797 0.0444
0.15935 0.37875 0.043895
0.16052 0.32445 0.041858
0.16171 0.37306 0.04316
0.1629 0.33281 0.041657
0.1641 0.38277 0.042746
0.16531 0.39498 0.042819
0.16653 0.3522 0.041178
0.16775 0.33079 0.040449
0.16899 0.3307 0.040143
0.17023 0.34278 0.040237
0.17149 0.33679 0.039694
0.17275 0.38032 0.040377
0.17403 0.30308 0.038267
0.17531 0.32461 0.038628
0.1766 0.30771 0.037655
0.1779 0.33462 0.038247
0.17921 0.25998 0.035847
0.18053 0.32953 0.03762
0.18186 0.30625 0.036585
0.1832 0.36141 0.037779
0.18455 0.24372 0.034591
0.18591 0.24192 0.034296
0.18728 0.26806 0.034542
0.18866 0.24944 0.034009
0.19005 0.21009 0.032488
0.19145 0.27235 0.034152
0.19286 0.22281 0.032526
0.19429 0.25391 0.033095
0.19572 0.21199 0.032025
