#
0.0050184 2.038 2.6897
0.0050554 9.4898 5.8216
0.0050926 6.0941 4.7536
0.0051301 10.225 5.3777
0.0051679 8.3424 4.4816
0.005206 6.2336 6.7224
0.0052444 26.236 19.012
0.005283 NaN NaN
0.005322 4.0318 4.4818
0.0053612 5.9896 4.7537
0.0054007 12.909 5.4885
0.0054405 12.89 4.2514
0.0054806 8.3424 4.4816
0.005521 8.3424 4.4816
0.0055616 4.6708 3.8031
0.0056026 4.8288 3.8029
0.0056439 6.2103 3.8812
0.0056855 12.839 7.762
0.0057274 5.978 6.7228
0.0057696 6.2103 4.7535
0.0058121 -0.66225 NaN
0.0058549 14.405 4.7237
0.0058981 8.3579 6.3379
0.0059416 12.862 6.722
0.0059853 10.885 4.7045
0.0060294 6.0941 6.7226
0.0060739 11.837 3.5825
0.0061186 9.513 5.8216
0.0061637 12.938 4.7532
0.0062091 12.808 4.4814
0.0062549 15.462 6.5862
0.006301 26.236 13.444
0.0063474 7.8152 3.7579
0.0063942 6.28 4.7534
0.0064413 -0.67387 NaN
0.0064888 12.862 9.5064
0.0065366 5.6289 2.5334
0.0065847 8.323 3.169
0.0066333 11.553 3.865
0.0066821 7.1374 3.8414
0.0067314 -0.58557 NaN
0.006781 4.8753 3.8029
0.006831 -0.6274 NaN
0.0068813 9.391 4.1166
0.006932 5.1372 3.3269
0.0069831 -0.43376 NaN
0.0070345 10.958 4.7045
0.0070864 6.1145 2.3768
0.0071386 3.1593 2.1172
0.0071912 -0.44925 NaN
0.0072442 4.4835 2.9111
0.0072976 6.8952 3.3404
0.0073513 5.0126 2.5054
0.0074055 6.007 3.3614
0.0074601 4.7452 3.8031
0.0075151 6.0709 6.7227
0.0075704 3.9956 2.5876
0.0076262 7.0477 2.7163
0.0076824 7.9463 3.2338
0.007739 9.9084 3.9523
0.0077961 6.5565 2.3726
0.0078535 5.031 3.327
0.0079114 2.8786 2.377
0.0079697 -0.55769 NaN
0.0080284 7.471 4.6574
0.0080876 7.7579 2.9252
0.0081471 5.7466 2.237
0.0082072 3.0537 2.1174
0.0082677 6.1572 2.5409
0.0083286 3.079 2.1173
0.00839 12.816 5.4886
0.0084518 6.9004 3.3404
0.0085141 7.6828 2.9252
0.0085768 2.2699 1.6638
0.00864 4.8939 3.8029
0.0087037 4.2462 2.4448
0.0087678 3.3661 1.7687
0.0088324 1.0057 1.0568
0.0088975 2.2053 1.9017
0.0089631 2.3396 1.6637
0.0090291 3.4474 2.329
0.0090956 8.0097 3.2337
0.0091627 -0.53445 NaN
0.0092302 2.1819 1.4156
0.0092982 1.1208 0.97073
0.0093667 2.8002 1.6809
0.0094357 2.7102 3.3619
0.0095053 0.73753 1.0014
0.0095753 5.3861 2.9879
0.0096459 3.9265 2.0044
0.0097169 2.7721 1.9409
0.0097885 3.2235 1.5685
0.0098607 1.9164 1.4559
0.0099333 0.94116 1.4946
0.010007 5.8876 1.863
0.01008 1.8816 1.4559
0.010155 4.7685 2.6892
0.010229 2.7566 1.941
0.010305 2.716 1.681
0.010381 4.1542 1.9374
0.010457 1.8613 1.1567
0.010534 0.58837 0.86493
0.010612 2.716 2.3772
0.01069 1.8874 1.4559
0.010769 2.9497 1.793
0.010848 2.6187 1.4319
0.010928 1.9609 1.2808
0.011009 2.6705 1.3175
0.01109 0.4192 1.0352
0.011171 6.4552 2.1234
0.011254 1.6235 1.2942
0.011337 -0.53445 NaN
0.01142 1.3072 1.0589
0.011504 2.1612 1.1359
0.011589 2.9028 1.4321
0.011675 1.5136 1.2261
0.011761 0.82498 1.057
0.011847 0.59682 1.2232
0.011935 0.80298 0.83222
0.012023 3.1216 1.2607
0.012111 1.4263 1.1648
0.0122 3.219 1.5685
0.01229 2.4997 1.3668
0.012381 1.6635 1.1208
0.012472 2.4258 1.3668
0.012564 2.4659 1.267
0.012657 1.8733 1.1138
0.01275 3.5951 1.391
0.012844 0.1685 0.74785
0.012938 1.9471 1.1566
0.013034 2.3284 1.3074
0.01313 2.4796 0.96648
0.013227 2.9001 1.3177
0.013324 3.3361 1.7687
0.013422 1.7649 1.0741
0.013521 2.7497 1.5035
0.013621 1.7379 0.88959
0.013721 1.6031 0.97012
0.013822 0.99229 0.932
0.013924 1.2939 0.83544
0.014027 0.22442 0.84127
0.01413 1.2849 0.83545
0.014234 2.9715 1.119
0.014339 2.2811 1.028
0.014445 2.3884 1.22
0.014551 2.5617 1.5821
0.014658 1.6106 0.77634
0.014766 1.6803 0.9151
0.014875 1.1095 0.86785
0.014985 2.4149 1.1477
0.015095 0.51482 0.6474
0.015206 3.3839 1.2506
0.015319 0.75158 0.65626
0.015431 2.3378 0.94506
0.015545 0.9979 0.79129
0.01566 2.8209 1.3178
0.015775 0.72891 0.65628
0.015891 2.5562 0.91342
0.016008 1.5283 0.93982
0.016126 3.2788 1.1736
0.016245 2.5658 1.1187
0.016365 2.6766 0.91484
0.016486 2.3264 0.98402
0.016607 0.95553 0.64612
0.016729 0.30445 0.63445
0.016853 1.6924 0.82699
0.016977 1.5319 0.74591
0.017102 1.4759 0.77359
0.017228 1.8485 0.99828
0.017355 1.0095 0.61364
0.017483 2.7557 0.9705
0.017612 0.33956 0.51799
0.017741 3.2586 1.0268
0.017872 2.849 0.99113
0.018004 2.3417 0.91029
0.018136 1.7013 0.69699
0.01827 2.7366 1.0137
0.018405 1.1439 0.79155
0.01854 1.7406 0.65531
0.018677 0.84653 0.62669
0.018815 1.7083 0.77594
0.018953 1.1135 0.65908
0.019093 1.8721 0.74342
0.019234 2.1236 0.75765
0.019375 2.2763 0.85774
0.019518 0.2012 0.45715
0.019662 0.47502 0.43949
0.019807 1.199 0.64486
0.019953 4.1242 1.1186
0.0201 2.3613 0.76595
0.020248 0.71535 0.50136
0.020397 1.0907 0.61368
0.020547 2.2391 0.81731
0.020699 2.1622 0.74
0.020851 0.77425 0.48168
0.021005 2.3729 0.82183
0.02116 1.1696 0.59345
0.021316 1.72 0.6137
0.021473 1.5124 0.66458
0.021631 1.8861 0.68297
0.02179 2.5367 0.75956
0.021951 1.9641 0.63289
0.022113 0.95965 0.55956
0.022276 1.5343 0.63727
0.02244 1.0273 0.48042
0.022605 0.70656 0.53155
0.022772 1.2123 0.54406
0.02294 1.7606 0.58476
0.023109 1.1685 0.53752
0.023279 0.66609 0.50702
0.02345 1.2215 0.49999
0.023623 2.3814 0.65563
0.023797 2.2919 0.74408
0.023973 1.9968 0.58395
0.024149 1.21 0.52356
0.024327 2.9373 0.72396
0.024507 1.5929 0.57245
0.024687 1.9256 0.56212
0.024869 2.4053 0.68965
0.025052 3.1768 0.68836
0.025237 2.0683 0.62702
0.025423 1.2255 0.50521
0.02561 2.894 0.65837
0.025799 2.003 0.57067
0.025989 2.2004 0.66348
0.026181 2.4512 0.58723
0.026373 4.078 0.76048
0.026568 2.2993 0.60847
0.026764 2.1825 0.56312
0.026961 1.2371 0.47361
0.027159 2.3041 0.60847
0.02736 2.8762 0.59859
0.027561 1.8841 0.57476
0.027764 4.1762 0.6901
0.027969 1.7335 0.52305
0.028175 2.2083 0.55304
0.028383 2.3819 0.57754
0.028592 1.8299 0.51193
0.028802 1.875 0.51078
0.029015 3.0006 0.58794
0.029228 2.6994 0.60377
0.029444 2.1225 0.50648
0.029661 2.7618 0.56829
0.029879 3.6022 0.66445
0.0301 2.6699 0.53818
0.030321 1.8198 0.5171
0.030545 2.1324 0.47692
0.03077 2.5517 0.54458
0.030997 3.381 0.62397
0.031225 3.4449 0.56491
0.031455 2.3865 0.53871
0.031687 3.775 0.59011
0.03192 3.9727 0.64022
0.032156 2.8653 0.53819
0.032393 3.1376 0.54232
0.032631 4.1894 0.63689
0.032872 3.8002 0.58349
0.033114 3.947 0.60432
0.033358 4.4125 0.63156
0.033604 3.9722 0.58675
0.033851 3.9225 0.57078
0.034101 4.0556 0.63345
0.034352 3.0289 0.48618
0.034605 4.0728 0.6021
0.03486 3.1211 0.50992
0.035117 3.8715 0.55315
0.035376 4.1047 0.5716
0.035637 4.5342 0.60372
0.035899 3.5097 0.51816
0.036164 4.113 0.55239
0.03643 4.1231 0.57934
0.036699 4.339 0.5382
0.036969 4.6206 0.58387
0.037241 3.8856 0.53199
0.037516 5.2254 0.61085
0.037792 3.6822 0.5008
0.038071 5.675 0.60989
0.038351 5.3253 0.60962
0.038634 4.0301 0.50196
0.038919 4.9738 0.56792
0.039205 4.3632 0.52861
0.039494 4.2658 0.53645
0.039785 4.3411 0.49741
0.040079 3.6631 0.48764
0.040374 3.9669 0.48423
0.040671 3.6797 0.49054
0.040971 4.0644 0.48211
0.041273 4.4214 0.50492
0.041577 3.6419 0.45683
0.041883 4.0296 0.48311
0.042192 4.538 0.51193
0.042503 3.4094 0.42766
0.042816 3.9352 0.46397
0.043132 3.8117 0.44676
0.04345 4.2673 0.48058
0.04377 3.4745 0.43205
0.044092 3.3393 0.42013
0.044417 3.6397 0.43345
0.044744 2.8254 0.37586
0.045074 3.3223 0.4112
0.045406 4.3806 0.45939
0.045741 3.0563 0.39061
0.046078 4.1893 0.44568
0.046417 3.1216 0.38717
0.04676 2.913 0.3792
0.047104 3.571 0.40004
0.047451 3.2474 0.3781
0.047801 2.9138 0.36537
0.048153 2.9739 0.3672
0.048508 3.4735 0.3809
0.048865 3.5187 0.38745
0.049225 3.0558 0.36434
0.049588 2.4153 0.32335
0.049954 2.8659 0.34755
0.050322 2.6299 0.33937
0.050693 2.1414 0.29923
0.051066 2.3887 0.31645
0.051442 2.1867 0.30174
0.051821 2.2737 0.30358
0.052203 1.8708 0.28105
0.052588 2.0774 0.28809
0.052975 2.2352 0.29772
0.053366 2.2132 0.29283
0.053759 2.2471 0.29265
0.054155 2.108 0.28327
0.054554 2.1084 0.27544
0.054956 1.0328 0.21706
0.055361 1.5478 0.24543
0.055769 1.6874 0.25547
0.05618 1.6788 0.24959
0.056594 1.1185 0.21528
0.057011 1.3471 0.22738
0.057431 1.4602 0.23564
0.057854 1.5181 0.23391
0.058281 1.2354 0.21887
0.05871 1.0962 0.20622
0.059143 1.353 0.22023
0.059579 0.69503 0.17846
0.060018 1.2863 0.21129
0.06046 1.1673 0.20479
0.060905 1.1784 0.20259
0.061354 0.97699 0.19231
0.061806 1.1486 0.20006
0.062262 1.156 0.199
0.062721 0.94719 0.18417
0.063183 0.97835 0.1878
0.063648 1.0485 0.18773
0.064117 1.494 0.20746
0.06459 1.7859 0.22162
0.065066 1.255 0.19448
0.065545 0.89691 0.17567
0.066028 1.0407 0.18212
0.066515 0.95266 0.17261
0.067005 1.0852 0.18112
0.067499 0.92183 0.17301
0.067996 1.0022 0.17237
0.068497 0.91098 0.16534
0.069002 0.78571 0.16036
0.06951 0.7304 0.15357
0.070023 0.73885 0.15319
0.070539 0.76585 0.15561
0.071058 0.71131 0.14819
0.071582 0.86009 0.15536
0.072109 0.69141 0.14741
0.072641 0.76233 0.149
0.073176 0.58787 0.13857
0.073715 0.55332 0.1355
0.074258 0.61088 0.13634
0.074806 0.85504 0.1511
0.075357 0.61222 0.13596
0.075912 0.43876 0.12538
0.076472 0.51453 0.12633
0.077035 0.64576 0.13573
0.077603 0.54247 0.12825
0.078175 0.55387 0.12765
0.078751 0.50418 0.12439
0.079331 0.50224 0.12351
0.079916 0.31869 0.11179
0.080504 0.68131 0.13126
0.081098 0.64918 0.12603
0.081695 0.63565 0.129
0.082297 0.50027 0.11696
0.082904 0.60027 0.12318
0.083515 0.55167 0.11801
0.08413 0.69117 0.12584
0.08475 0.66277 0.12432
0.085374 0.53621 0.11603
0.086004 0.5705 0.11757
0.086637 0.65411 0.1189
0.087276 0.48333 0.10912
0.087919 0.56447 0.11495
0.088567 0.58151 0.11419
0.089219 0.45271 0.10697
0.089877 0.48807 0.10715
0.090539 0.51832 0.10806
0.091206 0.41387 0.10126
0.091878 0.57325 0.10946
0.092555 0.44681 0.10319
0.093237 0.49648 0.10294
0.093924 0.41642 0.098949
0.094616 0.41567 0.099354
0.095314 0.48164 0.1006
0.096016 0.45885 0.099348
0.096724 0.47183 0.10032
0.097436 0.40862 0.096197
0.098154 0.31111 0.088885
0.098878 0.52683 0.099647
0.099606 0.33957 0.091178
0.10034 0.47759 0.094605
0.10108 0.42905 0.093288
0.10182 0.39492 0.090824
0.10257 0.36936 0.088359
0.10333 0.34535 0.088022
0.10409 0.39269 0.087959
0.10486 0.29028 0.083837
0.10563 0.30263 0.082933
0.10641 0.37293 0.085671
0.10719 0.42066 0.08765
0.10798 0.34935 0.082663
0.10878 0.35591 0.084105
0.10958 0.35404 0.081687
0.11039 0.48006 0.08776
0.1112 0.31211 0.078798
0.11202 0.33244 0.080539
0.11285 0.33057 0.07807
0.11368 0.41956 0.082413
0.11452 0.50331 0.083545
0.11536 0.42676 0.08177
0.11621 0.38001 0.078579
0.11707 0.39842 0.078716
0.11793 0.36727 0.07705
0.1188 0.21643 0.070043
0.11967 0.23466 0.071035
0.12056 0.19506 0.067877
0.12144 0.38317 0.075125
0.12234 0.34268 0.07409
0.12324 0.22699 0.06754
0.12415 0.22018 0.067281
0.12506 0.30554 0.071073
0.12598 0.41077 0.073047
0.12691 0.35449 0.071024
0.12785 0.20395 0.064999
0.12879 0.31666 0.06925
0.12974 0.22634 0.064232
0.1307 0.31983 0.067591
0.13166 0.23023 0.064173
0.13263 0.31154 0.066574
0.13361 0.48666 0.07176
0.13459 0.27469 0.06398
0.13558 0.38343 0.067059
0.13658 0.15027 0.058821
0.13759 0.18011 0.058651
0.1386 0.37359 0.065623
0.13962 0.17716 0.058179
0.14065 0.23188 0.059358
0.14169 0.24045 0.059655
0.14273 0.21638 0.058291
0.14378 0.29976 0.060544
0.14484 0.34484 0.061944
0.14591 0.22074 0.05714
0.14699 0.1888 0.055856
0.14807 0.2575 0.057582
0.14916 0.2457 0.056772
0.15026 0.27361 0.05694
0.15137 0.23493 0.055547
0.15248 0.30208 0.056997
0.15361 0.21687 0.053898
0.15474 0.24434 0.054621
0.15588 0.19503 0.052495
0.15703 0.19068 0.051817
0.15818 0.22203 0.052526
0.15935 0.24057 0.052852
0.16052 0.24433 0.052333
0.16171 0.25498 0.052659
0.1629 0.123 0.047802
0.1641 0.18621 0.049634
0.16531 0.21624 0.050276
0.16653 0.15426 0.047686
0.16775 0.21481 0.049491
0.16899 0.20626 0.048855
0.17023 0.24651 0.049785
0.17149 0.20985 0.048191
0.17275 0.17768 0.046642
0.17403 0.16129 0.046061
0.17531 0.12939 0.044822
0.1766 0.21079 0.046662
0.1779 0.22753 0.047019
0.17921 0.18195 0.045105
0.18053 0.1711 0.04477
0.18186 0.19426 0.044895
0.1832 0.16063 0.04371
0.18455 0.10232 0.041728
0.18591 0.10378 0.041489
0.18728 0.17657 0.043058
0.18866 0.21963 0.044192
0.19005 0.17591 0.042332
0.19145 0.12209 0.040896
0.19286 0.24506 0.043842
0.19429 0.094684 0.039406
0.19572 0.1452 0.040865
