#
0.0050184 18.146 5.8808
0.0050554 11.213 5.1981
0.0050926 8.8641 4.6494
0.0051301 14.51 5.26
0.0051679 5.7701 3.0997
0.005206 18.259 9.2983
0.0052444 27.444 16.105
0.005283 NaN NaN
0.005322 8.9873 5.3685
0.0053612 15.765 6.1504
0.0054007 10.478 4.1003
0.0054405 5.1963 2.2778
0.0054806 10.419 4.1003
0.005521 11.969 4.3834
0.0055616 18.107 5.8809
0.0056026 8.9187 4.1585
0.0056439 15.143 4.9007
0.0056855 2.6815 3.1001
0.0057274 13.433 8.0529
0.0057696 29.865 8.3813
0.0058121 11.165 5.1981
0.0058549 13.063 3.7251
0.0058981 15.079 6.9307
0.0059416 11.221 5.1981
0.0059853 16.827 4.7894
0.0060294 18.162 9.2984
0.0060739 9.6177 2.6763
0.0061186 11.229 5.1981
0.0061637 8.9485 3.2876
0.0062091 9.8919 3.2672
0.0062549 10.695 4.5554
0.006301 13.497 8.0528
0.0063474 7.73 3.0753
0.0063942 11.317 5.198
0.0064413 18.13 9.2985
0.0064888 8.8963 6.5752
0.0065366 6.039 2.1459
0.0065847 5.7567 2.1918
0.0066333 2.9194 1.691
0.0066821 8.9215 3.5146
0.0067314 3.3142 2.6304
0.006781 -0.34716 NaN
0.006831 11.189 5.1981
0.0068813 16.956 4.5016
0.006932 10.195 3.7572
0.0069831 -0.30001 NaN
0.0070345 7.5794 3.2539
0.0070864 6.5537 2.0133
0.0071386 4.721 2.0707
0.0071912 2.7886 3.0999
0.0072442 5.4256 2.5992
0.0072976 7.8685 2.9223
0.0073513 7.3412 2.4505
0.0074055 0.66804 1.1631
0.0074601 3.2821 2.6304
0.0075151 8.848 6.5753
0.0075704 3.7967 2.0665
0.0076262 8.1954 2.3948
0.0076824 10.568 3.0479
0.007739 2.7208 1.7898
0.0077961 2.894 1.34
0.0078535 2.1515 1.8791
0.0079114 7.8023 3.0753
0.0079697 5.813 4.3836
0.0080284 3.3078 2.6304
0.0080876 7.5115 2.3724
0.0081471 4.5217 1.6411
0.0082072 6.3385 2.3911
0.0082677 2.2663 1.3286
0.0083286 2.9749 1.6909
0.00839 7.3144 3.4655
0.0084518 7.8721 2.9223
0.0085141 1.0225 1.012
0.0085768 4.8907 1.8788
0.00864 5.2445 3.2213
0.0087037 5.4728 2.2367
0.0087678 2.3282 1.2233
0.0088324 3.795 1.4613
0.0088975 3.3849 1.8599
0.0089631 2.2823 1.3286
0.0090291 2.3844 1.6109
0.0090956 2.1589 1.4644
0.0091627 4.2794 4.6497
0.0092302 4.4454 1.5478
0.0092982 1.9375 0.94926
0.0093667 1.9368 1.1626
0.0094357 1.8745 2.3253
0.0095053 2.4676 1.199
0.0095753 2.6922 1.7898
0.0096459 3.3356 1.5186
0.0097169 4.2419 1.8983
0.0097885 3.1151 1.2526
0.0098607 1.3255 1.007
0.0099333 1.6841 1.4615
0.010007 4.0722 1.2886
0.01008 1.3014 1.007
0.010155 2.3683 1.6109
0.010229 1.1318 1.0963
0.010305 1.2974 1.007
0.010381 2.3263 1.2233
0.010457 2.3602 1.0118
0.010534 2.0975 1.0356
0.010612 1.8785 1.6442
0.01069 2.4677 1.2998
0.010769 5.1396 1.8599
0.010848 3.5823 1.3285
0.010928 3.1273 1.2526
0.011009 2.9629 1.116
0.01109 2.4357 1.4308
0.011171 2.251 1.0848
0.011254 1.1229 0.89514
0.011337 2.2869 1.3286
0.01142 2.172 1.0355
0.011504 1.4948 0.78567
0.011589 1.6035 0.90429
0.011675 3.0044 1.295
0.011761 2.6369 1.2656
0.011847 1.2581 1.1959
0.011935 2.2158 0.93952
0.012023 1.5779 0.76907
0.012111 1.9163 1.0399
0.0122 1.341 0.88591
0.01229 0.88366 0.73242
0.012381 2.3128 1.0253
0.012472 1.2552 0.84566
0.012564 2.4208 1.0118
0.012657 1.2957 0.77038
0.01275 1.5247 0.78565
0.012844 0.11654 0.51726
0.012938 2.062 0.94647
0.013034 1.6104 0.90429
0.01313 2.349 0.76212
0.013227 1.3171 0.77036
0.013324 1.7605 1.0943
0.013422 0.88862 0.66453
0.013521 2.3667 1.1391
0.013621 2.3643 0.80546
0.013721 0.20896 0.42466
0.013822 1.0583 0.74423
0.013924 0.63668 0.51691
0.014027 1.3175 1.007
0.01413 2.1801 0.81698
0.014234 0.83179 0.54744
0.014339 1.8291 0.75416
0.014445 1.3076 0.77037
0.014551 1.7718 1.0943
0.014658 1.114 0.53697
0.014766 1.4205 0.68361
0.014875 0.46743 0.51995
0.014985 1.0704 0.67102
0.015095 2.1641 0.81699
0.015206 0.97314 0.61182
0.015319 3.2413 0.90731
0.015431 2.0302 0.716
0.015545 0.69021 0.5473
0.01566 0.57358 0.59694
0.015775 0.73094 0.50742
0.015891 1.4034 0.57677
0.016008 1.6382 0.76903
0.016126 0.31027 0.42424
0.016245 0.1338 0.38726
0.016365 1.325 0.55502
0.016486 1.3823 0.64171
0.016607 1.0255 0.51594
0.016729 0.52051 0.53724
0.016853 2.3834 0.75653
0.016977 0.51262 0.40799
0.017102 1.6272 0.63943
0.017228 1.5603 0.74575
0.017355 1.1792 0.50719
0.017483 1.3249 0.58138
0.017612 1.8879 0.68551
0.017741 1.6846 0.62958
0.017872 1.377 0.59374
0.018004 1.6196 0.62961
0.018136 1.0315 0.45966
0.01827 1.4702 0.63422
0.018405 0.79119 0.54748
0.01854 1.0782 0.43549
0.018677 1.9415 0.67124
0.018815 1.5392 0.59328
0.018953 1.2868 0.54475
0.019093 0.9849 0.46515
0.019234 0.74239 0.41119
0.019375 1.5744 0.59326
0.019518 1.0508 0.51593
0.019662 1.0724 0.42968
0.019807 1.6173 0.56844
0.019953 1.5763 0.60491
0.0201 0.40255 0.33524
0.020248 1.1496 0.45388
0.020397 0.75442 0.42446
0.020547 1.5487 0.5653
0.020699 2.8629 0.67004
0.020851 1.2417 0.44058
0.021005 1.9565 0.61056
0.02116 1.356 0.49323
0.021316 1.87 0.50727
0.021473 0.46488 0.35617
0.021631 1.8284 0.54014
0.02179 1.1177 0.44145
0.021951 0.92092 0.37914
0.022113 0.80049 0.41047
0.022276 1.5925 0.51465
0.02244 1.5733 0.43945
0.022605 1.2386 0.49762
0.022772 1.2921 0.43936
0.02294 1.7231 0.46331
0.023109 1.1443 0.41937
0.023279 0.88986 0.42939
0.02345 1.2283 0.39541
0.023623 1.9439 0.48476
0.023797 0.78819 0.39874
0.023973 1.3811 0.40389
0.024149 1.2548 0.41809
0.024327 1.5207 0.44557
0.024507 1.2039 0.40891
0.024687 2.114 0.46811
0.024869 1.9918 0.51326
0.025052 1.589 0.41692
0.025237 1.3284 0.42148
0.025423 2.2037 0.50344
0.02561 1.4945 0.40557
0.025799 1.4715 0.40399
0.025989 2.4951 0.56197
0.026181 1.7735 0.41361
0.026373 1.6263 0.41807
0.026568 0.97626 0.35108
0.026764 1.748 0.4131
0.026961 2.0391 0.45536
0.027159 2.12 0.47254
0.02736 1.8474 0.40166
0.027561 2.3971 0.50771
0.027764 1.5798 0.37106
0.027969 3.2204 0.54252
0.028175 1.4524 0.37509
0.028383 1.7243 0.40678
0.028592 1.7823 0.40435
0.028802 1.4411 0.3677
0.029015 1.8775 0.39028
0.029228 2.3244 0.45744
0.029444 1.7282 0.37367
0.029661 2.3752 0.43056
0.029879 1.765 0.39803
0.0301 2.1525 0.39658
0.030321 2.0971 0.43797
0.030545 2.4507 0.40598
0.03077 2.2815 0.41861
0.030997 1.5299 0.363
0.031225 1.781 0.34606
0.031455 1.8513 0.39021
0.031687 2.7211 0.41551
0.03192 1.8179 0.37207
0.032156 2.1562 0.38562
0.032393 2.1155 0.37109
0.032631 3.2508 0.4635
0.032872 2.2009 0.3742
0.033114 2.5639 0.40684
0.033358 1.8415 0.35243
0.033604 2.8513 0.41243
0.033851 2.1163 0.35522
0.034101 2.2686 0.39998
0.034352 2.9485 0.38913
0.034605 2.3333 0.38396
0.03486 2.4977 0.37525
0.035117 2.488 0.37064
0.035376 2.5994 0.38055
0.035637 2.2997 0.36498
0.035899 2.7887 0.38045
0.036164 2.8895 0.38467
0.03643 2.7049 0.39163
0.036699 2.8387 0.36328
0.036969 2.9702 0.39102
0.037241 2.7749 0.3731
0.037516 2.8614 0.38101
0.037792 3.2715 0.3862
0.038071 3.7613 0.41381
0.038351 2.9912 0.38452
0.038634 2.7121 0.34308
0.038919 3.2798 0.38454
0.039205 2.7079 0.34881
0.039494 4.0566 0.42777
0.039785 3.5903 0.3724
0.040079 4.0323 0.41394
0.040374 2.9567 0.34602
0.040671 3.6346 0.39687
0.040971 3.6409 0.374
0.041273 2.988 0.34569
0.041577 4.0178 0.38845
0.041883 3.2051 0.35526
0.042192 3.3853 0.36614
0.042503 3.3038 0.3425
0.042816 2.951 0.3324
0.043132 2.8549 0.31984
0.04345 3.279 0.34815
0.04377 3.2949 0.34308
0.044092 2.9256 0.32157
0.044417 3.5269 0.34751
0.044744 2.9812 0.31125
0.045074 2.745 0.30695
0.045406 2.8252 0.30818
0.045741 3.1504 0.32068
0.046078 3.0693 0.31613
0.046417 2.52 0.28588
0.04676 2.4983 0.2873
0.047104 2.5759 0.28172
0.047451 2.5037 0.27391
0.047801 2.6965 0.28584
0.048153 2.2393 0.26317
0.048508 2.2298 0.25524
0.048865 2.3329 0.2632
0.049225 2.7403 0.28145
0.049588 2.5335 0.2659
0.049954 2.1985 0.25096
0.050322 2.3137 0.25948
0.050693 2.2938 0.24734
0.051066 1.8377 0.22849
0.051442 2.1234 0.23954
0.051821 1.9731 0.23022
0.052203 2.224 0.24162
0.052588 2.1027 0.23239
0.052975 1.3733 0.19667
0.053366 1.8247 0.21724
0.053759 1.4712 0.19811
0.054155 1.2937 0.18712
0.054554 1.4777 0.19149
0.054956 1.3503 0.18756
0.055361 1.3026 0.18249
0.055769 1.72 0.20528
0.05618 1.0858 0.16848
0.056594 1.4619 0.18701
0.057011 1.7723 0.20023
0.057431 1.5298 0.1903
0.057854 1.7955 0.19851
0.058281 2.9552 0.24624
0.05871 3.8299 0.27029
0.059143 3.8135 0.26925
0.059579 3.9877 0.27322
0.060018 4.2749 0.27746
0.06046 4.093 0.27161
0.060905 4.9757 0.29406
0.061354 4.4317 0.27971
0.061806 4.1923 0.26899
0.062262 2.6876 0.21947
0.062721 1.9303 0.18803
0.063183 1.4416 0.16904
0.063648 1.3019 0.15933
0.064117 0.73513 0.12789
0.06459 0.83516 0.13335
0.065066 0.79755 0.13077
0.065545 0.91677 0.13765
0.066028 0.63586 0.12122
0.066515 0.81702 0.12781
0.067005 0.54926 0.11398
0.067499 0.61051 0.11812
0.067996 0.66748 0.11783
0.068497 0.71737 0.11902
0.069002 0.83977 0.12696
0.06951 0.78707 0.1214
0.070023 0.58342 0.11
0.070539 0.5052 0.10622
0.071058 0.70208 0.11383
0.071582 0.71002 0.11346
0.072109 0.72363 0.11517
0.072641 0.57249 0.1055
0.073176 0.69801 0.11159
0.073715 0.65858 0.10876
0.074258 0.83858 0.11546
0.074806 0.58057 0.10395
0.075357 0.44459 0.095221
0.075912 0.4912 0.097354
0.076472 0.7364 0.10698
0.077035 0.83555 0.11311
0.077603 0.63445 0.10224
0.078175 0.67534 0.10316
0.078751 0.81291 0.10905
0.079331 0.70043 0.10328
0.079916 0.61671 0.098577
0.080504 0.68759 0.10138
0.081098 0.78507 0.10281
0.081695 0.69989 0.10188
0.082297 0.90287 0.10637
0.082904 1.2538 0.12108
0.083515 1.4107 0.12358
0.08413 1.7999 0.13729
0.08475 1.9399 0.1412
0.085374 2.3348 0.15004
0.086004 2.418 0.15294
0.086637 2.1526 0.1415
0.087276 1.8042 0.13042
0.087919 1.1848 0.11211
0.088567 0.78543 0.095785
0.089219 0.82878 0.096872
0.089877 0.72067 0.091184
0.090539 0.63409 0.087088
0.091206 0.71473 0.089249
0.091878 0.67651 0.087991
0.092555 0.74676 0.090469
0.093237 0.66216 0.085037
0.093924 0.55619 0.080509
0.094616 0.74292 0.088419
0.095314 0.63395 0.082515
0.096016 0.60797 0.081231
0.096724 0.67849 0.084328
0.097436 0.6344 0.081712
0.098154 0.62058 0.078947
0.098878 0.65386 0.080828
0.099606 0.51632 0.075493
0.10034 0.74964 0.081998
0.10108 0.75174 0.082775
0.10182 1.2032 0.096537
0.10257 2.0427 0.11738
0.10333 2.7222 0.13361
0.10409 2.9787 0.13549
0.10486 3.3618 0.14401
0.10563 3.0197 0.1353
0.10641 2.4392 0.12272
0.10719 1.6297 0.10373
0.10798 1.1568 0.088719
0.10878 0.87774 0.081569
0.10958 0.68532 0.073128
0.11039 0.56712 0.069716
0.1112 0.61542 0.069791
0.11202 0.71006 0.073861
0.11285 0.51435 0.065057
0.11368 0.54851 0.066801
0.11452 0.51737 0.063976
0.11536 0.51899 0.06497
0.11621 0.4484 0.061431
0.11707 0.62506 0.067015
0.11793 0.54333 0.063948
0.1188 0.45597 0.060266
0.11967 0.51547 0.062584
0.12056 0.42357 0.058117
0.12144 0.58732 0.063233
0.12234 0.48214 0.060229
0.12324 0.4631 0.058037
0.12415 0.52023 0.059922
0.12506 0.53267 0.060629
0.12598 0.31372 0.051597
0.12691 0.47583 0.057195
0.12785 0.42335 0.055281
0.12879 0.38634 0.053878
0.12974 0.39306 0.052996
0.1307 0.42365 0.053779
0.13166 0.43007 0.053949
0.13263 0.34197 0.050525
0.13361 0.5801 0.057234
0.13459 0.41795 0.052071
0.13558 0.55251 0.055487
0.13658 0.43353 0.052257
0.13759 0.40757 0.050354
0.1386 0.47638 0.052335
0.13962 0.39993 0.049742
0.14065 0.44601 0.050442
0.14169 0.41018 0.049272
0.14273 0.4951 0.051433
0.14378 0.46361 0.049915
0.14484 0.41541 0.048377
0.14591 0.52295 0.050996
0.14699 0.4991 0.050213
0.14807 0.59884 0.052304
0.14916 0.55959 0.050882
0.15026 0.5351 0.04964
0.15137 0.50612 0.048759
0.15248 0.50627 0.048128
0.15361 0.45542 0.046552
0.15474 0.37595 0.044083
0.15588 0.48607 0.046763
0.15703 0.50764 0.046855
0.15818 0.54355 0.047465
0.15935 0.67416 0.050354
0.16052 0.67943 0.049891
0.16171 0.69096 0.050035
0.1629 0.56013 0.04656
0.1641 0.48659 0.044426
0.16531 0.44229 0.043052
0.16653 0.38446 0.04106
0.16775 0.45448 0.042681
0.16899 0.40009 0.040995
0.17023 0.4256 0.04141
0.17149 0.49352 0.042671
0.17275 0.5285 0.043026
0.17403 0.39283 0.03965
0.17531 0.38319 0.039194
0.1766 0.34592 0.037724
0.1779 0.43062 0.039701
0.17921 0.37632 0.037921
0.18053 0.45778 0.039813
0.18186 0.52617 0.040886
0.1832 0.52171 0.040584
0.18455 0.45982 0.03896
0.18591 0.43531 0.038115
0.18728 0.31085 0.034753
0.18866 0.31811 0.034873
0.19005 0.35942 0.035315
0.19145 0.33978 0.034939
0.19286 0.29132 0.033389
0.19429 0.3618 0.034819
0.19572 0.31526 0.033701
