#
0.0050184 10.4 4.4245
0.0050554 4.1174 3.1934
0.0050926 6.3517 3.9109
0.0051301 12.287 4.7789
0.0051679 14.635 4.7599
0.005206 4.1876 4.516
0.0052444 53.748 22.121
0.005283 NaN NaN
0.005322 5.7188 4.2576
0.0053612 13.055 5.5306
0.0054007 10.177 3.9825
0.0054405 14.981 3.7237
0.0054806 16.14 4.9922
0.005521 14.635 4.7599
0.0055616 6.7502 3.6128
0.0056026 10.469 4.4245
0.0056439 11.698 4.2574
0.0056855 8.625 5.2144
0.0057274 -0.49953 NaN
0.0057696 15.461 5.9736
0.0058121 10.844 5.0488
0.0058549 5.6633 2.4582
0.0058981 5.6147 4.2577
0.0059416 1.8675 2.2584
0.0059853 9.8929 3.6493
0.0060294 26.671 11.061
0.0060739 10.036 2.6907
0.0061186 15.422 5.9736
0.0061637 13.207 3.9107
0.0062091 11.615 3.4762
0.0062549 3.1628 2.5549
0.006301 13.109 7.8214
0.0063474 5.2502 2.5245
0.0063942 24.538 7.4882
0.0064413 4.0628 4.5162
0.0064888 22.187 10.097
0.0065366 5.1708 1.9651
0.0065847 8.6016 2.6072
0.0066333 8.5825 2.7232
0.0066821 9.9553 3.6493
0.0067314 8.6375 4.0391
0.006781 5.0814 3.1287
0.006831 4.094 3.1934
0.0068813 6.3088 2.7655
0.006932 4.7413 2.5806
0.0069831 5.7292 4.2576
0.0070345 7.3617 3.1604
0.0070864 7.4942 2.1121
0.0071386 3.7644 1.8361
0.0071912 8.7291 5.2143
0.0072442 6.3985 2.7654
0.0072976 7.6424 2.8384
0.0073513 9.388 2.7136
0.0074055 0.64885 1.1297
0.0074601 4.994 3.1288
0.0075151 4.0784 4.5162
0.0075704 1.6808 1.4195
0.0076262 9.2501 2.4985
0.0076824 14.369 3.4833
0.007739 4.6495 2.244
0.0077961 5.4671 1.7621
0.0078535 2.0897 1.8251
0.0079114 6.4493 2.7654
0.0079697 -0.37465 NaN
0.0080284 3.2127 2.5548
0.0080876 3.8223 1.7019
0.0081471 3.3293 1.4058
0.0082072 6.1564 2.3224
0.0082677 2.8462 1.4427
0.0083286 6.1734 2.3224
0.00839 1.0837 1.5059
0.0084518 5.639 2.4582
0.0085141 3.0772 1.5537
0.0085768 4.1051 1.707
0.00864 3.2877 2.5547
0.0087037 8.5995 2.7232
0.0087678 3.855 1.5028
0.0088324 5.1911 1.6642
0.0088975 5.0939 2.2124
0.0089631 4.797 1.8247
0.0090291 1.4128 1.2776
0.0090956 2.0969 1.4224
0.0091627 -0.35904 NaN
0.0092302 3.3671 1.3447
0.0092982 2.6344 1.0645
0.0093667 1.8811 1.1292
0.0094357 8.5939 4.5159
0.0095053 0.97077 0.82372
0.0095753 7.6321 2.8384
0.0096459 2.6377 1.3465
0.0097169 4.12 1.8437
0.0097885 2.5955 1.1381
0.0098607 5.8029 1.8722
0.0099333 3.6426 2.0072
0.010007 3.2327 1.1425
0.01008 1.8285 1.1292
0.010155 1.3972 1.2777
0.010229 1.0993 1.0648
0.010305 1.8246 1.1292
0.010381 5.9781 1.8404
0.010457 2.6398 1.0423
0.010534 2.0373 1.0058
0.010612 0.69568 1.1296
0.01069 2.3968 1.2624
0.010769 4.3898 1.7032
0.010848 3.9095 1.3601
0.010928 3.0375 1.2166
0.011009 2.5165 1.022
0.01109 3.0604 1.5537
0.011171 3.4764 1.2904
0.011254 3.5992 1.4193
0.011337 1.5762 1.1177
0.01142 2.1096 1.0058
0.011504 1.7633 0.82419
0.011589 2.3427 1.0391
0.011675 1.4921 0.95098
0.011761 1.5577 1.0038
0.011847 2.8639 1.6424
0.011935 3.4423 1.1175
0.012023 2.6615 0.93624
0.012111 0.50659 0.63907
0.0122 0.44233 0.60869
0.01229 2.5003 1.0863
0.012381 3.3753 1.1902
0.012472 2.0401 1.0058
0.012564 0.2672 0.49174
0.012657 1.5929 0.8196
0.01275 1.4809 0.76308
0.012844 1.1166 0.8694
0.012938 2.0027 0.91927
0.013034 1.5642 0.87831
0.01313 2.2815 0.74023
0.013227 0.27581 0.47351
0.013324 1.7099 1.0628
0.013422 2.4758 0.96786
0.013521 0.040993 0.45226
0.013621 2.2964 0.78232
0.013721 3.1162 1.0094
0.013822 3.1953 1.1426
0.013924 2.3744 0.83222
0.014027 3.5374 1.4936
0.01413 2.1175 0.79351
0.014234 1.9962 0.75175
0.014339 2.0206 0.77209
0.014445 0.26656 0.47352
0.014551 1.7209 1.0628
0.014658 1.8192 0.63865
0.014766 3.6374 1.0036
0.014875 3.6586 1.0902
0.014985 1.6223 0.77104
0.015095 1.0984 0.61477
0.015206 1.2108 0.6509
0.015319 3.5887 0.93468
0.015431 2.9753 0.82765
0.015545 1.2016 0.65091
0.01566 -0.11186 0.33526
0.015775 2.4721 0.79438
0.015891 0.65477 0.43404
0.016008 3.0022 0.97784
0.016126 1.0143 0.58244
0.016245 1.9893 0.79709
0.016365 1.2869 0.53907
0.016486 0.4615 0.4409
0.016607 2.0586 0.66277
0.016729 1.4087 0.73767
0.016853 2.1186 0.70808
0.016977 1.2062 0.53147
0.017102 1.5805 0.62106
0.017228 0.96815 0.61225
0.017355 0.98958 0.46736
0.017483 1.0987 0.53241
0.017612 1.8336 0.66581
0.017741 1.2676 0.55315
0.017872 1.7217 0.6375
0.018004 1.7574 0.63869
0.018136 1.9896 0.58199
0.01827 1.6332 0.6493
0.018405 1.0061 0.58245
0.01854 1.9015 0.53214
0.018677 2.262 0.70416
0.018815 2.016 0.65003
0.018953 2.086 0.64792
0.019093 2.7628 0.68992
0.019234 1.5677 0.52818
0.019375 1.1818 0.52125
0.019518 1.906 0.63867
0.019662 1.2824 0.45074
0.019807 1.7239 0.57293
0.019953 1.3539 0.56021
0.0201 1.1879 0.46028
0.020248 2.007 0.55462
0.020397 2.6264 0.66768
0.020547 2.138 0.63394
0.020699 1.4526 0.49713
0.020851 1.3204 0.44293
0.021005 1.441 0.53045
0.02116 1.317 0.47906
0.021316 1.7061 0.48023
0.021473 1.4393 0.50898
0.021631 1.6487 0.50897
0.02179 0.7144 0.37138
0.021951 1.8507 0.48704
0.022113 1.9728 0.56365
0.022276 1.4178 0.48292
0.02244 1.6212 0.43686
0.022605 2.514 0.65159
0.022772 1.5854 0.46744
0.02294 1.8699 0.47093
0.023109 1.8731 0.49879
0.023279 2.2537 0.60579
0.02345 2.031 0.47488
0.023623 1.7919 0.46092
0.023797 1.1526 0.44713
0.023973 2.2182 0.48039
0.024149 2.1321 0.50752
0.024327 1.477 0.43276
0.024507 1.7648 0.46566
0.024687 2.3065 0.47759
0.024869 1.8283 0.48706
0.025052 1.6277 0.41364
0.025237 2.8782 0.57025
0.025423 1.8581 0.46102
0.02561 2.0263 0.44984
0.025799 2.3491 0.48051
0.025989 2.3184 0.53562
0.026181 2.0261 0.42945
0.026373 1.8281 0.43068
0.026568 2.3115 0.4821
0.026764 2.0837 0.43678
0.026961 1.8984 0.43459
0.027159 2.2295 0.47452
0.02736 2.3459 0.43614
0.027561 3.0366 0.55307
0.027764 1.802 0.38443
0.027969 3.285 0.53851
0.028175 1.9205 0.41214
0.028383 2.7197 0.48384
0.028592 2.5196 0.45908
0.028802 1.6097 0.37716
0.029015 2.272 0.41523
0.029228 2.3316 0.45042
0.029444 2.3101 0.41426
0.029661 2.3069 0.41819
0.029879 1.3615 0.35294
0.0301 2.982 0.44869
0.030321 2.6291 0.47413
0.030545 2.4918 0.40212
0.03077 3.3449 0.48592
0.030997 2.075 0.40356
0.031225 2.7924 0.41161
0.031455 3.4875 0.50339
0.031687 2.7498 0.41059
0.03192 2.7893 0.43844
0.032156 2.828 0.42626
0.032393 3.5954 0.46018
0.032631 2.7572 0.42402
0.032872 3.2277 0.43437
0.033114 2.4903 0.39515
0.033358 3.7659 0.47207
0.033604 2.8703 0.40689
0.033851 3.0214 0.40705
0.034101 2.7824 0.42946
0.034352 3.3001 0.40234
0.034605 3.6236 0.45819
0.03486 2.6141 0.37641
0.035117 3.5224 0.42492
0.035376 3.1299 0.40595
0.035637 4.862 0.50127
0.035899 2.6647 0.36691
0.036164 3.5881 0.41657
0.03643 3.1501 0.41176
0.036699 3.1515 0.37424
0.036969 3.4987 0.4137
0.037241 3.628 0.41337
0.037516 2.5211 0.35475
0.037792 3.9986 0.4157
0.038071 2.8972 0.36257
0.038351 4.2496 0.44267
0.038634 3.329 0.36938
0.038919 4.3535 0.43007
0.039205 3.2698 0.37263
0.039494 4.5767 0.44492
0.039785 3.1178 0.34413
0.040079 4.4017 0.42397
0.040374 3.3199 0.35833
0.040671 3.0011 0.3586
0.040971 3.8385 0.37696
0.041273 3.3111 0.35591
0.041577 3.6046 0.364
0.041883 3.1806 0.34836
0.042192 3.8355 0.38105
0.042503 3.6682 0.35317
0.042816 3.9476 0.37232
0.043132 3.7428 0.35483
0.04345 2.9621 0.32751
0.04377 3.6952 0.35545
0.044092 3.2303 0.33042
0.044417 3.7524 0.35162
0.044744 2.8678 0.30104
0.045074 3.332 0.32888
0.045406 2.9428 0.30861
0.045741 3.004 0.30894
0.046078 2.9811 0.30704
0.046417 2.3397 0.27238
0.04676 3.0894 0.31013
0.047104 3.1967 0.30455
0.047451 2.3817 0.26368
0.047801 2.3391 0.26449
0.048153 2.6051 0.27608
0.048508 2.9564 0.28355
0.048865 2.731 0.27701
0.049225 2.2233 0.25309
0.049588 2.158 0.24424
0.049954 1.6686 0.22027
0.050322 2.1511 0.24741
0.050693 1.8113 0.22041
0.051066 1.4921 0.20653
0.051442 2.0844 0.2337
0.051821 1.5923 0.20735
0.052203 1.3858 0.19602
0.052588 1.5416 0.20125
0.052975 1.4177 0.19556
0.053366 1.7927 0.21198
0.053759 1.2676 0.18377
0.054155 1.2566 0.18175
0.054554 1.4352 0.18599
0.054956 1.2536 0.17908
0.055361 1.3403 0.18118
0.055769 1.172 0.17375
0.05618 1.0729 0.16466
0.056594 1.1308 0.16665
0.057011 0.76296 0.14427
0.057431 1.0892 0.16435
0.057854 0.88192 0.14938
0.058281 0.89968 0.15111
0.05871 1.1031 0.15907
0.059143 1.042 0.15525
0.059579 0.97701 0.15089
0.060018 0.88008 0.14283
0.06046 0.80008 0.13849
0.060905 0.93208 0.14392
0.061354 0.89118 0.14272
0.061806 0.68035 0.12913
0.062262 0.67133 0.12763
0.062721 0.51974 0.11666
0.063183 0.61267 0.12351
0.063648 0.7187 0.12693
0.064117 0.49332 0.11129
0.06459 0.67238 0.12185
0.065066 0.4598 0.10874
0.065545 0.5477 0.11478
0.066028 0.53608 0.11293
0.066515 0.43524 0.10405
0.067005 0.44222 0.10519
0.067499 0.67187 0.11916
0.067996 0.58591 0.11099
0.068497 0.75731 0.11873
0.069002 0.45275 0.10327
0.06951 0.66923 0.113
0.070023 0.51979 0.10423
0.070539 0.59781 0.10918
0.071058 0.60255 0.10642
0.071582 0.52189 0.10133
0.072109 0.50988 0.1016
0.072641 0.44625 0.096413
0.073176 0.43847 0.095602
0.073715 0.46817 0.096539
0.074258 0.50363 0.096721
0.074806 0.41663 0.092976
0.075357 0.28807 0.084129
0.075912 0.47708 0.094557
0.076472 0.40401 0.08815
0.077035 0.50339 0.094897
0.077603 0.33537 0.084508
0.078175 0.36262 0.085232
0.078751 0.70502 0.1021
0.079331 0.31886 0.081929
0.079916 0.45236 0.08845
0.080504 0.26582 0.077607
0.081098 0.59931 0.092576
0.081695 0.34577 0.082319
0.082297 0.47753 0.085736
0.082904 0.44612 0.084942
0.083515 0.46812 0.084127
0.08413 0.34007 0.078213
0.08475 0.51102 0.086697
0.085374 0.27279 0.073352
0.086004 0.43963 0.081808
0.086637 0.40912 0.078424
0.087276 0.31722 0.072925
0.087919 0.32573 0.074529
0.088567 0.17477 0.065401
0.089219 0.26729 0.069947
0.089877 0.43521 0.077131
0.090539 0.2848 0.069446
0.091206 0.27109 0.067673
0.091878 0.23168 0.06586
0.092555 0.27273 0.067953
0.093237 0.26107 0.065612
0.093924 0.17556 0.061157
0.094616 0.30565 0.068038
0.095314 0.22829 0.062946
0.096016 0.25807 0.06434
0.096724 0.3423 0.068576
0.097436 0.16269 0.059005
0.098154 0.3618 0.066809
0.098878 0.1266 0.05587
0.099606 0.26378 0.062958
0.10034 0.20205 0.058028
0.10108 0.18492 0.057746
0.10182 0.25408 0.060496
0.10257 0.17171 0.055734
0.10333 0.20987 0.058088
0.10409 0.17441 0.054968
0.10486 0.32315 0.062099
0.10563 0.13065 0.052221
0.10641 0.21967 0.056158
0.10719 0.20036 0.055177
0.10798 0.16143 0.052211
0.10878 0.18881 0.054218
0.10958 0.23308 0.05467
0.11039 0.15732 0.051705
0.1112 0.16809 0.051089
0.11202 0.15195 0.05087
0.11285 0.1057 0.04722
0.11368 0.23167 0.053256
0.11452 0.21266 0.051061
0.11536 0.095915 0.046596
0.11621 0.16087 0.0488
0.11707 0.16157 0.048438
0.11793 0.17542 0.048788
0.1188 0.22689 0.05046
0.11967 0.11631 0.045896
0.12056 0.21001 0.048899
0.12144 0.20654 0.048456
0.12234 0.16275 0.047007
0.12324 0.1713 0.046147
0.12415 0.19305 0.04704
0.12506 0.10249 0.043457
0.12598 0.13936 0.043785
0.12691 0.15142 0.044308
0.12785 0.2011 0.046205
0.12879 0.064343 0.040497
0.12974 0.069764 0.039747
0.1307 0.086032 0.040312
0.13166 0.13105 0.042177
0.13263 0.13291 0.041793
0.13361 0.22973 0.044823
0.13459 0.11394 0.04026
0.13558 0.24504 0.044611
0.13658 0.12947 0.040644
0.13759 0.13932 0.040105
0.1386 0.14209 0.040177
0.13962 0.11302 0.038854
0.14065 0.094444 0.037564
0.14169 0.097978 0.037715
0.14273 0.15396 0.039473
0.14378 0.095093 0.036838
0.14484 0.13189 0.038147
0.14591 0.14011 0.038095
0.14699 0.10242 0.036631
0.14807 0.072144 0.035054
0.14916 0.091974 0.03555
0.15026 0.16585 0.037645
0.15137 0.10687 0.035534
0.15248 0.15812 0.036804
0.15361 0.18524 0.037534
0.15474 0.067266 0.033344
0.15588 0.078174 0.033417
0.15703 0.12339 0.03465
0.15818 0.11662 0.034198
0.15935 0.10426 0.033602
0.16052 0.13273 0.03414
0.16171 0.11354 0.033514
0.1629 0.091413 0.032412
0.1641 0.1035 0.032637
0.16531 0.093963 0.03211
0.16653 0.10572 0.032103
0.16775 0.11335 0.032273
0.16899 0.11417 0.032056
0.17023 0.083014 0.030858
0.17149 0.059842 0.029792
0.17275 0.086368 0.030295
0.17403 0.073722 0.029848
0.17531 0.13636 0.031634
0.1766 0.10087 0.030121
0.1779 0.18418 0.032488
0.17921 0.097003 0.029541
0.18053 0.13465 0.030657
0.18186 0.095424 0.029122
0.1832 0.095771 0.029003
0.18455 0.058473 0.027718
0.18591 0.11511 0.029209
0.18728 0.065769 0.027376
0.18866 0.10142 0.028379
0.19005 0.092688 0.027715
0.19145 0.090016 0.027705
0.19286 0.11325 0.028062
0.19429 0.060527 0.026383
0.19572 0.092972 0.027326
