#
0.0050184 10.1 3.4597
0.0050554 18.485 5.1974
0.0050926 19.912 5.3936
0.0051301 14.764 4.158
0.0051679 12.227 3.465
0.005206 5.5566 4.0774
0.0052444 11.253 8.1546
0.005283 NaN NaN
0.005322 7.4952 3.8441
0.0053612 15.542 4.781
0.0054007 15.147 3.844
0.0054405 10.718 2.5134
0.0054806 6.4611 2.5427
0.005521 11.266 3.3291
0.0055616 13.535 3.9949
0.0056026 5.5307 2.5788
0.0056439 7.4686 2.7182
0.0056855 3.5848 2.7184
0.0057274 8.3299 4.9937
0.0057696 14.196 4.5585
0.0058121 11.248 4.0773
0.0058549 11.304 2.7182
0.0058981 3.5848 2.7184
0.0059416 9.8412 3.814
0.0059853 7.1399 2.4713
0.0060294 8.3798 4.9937
0.0060739 5.9641 1.6597
0.0061186 18.495 5.1974
0.0061637 14.198 3.2233
0.0062091 6.7748 2.125
0.0062549 6.6321 2.8249
0.006301 14.136 6.4467
0.0063474 4.7935 1.9071
0.0063942 7.018 3.2234
0.0064413 -0.28903 NaN
0.0064888 2.6338 2.8834
0.0065366 5.9626 1.6597
0.0065847 6.4528 1.798
0.0066333 3.9071 1.4828
0.0066821 5.5324 2.1795
0.0067314 6.6679 2.8249
0.006781 4.3975 2.3066
0.006831 8.3798 3.5311
0.0068813 6.9109 2.2793
0.006932 8.7931 2.7321
0.0069831 9.4238 4.2978
0.0070345 6.3476 2.3299
0.0070864 5.1452 1.3958
0.0071386 5.0243 1.6577
0.0071912 9.4172 4.2978
0.0072442 4.0852 1.7656
0.0072976 5.5201 1.9221
0.0073513 8.3964 2.0387
0.0074055 4.7387 1.9071
0.0074601 0.88209 1.1537
0.0075151 5.4869 4.0775
0.0075704 4.2764 1.6952
0.0076262 3.8466 1.3025
0.0076824 8.65 2.1613
0.007739 5.5312 1.9221
0.0077961 3.1514 1.0727
0.0078535 2.1579 1.427
0.0079114 2.6762 1.4417
0.0079697 1.6828 1.9224
0.0080284 4.3576 2.3066
0.0080876 4.6581 1.4711
0.0081471 5.1782 1.3568
0.0082072 3.9306 1.4828
0.0082677 5.5239 1.5411
0.0083286 3.9415 1.4827
0.00839 1.6529 1.3594
0.0084518 6.8036 2.125
0.0085141 4.1823 1.4027
0.0085768 3.8565 1.3025
0.00864 6.7118 2.8249
0.0087037 6.5388 1.8901
0.0087678 4.4963 1.2692
0.0088324 2.6737 0.96111
0.0088975 4.4054 1.631
0.0089631 3.4746 1.2357
0.0090291 3.785 1.5257
0.0090956 2.3871 1.1723
0.0091627 -0.22923 NaN
0.0092302 3.3636 1.0514
0.0092982 2.6429 0.83236
0.0093667 4.4444 1.2995
0.0094357 6.9284 3.2235
0.0095053 3.958 1.1356
0.0095753 2.3102 1.2815
0.0096459 4.7593 1.3861
0.0097169 0.7085 0.67983
0.0097885 2.7554 0.91078
0.0098607 1.9031 0.88291
0.0099333 2.3257 1.2815
0.010007 3.9091 0.97861
0.01008 1.5278 0.80603
0.010155 1.4687 0.99895
0.010229 2.1433 1.0746
0.010305 3.3271 1.1397
0.010381 1.1034 0.67857
0.010457 1.6854 0.66548
0.010534 2.087 0.78642
0.010612 1.1649 1.0196
0.01069 2.6114 1.0195
0.010769 2.4184 1.0172
0.010848 4.1435 1.0984
0.010928 2.4885 0.86841
0.011009 1.8373 0.69205
0.01109 1.9539 0.99198
0.011171 2.4942 0.8684
0.011254 2.6183 0.96115
0.011337 1.83 0.92111
0.01142 3.1816 0.94508
0.011504 1.9211 0.65957
0.011589 1.245 0.61426
0.011675 2.47 0.91057
0.011761 1.3148 0.7165
0.011847 1.8285 1.0486
0.011935 1.7859 0.65135
0.012023 1.1587 0.50982
0.012111 2.0532 0.81559
0.0122 3.8518 1.0635
0.01229 1.8584 0.74145
0.012381 2.8757 0.86635
0.012472 1.8267 0.74147
0.012564 1.9447 0.70144
0.012657 1.4441 0.60419
0.01275 1.9396 0.65956
0.012844 0.71294 0.55508
0.012938 1.7222 0.66546
0.013034 0.49728 0.43447
0.01313 1.5877 0.49044
0.013227 1.8845 0.67546
0.013324 1.4309 0.75863
0.013422 1.3748 0.58262
0.013521 1.4677 0.70637
0.013621 1.4662 0.49948
0.013721 1.8036 0.61702
0.013822 1.8094 0.69207
0.013924 0.71515 0.3925
0.014027 2.6189 1.0195
0.01413 1.6723 0.55496
0.014234 0.66755 0.37185
0.014339 -0.11246 0.1563
0.014445 1.0244 0.52328
0.014551 0.42039 0.47998
0.014658 2.4559 0.56443
0.014766 2.6427 0.67963
0.014875 1.2199 0.52625
0.014985 1.9658 0.64446
0.015095 2.303 0.64078
0.015206 1.2818 0.50891
0.015319 1.4474 0.48729
0.015431 2.0278 0.54374
0.015545 0.93678 0.44885
0.01566 1.2099 0.5652
0.015775 1.4377 0.4873
0.015891 1.4356 0.43799
0.016008 1.1961 0.5098
0.016126 1.7098 0.54722
0.016245 1.9485 0.61159
0.016365 0.71285 0.32653
0.016486 1.1385 0.44487
0.016607 0.97514 0.37512
0.016729 1.6682 0.60793
0.016853 1.2273 0.43436
0.016977 1.5615 0.45235
0.017102 1.8865 0.51693
0.017228 0.96759 0.46246
0.017355 1.2283 0.38515
0.017483 1.0618 0.39855
0.017612 1.2989 0.44399
0.017741 1.5153 0.45586
0.017872 0.97659 0.38809
0.018004 0.062967 0.20411
0.018136 0.81982 0.31223
0.01827 1.0427 0.41455
0.018405 0.3389 0.30371
0.01854 1.292 0.34857
0.018677 1.5644 0.46535
0.018815 1.5089 0.44366
0.018953 0.90473 0.35429
0.019093 1.764 0.44049
0.019234 1.4514 0.39282
0.019375 0.86544 0.35079
0.019518 1.2169 0.40777
0.019662 0.74191 0.27732
0.019807 0.90518 0.33868
0.019953 1.7689 0.47979
0.0201 0.67361 0.28137
0.020248 0.87531 0.30399
0.020397 2.5139 0.50948
0.020547 0.96037 0.35055
0.020699 1.6906 0.40676
0.020851 1.5729 0.36503
0.021005 1.4087 0.40306
0.02116 1.2648 0.35987
0.021316 0.87835 0.28138
0.021473 1.8199 0.43218
0.021631 1.7023 0.39795
0.02179 1.088 0.32578
0.021951 1.453 0.33927
0.022113 1.3444 0.36972
0.022276 0.98757 0.31914
0.02244 1.4512 0.32021
0.022605 1.6051 0.41602
0.022772 1.3638 0.33733
0.02294 1.4446 0.32576
0.023109 1.5433 0.35433
0.023279 1.1728 0.35495
0.02345 1.4156 0.31464
0.023623 1.0214 0.28121
0.023797 1.8891 0.42011
0.023973 1.8641 0.34517
0.024149 1.3612 0.32403
0.024327 1.5133 0.33538
0.024507 1.6337 0.34715
0.024687 1.6882 0.32341
0.024869 1.1673 0.31097
0.025052 2.1709 0.36157
0.025237 1.0139 0.28348
0.025423 1.787 0.35031
0.02561 1.3461 0.29195
0.025799 1.9269 0.34194
0.025989 1.1449 0.30736
0.026181 2.0205 0.33226
0.026373 2.0665 0.35098
0.026568 2.2918 0.37301
0.026764 2.0204 0.33433
0.026961 1.7887 0.32744
0.027159 2.4026 0.38086
0.02736 2.114 0.32352
0.027561 1.9388 0.35312
0.027764 1.834 0.29906
0.027969 2.0973 0.34382
0.028175 1.2727 0.26722
0.028383 1.5935 0.29768
0.028592 2.6155 0.3633
0.028802 2.0558 0.3224
0.029015 2.6774 0.34707
0.029228 2.8594 0.38404
0.029444 1.8378 0.29084
0.029661 2.1319 0.31374
0.029879 1.9505 0.31541
0.0301 2.8144 0.34148
0.030321 2.4348 0.35691
0.030545 2.0181 0.28482
0.03077 2.6161 0.33984
0.030997 2.5366 0.34208
0.031225 2.5291 0.30721
0.031455 2.3511 0.32933
0.031687 2.5745 0.3109
0.03192 2.6266 0.33298
0.032156 2.202 0.29725
0.032393 3.1435 0.33925
0.032631 3.1108 0.35011
0.032872 3.0882 0.3331
0.033114 2.8943 0.32927
0.033358 3.1551 0.34126
0.033604 3.1856 0.33328
0.033851 2.5458 0.29421
0.034101 2.9963 0.34681
0.034352 3.0263 0.30265
0.034605 3.0802 0.33337
0.03486 2.9605 0.31072
0.035117 3.8965 0.34939
0.035376 3.0684 0.31462
0.035637 3.1652 0.32294
0.035899 3.4649 0.32287
0.036164 3.2335 0.31124
0.03643 2.679 0.29896
0.036699 2.9439 0.28382
0.036969 3.4655 0.32287
0.037241 3.4264 0.31576
0.037516 3.3671 0.31553
0.037792 3.876 0.32167
0.038071 3.9837 0.32832
0.038351 2.9278 0.29263
0.038634 3.2928 0.28788
0.038919 3.7987 0.31738
0.039205 3.7456 0.31054
0.039494 3.4047 0.30488
0.039785 4.0915 0.30547
0.040079 3.8111 0.31165
0.040374 3.8365 0.30022
0.040671 3.4844 0.30044
0.040971 3.6941 0.29083
0.041273 4.4425 0.31986
0.041577 4.2025 0.30687
0.041883 3.2402 0.27494
0.042192 3.6721 0.2931
0.042503 3.7104 0.27856
0.042816 3.7388 0.28504
0.043132 3.5314 0.27096
0.04345 3.8203 0.28792
0.04377 3.248 0.26278
0.044092 3.3419 0.26256
0.044417 3.6668 0.27296
0.044744 3.4762 0.25699
0.045074 2.9961 0.24525
0.045406 3.638 0.26594
0.045741 3.4177 0.25629
0.046078 3.3939 0.25471
0.046417 3.112 0.24104
0.04676 3.0483 0.2412
0.047104 3.4376 0.24649
0.047451 2.8785 0.22368
0.047801 3.0692 0.23263
0.048153 3.2625 0.23855
0.048508 2.9125 0.22012
0.048865 2.447 0.2056
0.049225 2.8496 0.21987
0.049588 2.6561 0.20813
0.049954 2.2575 0.19376
0.050322 2.4011 0.20178
0.050693 2.3183 0.18991
0.051066 2.1032 0.18422
0.051442 2.0465 0.17974
0.051821 2.1756 0.18308
0.052203 1.9147 0.17264
0.052588 2.0498 0.17522
0.052975 2.0426 0.17553
0.053366 1.6783 0.15895
0.053759 1.6718 0.15771
0.054155 1.9609 0.16797
0.054554 1.5998 0.14932
0.054956 1.8109 0.15977
0.055361 1.8749 0.16001
0.055769 2.1442 0.17147
0.05618 2.5064 0.17977
0.056594 3.5366 0.20925
0.057011 3.9658 0.21887
0.057431 4.7937 0.24123
0.057854 4.8998 0.23839
0.058281 4.6942 0.2349
0.05871 4.6736 0.22925
0.059143 3.5545 0.20128
0.059579 2.809 0.17955
0.060018 1.958 0.15014
0.06046 1.2103 0.1221
0.060905 1.2227 0.12123
0.061354 0.81889 0.10393
0.061806 0.89076 0.10597
0.062262 0.81251 0.10161
0.062721 0.92724 0.10529
0.063183 0.71372 0.096325
0.063648 0.64227 0.090824
0.064117 0.59677 0.086776
0.06459 0.73054 0.093391
0.065066 0.74802 0.093763
0.065545 0.70855 0.09226
0.066028 0.8627 0.098556
0.066515 0.77627 0.092114
0.067005 0.79008 0.093472
0.067499 0.57171 0.083587
0.067996 0.79635 0.091575
0.068497 0.53765 0.078519
0.069002 0.63261 0.084216
0.06951 0.56408 0.079024
0.070023 0.52639 0.076709
0.070539 0.72369 0.08636
0.071058 0.71041 0.083508
0.071582 0.69731 0.082372
0.072109 0.68789 0.082667
0.072641 0.74052 0.083562
0.073176 0.72476 0.082566
0.073715 0.74371 0.082722
0.074258 0.7251 0.080518
0.074806 0.58836 0.075424
0.075357 0.68214 0.078429
0.075912 0.67971 0.077914
0.076472 0.61812 0.073512
0.077035 0.74662 0.07981
0.077603 0.80154 0.080891
0.078175 0.69063 0.075728
0.078751 0.67802 0.074938
0.079331 1.0852 0.08918
0.079916 1.3128 0.095814
0.080504 1.7331 0.10759
0.081098 2.2472 0.11713
0.081695 2.215 0.1194
0.082297 2.2918 0.11641
0.082904 1.9817 0.11059
0.083515 1.5078 0.095694
0.08413 0.99451 0.08127
0.08475 0.87751 0.077188
0.085374 0.72729 0.070711
0.086004 0.68179 0.069216
0.086637 0.71099 0.068428
0.087276 0.69887 0.067354
0.087919 0.66156 0.066907
0.088567 0.61539 0.064328
0.089219 0.72556 0.067852
0.089877 0.63878 0.063828
0.090539 0.64957 0.063793
0.091206 0.54507 0.05928
0.091878 0.54864 0.059601
0.092555 0.57254 0.060221
0.093237 0.65877 0.061842
0.093924 0.58604 0.059119
0.094616 0.57451 0.059043
0.095314 0.62427 0.059629
0.096016 0.67336 0.061026
0.096724 0.72809 0.063068
0.097436 0.93281 0.068607
0.098154 1.2779 0.075813
0.098878 2.1318 0.095424
0.099606 3.0938 0.11276
0.10034 3.1085 0.11015
0.10108 2.7197 0.10437
0.10182 1.9713 0.089291
0.10257 1.312 0.073869
0.10333 0.85101 0.062514
0.10409 0.66534 0.055603
0.10486 0.58473 0.053498
0.10563 0.59697 0.053039
0.10641 0.59005 0.052558
0.10719 0.62013 0.053443
0.10798 0.62694 0.052391
0.10878 0.48973 0.04882
0.10958 0.47354 0.046945
0.11039 0.43543 0.046139
0.1112 0.60875 0.050428
0.11202 0.54666 0.049203
0.11285 0.44184 0.044483
0.11368 0.47412 0.045894
0.11452 0.52246 0.046161
0.11536 0.41531 0.043451
0.11621 0.47807 0.044713
0.11707 0.34156 0.040028
0.11793 0.40655 0.04194
0.1188 0.42325 0.041979
0.11967 0.37243 0.040564
0.12056 0.36603 0.03949
0.12144 0.36671 0.039291
0.12234 0.39272 0.040403
0.12324 0.46258 0.041433
0.12415 0.34182 0.037775
0.12506 0.34733 0.038143
0.12598 0.35519 0.037316
0.12691 0.41504 0.039176
0.12785 0.46031 0.040309
0.12879 0.45387 0.039995
0.12974 0.52832 0.041267
0.1307 0.42722 0.038318
0.13166 0.41527 0.037936
0.13263 0.37319 0.036377
0.13361 0.39283 0.036444
0.13459 0.41488 0.036901
0.13558 0.38266 0.035554
0.13658 0.29313 0.033156
0.13759 0.41459 0.035926
0.1386 0.4248 0.036099
0.13962 0.44678 0.036488
0.14065 0.51337 0.037682
0.14169 0.54945 0.038443
0.14273 0.50476 0.037139
0.14378 0.49463 0.036442
0.14484 0.39384 0.033779
0.14591 0.42171 0.034198
0.14699 0.40472 0.033681
0.14807 0.41371 0.033523
0.14916 0.46033 0.034415
0.15026 0.45953 0.034009
0.15137 0.49279 0.034717
0.15248 0.68114 0.038398
0.15361 0.6328 0.037234
0.15474 0.61661 0.036609
0.15588 0.556 0.03509
0.15703 0.41702 0.03159
0.15818 0.46763 0.032559
0.15935 0.45175 0.032006
0.16052 0.43709 0.031301
0.16171 0.47528 0.03208
0.1629 0.48343 0.032008
0.1641 0.43956 0.030805
0.16531 0.48037 0.031528
0.16653 0.38662 0.02909
0.16775 0.41093 0.029506
0.16899 0.43111 0.029729
0.17023 0.40539 0.029006
0.17149 0.42101 0.029076
0.17275 0.3773 0.027808
0.17403 0.39345 0.028082
0.17531 0.46832 0.02951
0.1766 0.41899 0.028088
0.1779 0.34705 0.026462
0.17921 0.36683 0.026581
0.18053 0.32163 0.025548
0.18186 0.35428 0.025965
0.1832 0.35231 0.025792
0.18455 0.32662 0.02508
0.18591 0.31181 0.024568
0.18728 0.32034 0.024474
0.18866 0.32663 0.024571
0.19005 0.30423 0.023713
0.19145 0.32716 0.024257
0.19286 0.27409 0.022838
0.19429 0.30591 0.023374
0.19572 0.26065 0.022363
