#
0.0050184 19.33 5.9595
0.0050554 15.326 5.9426
0.0050926 8.5647 4.4923
0.0051301 8.6299 4.018
0.0051679 10.067 3.9618
0.005206 13.15 7.7807
0.0052444 17.533 12.706
0.005283 NaN NaN
0.005322 5.6891 4.2354
0.0053612 1.7568 2.2468
0.0054007 11.621 4.2353
0.0054405 21.192 4.4014
0.0054806 20.548 5.6027
0.005521 10.067 3.9618
0.0055616 19.293 5.9595
0.0056026 10.414 4.4015
0.0056439 20.621 5.6026
0.0056855 17.564 7.3357
0.0057274 12.979 7.7808
0.0057696 1.9043 2.2466
0.0058121 13.033 5.5018
0.0058549 10.625 3.3109
0.0058981 11.575 5.9897
0.0059416 8.5957 4.4923
0.0059853 18.825 4.9709
0.0060294 26.533 11.003
0.0060739 12.748 3.0125
0.0061186 22.079 7.1027
0.0061637 9.7692 3.3692
0.0062091 8.5595 2.9949
0.0062549 3.1463 2.5416
0.006301 -0.43482 NaN
0.0063474 7.4689 2.9714
0.0063942 17.673 6.3528
0.0064413 4.0416 4.4928
0.0064888 13.088 7.7807
0.0065366 11.364 2.8495
0.0065847 4.0649 1.8341
0.0066333 9.3546 2.8294
0.0066821 7.3367 3.144
0.0067314 4.999 3.1125
0.006781 3.2582 2.5415
0.006831 4.0727 3.1768
0.0068813 8.522 3.1766
0.006932 8.5669 3.3959
0.0069831 8.6941 5.1872
0.0070345 8.6068 3.3959
0.0070864 9.1398 2.3153
0.0071386 7.0117 2.4504
0.0071912 2.6944 2.9952
0.0072442 8.6113 3.1765
0.0072976 7.6027 2.8236
0.0073513 3.3499 1.6744
0.0074055 4.0145 2.2464
0.0074601 6.7648 3.594
0.0075151 13.041 7.7808
0.0075704 1.6721 1.4121
0.0076262 4.0683 1.6981
0.0076824 7.7607 2.5829
0.007739 4.6253 2.2324
0.0077961 7.5525 2.0469
0.0078535 2.0788 1.8156
0.0079114 9.7848 3.3692
0.0079697 5.6166 4.2355
0.0080284 1.3992 1.7975
0.0080876 7.2578 2.2922
0.0081471 9.6536 2.3037
0.0082072 4.491 2.0009
0.0082677 4.1149 1.6981
0.0083286 6.9581 2.4504
0.00839 4.0727 2.5939
0.0084518 7.6062 2.8236
0.0085141 3.7523 1.6931
0.0085768 5.3672 1.9254
0.00864 6.8642 3.5939
0.0087037 10.188 2.945
0.0087678 3.835 1.495
0.0088324 3.1677 1.3207
0.0088975 4.169 2.0091
0.0089631 2.847 1.4352
0.0090291 2.3039 1.5565
0.0090956 4.5361 2.0008
0.0091627 4.1348 4.4926
0.0092302 4.7681 1.5685
0.0092982 6.364 1.5883
0.0093667 2.4329 1.2558
0.0094357 6.3032 3.8906
0.0095053 3.3299 1.3377
0.0095753 9.5888 3.1569
0.0096459 9.8112 2.4696
0.0097169 1.8526 1.2971
0.0097885 3.0098 1.2103
0.0098607 5.2112 1.7758
0.0099333 6.6183 2.6413
0.010007 3.5753 1.1921
0.01008 2.942 1.3757
0.010155 1.3899 1.271
0.010229 2.5909 1.4977
0.010305 3.4996 1.4859
0.010381 1.7193 1.0573
0.010457 2.2805 0.97763
0.010534 2.8434 1.1553
0.010612 4.0611 2.2464
0.01069 3.5073 1.4859
0.010769 1.3723 1.0378
0.010848 4.3169 1.4191
0.010928 3.0217 1.2103
0.011009 4.6596 1.3448
0.01109 1.6623 1.1974
0.011171 2.1749 1.0482
0.011254 2.5823 1.2229
0.011337 2.8514 1.4352
0.01142 3.3238 1.2253
0.011504 3.3031 1.0734
0.011589 1.9399 0.95708
0.011675 3.8486 1.4188
0.011761 2.0487 1.1164
0.011847 5.2992 2.1611
0.011935 1.4992 0.78624
0.012023 2.0861 0.84251
0.012111 1.8516 1.0048
0.0122 3.4347 1.2837
0.01229 0.44544 0.57797
0.012381 2.9834 1.1232
0.012472 0.80439 0.70773
0.012564 3.7212 1.1972
0.012657 2.5829 0.99847
0.01275 2.4026 0.92961
0.012844 0.61172 0.70633
0.012938 1.9923 0.9145
0.013034 1.9467 0.95708
0.01313 2.2697 0.73638
0.013227 2.9363 1.0524
0.013324 2.2295 1.182
0.013422 2.142 0.90779
0.013521 2.736 1.1887
0.013621 2.2845 0.77825
0.013721 1.9408 0.81994
0.013822 1.7412 0.88055
0.013924 1.863 0.7489
0.014027 0.71148 0.79459
0.01413 1.3578 0.66052
0.014234 2.4587 0.81918
0.014339 3.2242 0.9406
0.014445 0.93066 0.66584
0.014551 0.65501 0.74787
0.014658 2.7265 0.75613
0.014766 2.3707 0.82789
0.014875 2.7701 0.96141
0.014985 2.7731 0.96141
0.015095 0.84316 0.55834
0.015206 3.5827 1.0236
0.015319 2.2553 0.75926
0.015431 1.5623 0.63158
0.015545 1.4596 0.69937
0.01566 2.8834 1.0525
0.015775 1.5828 0.6576
0.015891 0.82752 0.46634
0.016008 1.0214 0.62808
0.016126 1.4819 0.66896
0.016245 2.5074 0.87659
0.016365 0.60217 0.41551
0.016486 0.89735 0.53704
0.016607 3.1048 0.78797
0.016729 2.0003 0.84728
0.016853 2.4982 0.75662
0.016977 2.4331 0.70481
0.017102 2.7441 0.7814
0.017228 0.69087 0.54484
0.017355 2.3785 0.65735
0.017483 1.6545 0.62099
0.017612 1.8241 0.66235
0.017741 2.1777 0.68622
0.017872 2.6686 0.76478
0.018004 2.8484 0.77808
0.018136 2.9619 0.68785
0.01827 1.8289 0.67743
0.018405 2.6559 0.85265
0.01854 1.0418 0.42078
0.018677 2.8118 0.77188
0.018815 2.0055 0.64665
0.018953 2.0752 0.64455
0.019093 1.5506 0.54008
0.019234 2.5422 0.64345
0.019375 1.694 0.5987
0.019518 1.3676 0.55729
0.019662 1.0362 0.41517
0.019807 2.0195 0.60928
0.019953 2.2277 0.68246
0.0201 2.1065 0.57606
0.020248 1.4904 0.49027
0.020397 1.1637 0.48083
0.020547 1.8116 0.58994
0.020699 0.78441 0.3966
0.020851 1.9959 0.5213
0.021005 2.6518 0.68115
0.02116 2.6314 0.63378
0.021316 2.6834 0.57989
0.021473 2.4145 0.62795
0.021631 1.2605 0.45643
0.02179 1.4491 0.47684
0.021951 2.1582 0.51795
0.022113 1.1698 0.45789
0.022276 2.5655 0.61567
0.02244 1.798 0.4539
0.022605 1.3416 0.50218
0.022772 1.2484 0.42452
0.02294 1.9579 0.47855
0.023109 2.1881 0.53044
0.023279 1.5509 0.51735
0.02345 1.6499 0.43458
0.023623 2.4517 0.52364
0.023797 2.8151 0.64188
0.023973 1.7706 0.43628
0.024149 2.4238 0.5343
0.024327 1.963 0.48382
0.024507 1.0645 0.38257
0.024687 1.7907 0.42828
0.024869 2.2416 0.52864
0.025052 2.0391 0.4523
0.025237 1.7772 0.46323
0.025423 1.5677 0.42902
0.02561 1.7707 0.42455
0.025799 2.836 0.51963
0.025989 1.6795 0.46737
0.026181 2.6196 0.47761
0.026373 3.055 0.53429
0.026568 2.469 0.49435
0.026764 2.2265 0.44788
0.026961 1.5618 0.40028
0.027159 1.7941 0.43233
0.02736 2.1279 0.4173
0.027561 1.9638 0.45784
0.027764 3.0572 0.48001
0.027969 2.096 0.44207
0.028175 1.8381 0.40355
0.028383 3.4481 0.53554
0.028592 2.5778 0.46223
0.028802 2.2978 0.43507
0.029015 3.216 0.48118
0.029228 2.4668 0.46002
0.029444 2.9264 0.4575
0.029661 3.0009 0.4673
0.029879 2.4775 0.44956
0.0301 3.3211 0.46926
0.030321 2.9836 0.49959
0.030545 2.6452 0.4114
0.03077 2.5164 0.42786
0.030997 3.171 0.48294
0.031225 2.9364 0.41958
0.031455 3.4047 0.49659
0.031687 3.2139 0.43849
0.03192 3.0742 0.45626
0.032156 3.3187 0.45629
0.032393 3.9995 0.48158
0.032631 2.5154 0.4062
0.032872 4.6568 0.51125
0.033114 3.7074 0.46938
0.033358 3.64 0.46356
0.033604 3.7589 0.45737
0.033851 3.4862 0.4325
0.034101 3.8046 0.49218
0.034352 3.1527 0.39313
0.034605 4.6435 0.51158
0.03486 2.9749 0.39716
0.035117 4.1001 0.45388
0.035376 3.2063 0.40912
0.035637 4.6466 0.48952
0.035899 3.8285 0.42964
0.036164 4.2174 0.4469
0.03643 3.6066 0.43607
0.036699 4.3515 0.43166
0.036969 3.2624 0.39983
0.037241 4.7903 0.4679
0.037516 4.2622 0.44677
0.037792 4.2112 0.42438
0.038071 3.7926 0.40759
0.038351 4.729 0.46355
0.038634 3.821 0.39186
0.038919 4.6408 0.44164
0.039205 3.9642 0.40502
0.039494 4.9883 0.46166
0.039785 3.8698 0.37797
0.040079 3.9332 0.40168
0.040374 4.4687 0.40873
0.040671 4.5269 0.43036
0.040971 4.7872 0.41591
0.041273 3.3278 0.35568
0.041577 4.3758 0.39639
0.041883 3.9045 0.3808
0.042192 4.4962 0.40848
0.042503 2.7658 0.31069
0.042816 3.8322 0.36631
0.043132 4.4168 0.38146
0.04345 3.2948 0.34229
0.04377 4.0452 0.36932
0.044092 3.6301 0.34704
0.044417 4.1467 0.36686
0.044744 3.542 0.32966
0.045074 3.2858 0.3259
0.045406 3.5209 0.3332
0.045741 2.8771 0.30226
0.046078 3.878 0.34427
0.046417 2.7031 0.28896
0.04676 3.1833 0.31337
0.047104 3.3081 0.30833
0.047451 2.9418 0.2882
0.047801 3.6938 0.32223
0.048153 2.8432 0.28594
0.048508 2.6789 0.27078
0.048865 2.6925 0.27449
0.049225 2.6477 0.27194
0.049588 2.7721 0.27114
0.049954 2.2171 0.24689
0.050322 2.116 0.24496
0.050693 1.9982 0.22882
0.051066 2.3807 0.2496
0.051442 2.0298 0.23042
0.051821 1.9279 0.22348
0.052203 1.6354 0.20861
0.052588 2.0732 0.22645
0.052975 1.5563 0.20222
0.053366 1.905 0.21665
0.053759 2.0232 0.22071
0.054155 1.1509 0.17528
0.054554 1.4464 0.18596
0.054956 1.4583 0.18919
0.055361 1.2959 0.1783
0.055769 1.681 0.19926
0.05618 1.2857 0.1755
0.056594 1.3047 0.17525
0.057011 1.2533 0.17125
0.057431 1.5319 0.18648
0.057854 1.0145 0.15632
0.058281 1.1899 0.16648
0.05871 1.23 0.16505
0.059143 1.0201 0.15356
0.059579 1.0047 0.15188
0.060018 0.98665 0.14817
0.06046 0.74854 0.13503
0.060905 1.1601 0.15528
0.061354 0.77752 0.13586
0.061806 0.88862 0.14038
0.062262 0.66784 0.12697
0.062721 0.76346 0.13054
0.063183 0.93467 0.14108
0.063648 0.6721 0.12382
0.064117 0.72401 0.12433
0.06459 0.62747 0.11884
0.065066 0.72975 0.12413
0.065545 0.87216 0.1323
0.066028 0.61438 0.11712
0.066515 0.63666 0.11535
0.067005 0.64743 0.1168
0.067499 0.61605 0.11562
0.067996 0.75666 0.11979
0.068497 0.9341 0.127
0.069002 0.51264 0.10644
0.06951 0.79601 0.11908
0.070023 0.63366 0.11005
0.070539 0.49997 0.10331
0.071058 0.47537 0.099036
0.071582 0.59704 0.10501
0.072109 0.52981 0.10233
0.072641 0.48762 0.098368
0.073176 0.43619 0.095105
0.073715 0.72163 0.10932
0.074258 0.39794 0.090529
0.074806 0.57142 0.10098
0.075357 0.57257 0.099627
0.075912 0.54514 0.097771
0.076472 0.43093 0.089278
0.077035 0.56011 0.097462
0.077603 0.54558 0.095444
0.078175 0.4831 0.091329
0.078751 0.63595 0.098511
0.079331 0.53847 0.093181
0.079916 0.44089 0.087516
0.080504 0.56438 0.093202
0.081098 0.5022 0.087626
0.081695 0.5595 0.092961
0.082297 0.35916 0.079468
0.082904 0.43527 0.084069
0.083515 0.23933 0.071931
0.08413 0.3383 0.077807
0.08475 0.34477 0.078104
0.085374 0.35835 0.07754
0.086004 0.46939 0.082946
0.086637 0.24121 0.06955
0.087276 0.41224 0.077342
0.087919 0.32403 0.074141
0.088567 0.43305 0.078437
0.089219 0.30254 0.071486
0.089877 0.26922 0.068717
0.090539 0.3604 0.07289
0.091206 0.25588 0.06661
0.091878 0.24435 0.066248
0.092555 0.23038 0.065502
0.093237 0.36456 0.070338
0.093924 0.21999 0.063207
0.094616 0.26465 0.065745
0.095314 0.26501 0.064503
0.096016 0.17561 0.059921
0.096724 0.30902 0.066748
0.097436 0.18038 0.059667
0.098154 0.27807 0.062759
0.098878 0.23901 0.061334
0.099606 0.2624 0.062631
0.10034 0.16161 0.055773
0.10108 0.28102 0.062082
0.10182 0.18019 0.056717
0.10257 0.22512 0.058043
0.10333 0.19227 0.056994
0.10409 0.23104 0.057369
0.10486 0.17805 0.055267
0.10563 0.2074 0.055664
0.10641 0.20318 0.055159
0.10719 0.23511 0.056532
0.10798 0.18974 0.053286
0.10878 0.087791 0.049078
0.10958 0.18459 0.05229
0.11039 0.19033 0.053002
0.1112 0.17641 0.051238
0.11202 0.13222 0.049712
0.11285 0.21646 0.051983
0.11368 0.1987 0.051601
0.11452 0.22016 0.051159
0.11536 0.18369 0.050381
0.11621 0.26676 0.053032
0.11707 0.26626 0.052605
0.11793 0.18703 0.049069
0.1188 0.15274 0.04716
0.11967 0.2226 0.05024
0.12056 0.098926 0.04398
0.12144 0.11982 0.044612
0.12234 0.21717 0.04904
0.12324 0.11051 0.043396
0.12415 0.19953 0.047094
0.12506 0.13603 0.044699
0.12598 0.12075 0.042817
0.12691 0.2405 0.047601
0.12785 0.10441 0.042119
0.12879 0.17999 0.045062
0.12974 0.1001 0.040843
0.1307 0.20362 0.044792
0.13166 0.16728 0.043408
0.13263 0.23792 0.045582
0.13361 0.1383 0.0412
0.13459 0.18038 0.042639
0.13558 0.14083 0.040601
0.13658 0.1761 0.042236
0.13759 0.18416 0.041596
0.1386 0.066127 0.037028
0.13962 0.08563 0.037605
0.14065 0.14915 0.039456
0.14169 0.14057 0.039135
0.14273 0.13605 0.038641
0.14378 0.10295 0.036962
0.14484 0.14499 0.038446
0.14591 0.10957 0.036815
0.14699 0.15045 0.038196
0.14807 0.18528 0.038932
0.14916 0.10967 0.036026
0.15026 0.13183 0.036302
0.15137 0.09364 0.034892
0.15248 0.17711 0.037277
0.15361 0.17444 0.037013
0.15474 0.16329 0.036503
0.15588 0.053872 0.032374
0.15703 0.15554 0.035567
0.15818 0.037412 0.031236
0.15935 0.15849 0.035247
0.16052 0.074013 0.031999
0.16171 0.10411 0.033045
0.1629 0.095309 0.032392
0.1641 0.14376 0.03379
0.16531 0.042436 0.030197
0.16653 0.092685 0.031527
0.16775 0.13534 0.032819
0.16899 0.14593 0.032899
0.17023 0.10262 0.031344
0.17149 0.12055 0.031599
0.17275 0.070473 0.029639
0.17403 0.10587 0.030723
0.17531 0.073225 0.029533
0.1766 0.085616 0.029508
0.1779 0.14289 0.031154
0.17921 0.087535 0.029113
0.18053 0.12147 0.030131
0.18186 0.11237 0.029491
0.1832 0.074573 0.028227
0.18455 0.070075 0.027938
0.18591 0.044265 0.02696
0.18728 0.052284 0.026834
0.18866 0.073032 0.027411
0.19005 0.12389 0.028467
0.19145 0.099097 0.027836
0.19286 0.084779 0.027132
0.19429 0.069398 0.026512
0.19572 0.075822 0.026715
