#
0.0050184 9.0394 3.8457
0.0050554 13.391 5.1922
0.0050926 15.333 5.5506
0.0051301 13.82 4.7099
0.0051679 10.104 3.7005
0.005206 11.489 6.7981
0.0052444 7.4696 7.8501
0.005283 NaN NaN
0.005322 10.204 5.2332
0.0053612 13.309 5.1922
0.0054007 8.8456 3.4615
0.0054405 11.451 3.0402
0.0054806 8.7959 3.4615
0.005521 15.337 4.5321
0.0055616 13.717 4.7099
0.0056026 7.5293 3.5106
0.0056439 3.6262 2.2662
0.0056855 7.4967 4.5322
0.0057274 7.4153 5.5509
0.0057696 19.325 6.2057
0.0058121 15.312 5.5506
0.0058549 9.2832 2.8928
0.0058981 7.4967 4.5322
0.0059416 3.5855 2.7756
0.0059853 8.5987 3.1719
0.0060294 15.333 7.8498
0.0060739 5.7041 1.9096
0.0061186 13.404 5.1922
0.0061637 6.5732 2.5962
0.0062091 8.3508 2.7582
0.0062549 5.8888 3.1401
0.006301 27.093 10.384
0.0063474 4.5633 2.1943
0.0063942 1.7046 1.9628
0.0064413 -0.39348 NaN
0.0064888 15.36 7.8498
0.0065366 8.721 2.3387
0.0065847 6.8222 2.1697
0.0066333 8.1733 2.4721
0.0066821 8.6529 3.1719
0.0067314 1.228 1.5705
0.006781 -0.29307 NaN
0.006831 3.5584 2.7757
0.0068813 5.4835 2.4037
0.006932 4.121 2.243
0.0069831 4.9797 3.7006
0.0070345 1.9132 1.5862
0.0070864 6.5138 1.8358
0.0071386 3.9855 1.7481
0.0071912 4.9707 3.7006
0.0072442 7.5238 2.7754
0.0072976 9.2591 2.8928
0.0073513 9.4681 2.5336
0.0074055 4.4887 2.1943
0.0074601 1.2008 1.5705
0.0075151 -0.37991 NaN
0.0075704 4.0774 1.9504
0.0076262 4.6759 1.6822
0.0076824 8.2078 2.4721
0.007739 4.9134 2.1366
0.0077961 3.8284 1.3854
0.0078535 6.3017 2.747
0.0079114 1.6808 1.388
0.0079697 2.2909 2.6171
0.0080284 4.3623 2.7195
0.0080876 6.3413 2.0028
0.0081471 3.3555 1.3062
0.0082072 3.9238 1.7482
0.0082677 2.4739 1.254
0.0083286 3.225 1.5959
0.00839 6.1749 2.9256
0.0084518 1.4127 1.2338
0.0085141 5.0898 1.8116
0.0085768 3.0074 1.3736
0.00864 10.707 4.1537
0.0087037 3.193 1.5959
0.0087678 5.1976 1.5997
0.0088324 2.7676 1.154
0.0088975 5.2124 2.077
0.0089631 4.1695 1.586
0.0090291 2.7979 1.5702
0.0090956 3.9633 1.7482
0.0091627 -0.31207 NaN
0.0092302 3.3397 1.2396
0.0092982 1.9627 0.86554
0.0093667 2.6162 1.2019
0.0094357 3.5448 2.7757
0.0095053 2.0832 1.0122
0.0095753 5.7614 2.3078
0.0096459 1.2461 0.90671
0.0097169 2.2728 1.3085
0.0097885 2.256 0.98918
0.0098607 2.5908 1.202
0.0099333 1.4217 1.2338
0.010007 2.4958 0.94213
0.01008 3.5516 1.3878
0.010155 1.9994 1.3599
0.010229 2.9179 1.4629
0.010305 1.0953 0.85011
0.010381 2.4256 1.1313
0.010457 1.6906 0.79904
0.010534 2.4843 1.0094
0.010612 4.5294 2.1943
0.01069 5.5174 1.6997
0.010769 2.7689 1.2821
0.010848 1.5291 0.83608
0.010928 3.0139 1.1216
0.011009 3.4432 1.0878
0.01109 2.66 1.3504
0.011171 2.2741 0.98917
0.011254 1.384 0.87248
0.011337 0.80929 0.7933
0.01142 2.5472 1.0094
0.011504 3.4273 1.0129
0.011589 2.0362 0.90318
0.011675 2.5363 1.0933
0.011761 4.4065 1.4465
0.011847 4.6301 1.8882
0.011935 4.9543 1.2221
0.012023 1.5774 0.69404
0.012111 1.6178 0.87787
0.0122 1.132 0.74789
0.01229 3.6004 1.1835
0.012381 1.6254 0.80138
0.012472 1.4164 0.79811
0.012564 0.53415 0.52329
0.012657 1.3845 0.71238
0.01275 3.4526 1.0129
0.012844 2.2788 1.0684
0.012938 1.7407 0.79901
0.013034 1.7008 0.83622
0.01313 2.8751 0.75702
0.013227 0.82118 0.58174
0.013324 1.9479 1.0328
0.013422 1.3109 0.68696
0.013521 0.82059 0.68015
0.013621 1.6035 0.62076
0.013721 1.6957 0.71639
0.013822 1.8353 0.83096
0.013924 2.0638 0.72334
0.014027 0.62164 0.69425
0.01413 1.1863 0.57711
0.014234 1.9416 0.68528
0.014339 2.1806 0.73509
0.014445 1.3946 0.71238
0.014551 0.5723 0.65343
0.014658 1.421 0.53149
0.014766 0.54503 0.43637
0.014875 1.6607 0.71642
0.014985 1.6633 0.71642
0.015095 1.1728 0.57712
0.015206 1.5141 0.6532
0.015319 1.5876 0.60561
0.015431 1.0162 0.49361
0.015545 1.737 0.69281
0.01566 1.9379 0.82254
0.015775 2.7231 0.76596
0.015891 1.1848 0.48691
0.016008 1.8736 0.73609
0.016126 1.0882 0.54676
0.016245 1.7291 0.69282
0.016365 0.52613 0.36304
0.016486 2.6986 0.76598
0.016607 1.7893 0.57606
0.016729 1.486 0.6925
0.016853 1.8414 0.61545
0.016977 1.6641 0.55511
0.017102 1.2031 0.51213
0.017228 0.84149 0.53216
0.017355 1.2661 0.46901
0.017483 1.6091 0.56668
0.017612 0.89602 0.46173
0.017741 2.2231 0.64094
0.017872 2.3316 0.6682
0.018004 2.1683 0.64096
0.018136 1.9746 0.53477
0.01827 2.4899 0.71376
0.018405 1.4942 0.61992
0.01854 1.4406 0.43752
0.018677 0.65783 0.40081
0.018815 0.69556 0.39963
0.018953 0.94093 0.43631
0.019093 1.4856 0.48967
0.019234 1.24 0.4424
0.019375 1.933 0.5848
0.019518 1.6566 0.55512
0.019662 1.4287 0.43168
0.019807 1.6314 0.51545
0.019953 1.0229 0.46196
0.0201 1.8405 0.50332
0.020248 0.97049 0.38317
0.020397 1.5231 0.49052
0.020547 1.8583 0.55101
0.020699 1.378 0.44724
0.020851 2.2406 0.50677
0.021005 1.6517 0.51544
0.02116 0.91384 0.38305
0.021316 1.1 0.37091
0.021473 0.88307 0.38805
0.021631 1.7647 0.48205
0.02179 1.2661 0.41662
0.021951 2.4398 0.50593
0.022113 1.7147 0.48991
0.022276 2.3537 0.54949
0.02244 1.7328 0.41277
0.022605 1.0456 0.4201
0.022772 1.7609 0.44914
0.02294 1.7959 0.42674
0.023109 1.1552 0.37846
0.023279 1.5966 0.48321
0.02345 1.4416 0.3797
0.023623 2.0586 0.44983
0.023797 2.3475 0.5495
0.023973 1.6994 0.39613
0.024149 1.5885 0.41383
0.024327 2.2327 0.47259
0.024507 2.0515 0.45658
0.024687 1.5645 0.3742
0.024869 2.0509 0.47102
0.025052 1.9283 0.40858
0.025237 2.2428 0.47259
0.025423 1.7786 0.41706
0.02561 1.4044 0.35695
0.025799 2.4052 0.44816
0.025989 1.65 0.42826
0.026181 1.6951 0.36739
0.026373 2.0931 0.42004
0.026568 1.861 0.40574
0.026764 2.1466 0.40821
0.026961 2.5064 0.45144
0.027159 2.16 0.43192
0.02736 1.7393 0.35462
0.027561 2.1006 0.43547
0.027764 1.5081 0.32904
0.027969 2.787 0.46306
0.028175 1.9858 0.38518
0.028383 2.1044 0.40002
0.028592 2.0653 0.38918
0.028802 1.8251 0.36522
0.029015 2.1418 0.37357
0.029228 2.0266 0.39149
0.029444 2.2824 0.38042
0.029661 2.3416 0.38856
0.029879 1.9193 0.37315
0.0301 2.5402 0.38656
0.030321 2.2208 0.40705
0.030545 2.6988 0.3847
0.03077 1.9261 0.35339
0.030997 2.543 0.40633
0.031225 2.8889 0.38642
0.031455 1.9017 0.35728
0.031687 2.39 0.35687
0.03192 2.0057 0.35116
0.032156 2.9487 0.40167
0.032393 3.1712 0.40263
0.032631 2.4959 0.37519
0.032872 2.4897 0.35817
0.033114 2.8654 0.38822
0.033358 2.623 0.37168
0.033604 2.5825 0.35905
0.033851 3.004 0.37555
0.034101 2.9216 0.40579
0.034352 2.9442 0.3538
0.034605 3.6033 0.42332
0.03486 3.1308 0.37702
0.035117 2.9815 0.36496
0.035376 2.1944 0.32126
0.035637 3.3121 0.38971
0.035899 2.7734 0.34515
0.036164 3.4584 0.37936
0.03643 3.5231 0.40066
0.036699 3.2877 0.353
0.036969 3.041 0.35958
0.037241 3.4851 0.37592
0.037516 2.7894 0.34269
0.037792 3.4755 0.36132
0.038071 3.8324 0.38047
0.038351 3.219 0.36153
0.038634 3.3702 0.34385
0.038919 3.5133 0.36135
0.039205 3.4963 0.35539
0.039494 3.7013 0.37414
0.039785 2.8266 0.30475
0.040079 3.2095 0.3403
0.040374 3.5448 0.3417
0.040671 3.791 0.36877
0.040971 3.0153 0.31302
0.041273 2.9668 0.31358
0.041577 3.6219 0.33787
0.041883 2.941 0.31123
0.042192 3.9879 0.35937
0.042503 3.5077 0.32051
0.042816 3.1547 0.31158
0.043132 3.1478 0.30388
0.04345 2.9893 0.30414
0.04377 3.0236 0.30065
0.044092 3.0157 0.29646
0.044417 2.8225 0.28647
0.044744 3.2874 0.29598
0.045074 2.8961 0.28585
0.045406 2.7306 0.27608
0.045741 2.8541 0.27931
0.046078 3.5091 0.30561
0.046417 2.4789 0.25785
0.04676 2.8053 0.27485
0.047104 2.7338 0.26281
0.047451 2.5051 0.24897
0.047801 2.2322 0.23927
0.048153 2.7041 0.25933
0.048508 2.6113 0.24821
0.048865 2.012 0.22422
0.049225 2.7366 0.25575
0.049588 2.503 0.24033
0.049954 2.2009 0.22778
0.050322 2.5379 0.24535
0.050693 2.3557 0.22713
0.051066 2.4521 0.23418
0.051442 2.2702 0.22365
0.051821 2.5109 0.23162
0.052203 2.644 0.23651
0.052588 3.0988 0.24998
0.052975 3.5822 0.26777
0.053366 5.2623 0.31559
0.053759 7.3234 0.36681
0.054155 9.5677 0.41455
0.054554 11.809 0.44556
0.054956 11.34 0.44295
0.055361 10.877 0.42819
0.055769 8.937 0.39346
0.05618 6.416 0.32808
0.056594 4.6732 0.28095
0.057011 3.1467 0.23245
0.057431 2.2318 0.20136
0.057854 2.1151 0.19253
0.058281 1.6611 0.17486
0.05871 1.321 0.15609
0.059143 1.3829 0.15846
0.059579 1.55 0.16499
0.060018 1.4447 0.15762
0.06046 1.1784 0.14545
0.060905 1.3255 0.15046
0.061354 1.2509 0.14788
0.061806 1.1465 0.1412
0.062262 1.0539 0.13584
0.062721 0.92035 0.12734
0.063183 1.1266 0.13855
0.063648 1.2489 0.14129
0.064117 0.90832 0.1229
0.06459 1.1996 0.13652
0.065066 0.94694 0.12427
0.065545 1.0123 0.12784
0.066028 1.1626 0.13365
0.066515 1.1458 0.12929
0.067005 1.1436 0.13024
0.067499 1.0983 0.12887
0.067996 1.1383 0.127
0.068497 0.97404 0.11821
0.069002 1.1005 0.12549
0.06951 1.0266 0.11937
0.070023 1.1851 0.12521
0.070539 1.2439 0.12844
0.071058 1.0262 0.11622
0.071582 1.1728 0.12144
0.072109 1.2916 0.12716
0.072641 1.2562 0.12373
0.073176 1.28 0.12414
0.073715 1.3851 0.1271
0.074258 1.3023 0.12188
0.074806 1.6969 0.13687
0.075357 1.8746 0.14086
0.075912 2.8623 0.16824
0.076472 4.0032 0.19169
0.077035 4.9994 0.21498
0.077603 5.1401 0.21496
0.078175 4.7478 0.2048
0.078751 3.5274 0.17796
0.079331 2.2346 0.14436
0.079916 1.7394 0.12897
0.080504 1.327 0.11512
0.081098 1.1107 0.1043
0.081695 1.3363 0.11509
0.082297 1.0226 0.099734
0.082904 1.3341 0.11182
0.083515 1.1909 0.10433
0.08413 1.1523 0.10387
0.08475 1.1517 0.10361
0.085374 1.1144 0.10063
0.086004 1.3202 0.10781
0.086637 1.2444 0.10246
0.087276 1.2373 0.10132
0.087919 1.299 0.1046
0.088567 1.1354 0.097954
0.089219 1.3591 0.10445
0.089877 1.392 0.10392
0.090539 1.4108 0.10376
0.091206 1.4112 0.1027
0.091878 1.6743 0.11047
0.092555 2.4185 0.12841
0.093237 3.5592 0.14944
0.093924 5.835 0.18705
0.094616 7.9091 0.21762
0.095314 7.7838 0.21182
0.096016 5.8996 0.18457
0.096724 3.6888 0.14907
0.097436 2.4038 0.12184
0.098154 1.5353 0.098021
0.098878 1.4099 0.095481
0.099606 1.4173 0.095556
0.10034 1.4146 0.092926
0.10108 1.2033 0.087863
0.10182 1.0597 0.0828
0.10257 1.1266 0.083569
0.10333 1.2066 0.086452
0.10409 1.1709 0.083316
0.10486 1.2044 0.08485
0.10563 1.0337 0.078807
0.10641 1.1832 0.082567
0.10719 1.1614 0.081915
0.10798 0.98509 0.075137
0.10878 0.98136 0.076108
0.10958 0.85948 0.070511
0.11039 0.9179 0.072926
0.1112 0.9532 0.072199
0.11202 0.86827 0.07071
0.11285 0.79602 0.066512
0.11368 0.89127 0.069844
0.11452 0.93311 0.069161
0.11536 0.81218 0.066713
0.11621 0.86344 0.067068
0.11707 0.86697 0.066723
0.11793 0.96903 0.0691
0.1188 0.80287 0.063787
0.11967 0.97039 0.068658
0.12056 0.893 0.065153
0.12144 0.89374 0.06483
0.12234 1.083 0.070119
0.12324 0.92085 0.064295
0.12415 0.91329 0.064103
0.12506 1.0055 0.066772
0.12598 0.86158 0.061333
0.12691 0.86022 0.061412
0.12785 0.90519 0.062236
0.12879 0.83283 0.060205
0.12974 0.85631 0.059705
0.1307 0.98528 0.062535
0.13166 0.8907 0.060174
0.13263 1.0362 0.063062
0.13361 1.2754 0.067431
0.13459 1.2788 0.067193
0.13558 1.2295 0.065375
0.13658 1.0107 0.06101
0.13759 0.98914 0.059325
0.1386 0.93057 0.057803
0.13962 0.94128 0.057742
0.14065 0.99585 0.058184
0.14169 0.88107 0.055434
0.14273 1.076 0.059376
0.14378 1.303 0.06318
0.14484 1.5093 0.066772
0.14591 1.5284 0.066539
0.14699 1.3146 0.062467
0.14807 1.1029 0.057685
0.14916 1.0577 0.056329
0.15026 1.0201 0.054981
0.15137 0.9698 0.053812
0.15248 1.0182 0.054122
0.15361 0.94526 0.052435
0.15474 0.96993 0.052522
0.15588 1.0325 0.053454
0.15703 0.98931 0.052079
0.15818 1.0123 0.052187
0.15935 0.90209 0.049708
0.16052 0.90311 0.049158
0.16171 0.96754 0.05026
0.1629 1.0019 0.05055
0.1641 1.0055 0.050224
0.16531 1.0014 0.049878
0.16653 0.92988 0.047978
0.16775 0.81409 0.045499
0.16899 0.79185 0.044722
0.17023 0.83902 0.045409
0.17149 0.81049 0.044441
0.17275 0.78858 0.043554
0.17403 0.75636 0.042786
0.17531 0.75821 0.042583
0.1766 0.77314 0.042289
0.1779 0.68712 0.040517
0.17921 0.76252 0.041492
0.18053 0.75089 0.041197
0.18186 0.73533 0.040437
0.1832 0.78255 0.041103
0.18455 0.67055 0.038748
0.18591 0.66269 0.038298
0.18728 0.61408 0.036953
0.18866 0.64081 0.037413
0.19005 0.63703 0.036751
0.19145 0.59001 0.035939
0.19286 0.57206 0.035155
0.19429 0.48869 0.033304
0.19572 0.60901 0.035543
