#
0.0050184 8.8168 1.6808
0.0050554 23.355 3.0497
0.0050926 93.23 6.0865
0.0051301 13.278 2.0585
0.0051679 16.867 2.1175
0.005206 60.292 6.9226
0.0052444 90.448 11.99
0.005283 NaN NaN
0.005322 11.593 2.483
0.0053612 13.81 2.3489
0.0054007 29.053 2.7761
0.0054405 19.151 1.747
0.0054806 16.073 2.0673
0.005521 154.51 6.3966
0.0055616 14.21 2.1307
0.0056026 77.437 4.9615
0.0056439 21.115 2.3675
0.0056855 12.634 2.5935
0.0057274 68.997 7.4067
0.0057696 18.6 2.722
0.0058121 12.627 2.246
0.0058549 14.054 1.5783
0.0058981 13.163 2.6469
0.0059416 26.136 3.2256
0.0059853 18.075 2.0293
0.0060294 6.2785 2.246
0.0060739 57.106 2.6428
0.0061186 18.991 2.7508
0.0061637 43.416 2.9378
0.0062091 8.5716 1.2352
0.0062549 26.602 2.9111
0.006301 12.628 3.1763
0.0063474 11.643 1.5249
0.0063942 15.829 2.5111
0.0064413 22.155 4.2019
0.0064888 18.195 3.8083
0.0065366 11.66 1.197
0.0065847 26.923 1.8903
0.0066333 34.283 2.2274
0.0066821 33.741 2.7694
0.0067314 10.73 1.8521
0.006781 17.41 2.3556
0.006831 10.249 2.0245
0.0068813 13.219 1.625
0.006932 11.951 1.6517
0.0069831 9.4777 2.246
0.0070345 11.958 1.6517
0.0070864 6.4794 0.8064
0.0071386 20.586 1.7265
0.0071912 83.06 6.6332
0.0072442 26.536 2.298
0.0072976 9.8141 1.3205
0.0073513 14.489 1.3881
0.0074055 6.8638 1.1745
0.0074601 10.407 1.8247
0.0075151 10.246 2.8631
0.0075704 7.5305 1.1572
0.0076262 9.454 1.0397
0.0076824 22.162 1.7917
0.007739 24.993 2.1028
0.0077961 12.639 1.0895
0.0078535 10.35 1.5388
0.0079114 9.2734 1.361
0.0079697 9.9924 2.3076
0.0080284 4.6942 1.2302
0.0080876 9.346 1.072
0.0081471 7.2184 0.82508
0.0082072 6.569 0.97924
0.0082677 22.848 1.6123
0.0083286 12.203 1.3311
0.00839 12.366 1.8147
0.0084518 8.0501 1.1968
0.0085141 5.5499 0.82859
0.0085768 7.188 0.90753
0.00864 6.6132 1.4556
0.0087037 5.988 0.9357
0.0087678 7.6845 0.85112
0.0088324 16.706 1.2162
0.0088975 5.6603 0.95291
0.0089631 7.7634 0.94232
0.0090291 3.266 0.72781
0.0090956 4.7001 0.82941
0.0091627 3.1132 1.5882
0.0092302 4.8551 0.64206
0.0092982 6.2203 0.64499
0.0093667 16.312 1.275
0.0094357 3.8935 1.2556
0.0095053 5.4367 0.67908
0.0095753 5.9302 1.029
0.0096459 4.2755 0.67796
0.0097169 4.2979 0.76029
0.0097885 4.4647 0.58582
0.0098607 15.115 1.2278
0.0099333 9.9931 1.3323
0.010007 4.9518 0.56465
0.01008 5.2845 0.72943
0.010155 4.5337 0.85527
0.010229 4.1637 0.74869
0.010305 4.7876 0.69484
0.010381 4.7881 0.67369
0.010457 9.871 0.77987
0.010534 4.3287 0.56383
0.010612 1.512 0.56155
0.01069 3.9949 0.6356
0.010769 3.6307 0.6264
0.010848 2.8807 0.47231
0.010928 3.2567 0.50167
0.011009 7.3034 0.68421
0.01109 4.2032 0.72277
0.011171 4.4683 0.58582
0.011254 2.7505 0.49913
0.011337 3.4535 0.63163
0.01142 3.2586 0.48963
0.011504 6.0056 0.57699
0.011589 4.7622 0.57773
0.011675 2.6029 0.47287
0.011761 2.3915 0.4669
0.011847 1.8031 0.5206
0.011935 4.0653 0.48463
0.012023 2.8999 0.38445
0.012111 6.0447 0.69682
0.0122 3.1785 0.49594
0.01229 2.8941 0.46226
0.012381 2.9758 0.44883
0.012472 2.8854 0.46226
0.012564 3.8342 0.48868
0.012657 4.6329 0.52613
0.01275 2.7796 0.39493
0.012844 2.5786 0.48329
0.012938 3.2231 0.44889
0.013034 2.899 0.45282
0.01313 3.5054 0.35915
0.013227 3.7542 0.47425
0.013324 2.6362 0.50312
0.013422 3.4983 0.45022
0.013521 2.7865 0.47647
0.013621 2.3891 0.31265
0.013721 3.878 0.44957
0.013822 3.7383 0.49209
0.013924 2.491 0.33599
0.014027 2.0117 0.4549
0.01413 2.0047 0.30246
0.014234 2.8587 0.34969
0.014339 2.802 0.35136
0.014445 2.2233 0.36736
0.014551 2.1711 0.4577
0.014658 2.4267 0.28443
0.014766 3.7278 0.40913
0.014875 2.7439 0.37996
0.014985 3.7178 0.44073
0.015095 2.9284 0.36381
0.015206 2.1281 0.32025
0.015319 2.7616 0.33097
0.015431 2.8173 0.31961
0.015545 2.8271 0.36782
0.01566 2.2744 0.37204
0.015775 2.5265 0.31708
0.015891 2.6376 0.29048
0.016008 2.1658 0.33295
0.016126 2.2263 0.30997
0.016245 3.0124 0.3795
0.016365 1.9943 0.24893
0.016486 3.4512 0.36953
0.016607 2.573 0.28712
0.016729 2.0477 0.33484
0.016853 2.0298 0.26967
0.016977 2.828 0.30032
0.017102 1.9697 0.26521
0.017228 2.1435 0.32643
0.017355 2.2277 0.25098
0.017483 2.0792 0.26677
0.017612 2.5106 0.30156
0.017741 1.9083 0.25316
0.017872 2.2965 0.28273
0.018004 1.9297 0.25523
0.018136 2.484 0.25186
0.01827 2.2724 0.29103
0.018405 2.392 0.32105
0.01854 2.6523 0.24188
0.018677 3.0779 0.32251
0.018815 2.0649 0.25555
0.018953 2.0433 0.24958
0.019093 2.1005 0.23971
0.019234 2.4843 0.25186
0.019375 2.5901 0.28489
0.019518 2.1414 0.26241
0.019662 2.3855 0.22808
0.019807 2.8066 0.27846
0.019953 2.2 0.26609
0.0201 2.1007 0.22525
0.020248 2.478 0.23885
0.020397 2.8442 0.27352
0.020547 2.4379 0.26435
0.020699 2.1473 0.22766
0.020851 2.6447 0.2336
0.021005 2.7299 0.27453
0.02116 2.4271 0.24161
0.021316 2.7792 0.23484
0.021473 2.8836 0.27072
0.021631 2.594 0.24403
0.02179 2.7582 0.24807
0.021951 2.5863 0.22267
0.022113 2.8928 0.26322
0.022276 3.04 0.26558
0.02244 2.8721 0.21968
0.022605 2.1328 0.23757
0.022772 2.3319 0.21569
0.02294 2.7457 0.22041
0.023109 2.9701 0.2413
0.023279 2.8398 0.26656
0.02345 2.9769 0.22331
0.023623 2.9171 0.2248
0.023797 2.8573 0.25771
0.023973 2.8881 0.21367
0.024149 3.2659 0.24404
0.024327 2.9824 0.23089
0.024507 3.1552 0.2374
0.024687 2.9883 0.21305
0.024869 2.9188 0.23636
0.025052 3.3885 0.22658
0.025237 3.0718 0.23417
0.025423 3.4205 0.24033
0.02561 3.1285 0.21514
0.025799 3.8543 0.2403
0.025989 3.3995 0.25323
0.026181 3.5061 0.2185
0.026373 3.9934 0.24339
0.026568 3.8826 0.24346
0.026764 3.9909 0.23474
0.026961 3.8713 0.23857
0.027159 3.8982 0.24392
0.02736 3.6982 0.21382
0.027561 3.8818 0.24817
0.027764 3.9052 0.2163
0.027969 4.1547 0.2416
0.028175 4.001 0.22842
0.028383 4.298 0.23954
0.028592 4.4894 0.23984
0.028802 4.186 0.22903
0.029015 4.4997 0.22698
0.029228 4.8103 0.25211
0.029444 4.4158 0.22325
0.029661 4.626 0.23084
0.029879 4.5327 0.23901
0.0301 5.0385 0.23107
0.030321 5.2532 0.26329
0.030545 4.9972 0.22293
0.03077 5.2979 0.24341
0.030997 5.0492 0.24279
0.031225 5.7137 0.23245
0.031455 5.4582 0.25139
0.031687 5.8875 0.23664
0.03192 5.5307 0.24354
0.032156 5.6791 0.23887
0.032393 6.4529 0.24684
0.032631 5.2498 0.23121
0.032872 5.9715 0.23487
0.033114 5.6377 0.23236
0.033358 6.179 0.24236
0.033604 5.8021 0.22831
0.033851 5.8144 0.2236
0.034101 6.2928 0.25454
0.034352 5.6215 0.20902
0.034605 6.6508 0.2484
0.03486 5.7541 0.2195
0.035117 6.8836 0.23737
0.035376 6.0031 0.22302
0.035637 6.7041 0.23859
0.035899 6.0972 0.21809
0.036164 6.5185 0.22433
0.03643 6.5646 0.23556
0.036699 6.5192 0.21379
0.036969 6.8144 0.23041
0.037241 6.9765 0.22924
0.037516 6.4942 0.22284
0.037792 6.699 0.2158
0.038071 6.4781 0.21408
0.038351 6.7092 0.22384
0.038634 6.3344 0.20295
0.038919 6.7767 0.21651
0.039205 6.6704 0.21127
0.039494 7.0324 0.22293
0.039785 6.6479 0.1992
0.040079 6.8782 0.2136
0.040374 6.3493 0.19729
0.040671 7.1471 0.21902
0.040971 6.7806 0.20111
0.041273 6.2465 0.1946
0.041577 6.4755 0.19516
0.041883 6.7166 0.20095
0.042192 6.7273 0.20226
0.042503 5.8841 0.17907
0.042816 6.3152 0.18901
0.043132 6.2603 0.18372
0.04345 5.7951 0.18115
0.04377 5.8231 0.17902
0.044092 5.5963 0.17269
0.044417 6.0052 0.17819
0.044744 5.7325 0.16816
0.045074 5.5447 0.16909
0.045406 5.3827 0.16507
0.045741 4.91 0.15653
0.046078 5.1283 0.15943
0.046417 5.0725 0.15619
0.04676 4.6286 0.15106
0.047104 4.7302 0.14741
0.047451 4.643 0.144
0.047801 4.4966 0.14298
0.048153 4.565 0.14363
0.048508 4.2236 0.13451
0.048865 4.0877 0.1338
0.049225 3.9747 0.13163
0.049588 3.6425 0.1233
0.049954 3.6182 0.12308
0.050322 3.851 0.1287
0.050693 3.1216 0.11095
0.051066 3.2136 0.11406
0.051442 3.3156 0.1144
0.051821 3.1606 0.1108
0.052203 2.8345 0.10482
0.052588 2.9529 0.10532
0.052975 3.0026 0.10644
0.053366 2.7752 0.10105
0.053759 2.5916 0.097177
0.054155 2.5074 0.095076
0.054554 2.5444 0.092949
0.054956 2.6474 0.096072
0.055361 2.3758 0.089908
0.055769 2.4052 0.091382
0.05618 2.3175 0.087661
0.056594 2.1497 0.084006
0.057011 2.2596 0.085307
0.057431 2.2812 0.086379
0.057854 2.1045 0.081241
0.058281 2.0106 0.07992
0.05871 1.9263 0.07655
0.059143 1.9738 0.077356
0.059579 1.9283 0.076072
0.060018 2.0887 0.07784
0.06046 1.9248 0.074662
0.060905 1.9584 0.074594
0.061354 1.8335 0.072434
0.061806 1.703 0.068924
0.062262 1.7834 0.070043
0.062721 1.78 0.068905
0.063183 1.801 0.069973
0.063648 1.8086 0.068899
0.064117 1.6488 0.06459
0.06459 1.7509 0.066661
0.065066 1.7611 0.06641
0.065545 1.7887 0.06699
0.066028 1.7404 0.065781
0.066515 1.7261 0.063615
0.067005 1.6826 0.063415
0.067499 1.5289 0.060841
0.067996 1.6567 0.061567
0.068497 1.673 0.060955
0.069002 1.631 0.061187
0.06951 1.8007 0.062594
0.070023 1.5587 0.057963
0.070539 1.6061 0.05925
0.071058 1.5573 0.056952
0.071582 1.5725 0.056827
0.072109 1.6287 0.058234
0.072641 1.4975 0.055019
0.073176 1.6469 0.057339
0.073715 1.5714 0.055631
0.074258 1.5718 0.0547
0.074806 1.6493 0.056414
0.075357 1.5223 0.053629
0.075912 1.5215 0.053266
0.076472 1.5027 0.051855
0.077035 1.4922 0.052271
0.077603 1.4794 0.051381
0.078175 1.4315 0.050004
0.078751 1.4504 0.050133
0.079331 1.4495 0.049786
0.079916 1.4398 0.049337
0.080504 1.3691 0.048072
0.081098 1.4256 0.047532
0.081695 1.2435 0.045685
0.082297 1.3409 0.04546
0.082904 1.3449 0.04618
0.083515 1.3171 0.044536
0.08413 1.2921 0.044544
0.08475 1.2684 0.044007
0.085374 1.2947 0.043692
0.086004 1.2317 0.042919
0.086637 1.2402 0.041791
0.087276 1.2415 0.04151
0.087919 1.2825 0.042635
0.088567 1.2024 0.040818
0.089219 1.262 0.041533
0.089877 1.2078 0.040094
0.090539 1.1774 0.039314
0.091206 1.2321 0.039828
0.091878 1.1714 0.038997
0.092555 1.1827 0.038874
0.093237 1.1152 0.037038
0.093924 1.1909 0.038
0.094616 1.1045 0.03692
0.095314 1.127 0.036558
0.096016 1.1142 0.036152
0.096724 1.0694 0.03563
0.097436 1.0653 0.035217
0.098154 1.0899 0.034622
0.098878 1.0627 0.034511
0.099606 1.0016 0.033479
0.10034 1.0034 0.032664
0.10108 1.0509 0.033629
0.10182 0.98208 0.03222
0.10257 0.96709 0.03155
0.10333 0.97379 0.031872
0.10409 0.9647 0.030939
0.10486 0.97141 0.031274
0.10563 0.96021 0.030654
0.10641 0.93028 0.030064
0.10719 0.87849 0.029262
0.10798 0.93195 0.029332
0.10878 0.89533 0.02921
0.10958 0.90781 0.028583
0.11039 0.8837 0.028531
0.1112 0.88342 0.027828
0.11202 0.92964 0.028907
0.11285 0.8671 0.027145
0.11368 0.86783 0.027408
0.11452 0.84991 0.026434
0.11536 0.80565 0.026126
0.11621 0.80484 0.025684
0.11707 0.84324 0.026088
0.11793 0.85985 0.026173
0.1188 0.78805 0.024797
0.11967 0.80829 0.025253
0.12056 0.77997 0.024288
0.12144 0.73615 0.023541
0.12234 0.83389 0.025105
0.12324 0.77532 0.023644
0.12415 0.7557 0.023364
0.12506 0.74963 0.023412
0.12598 0.75714 0.022856
0.12691 0.75927 0.02294
0.12785 0.74608 0.022607
0.12879 0.7575 0.022679
0.12974 0.72434 0.021868
0.1307 0.66973 0.020988
0.13166 0.65645 0.020753
0.13263 0.67973 0.020912
0.13361 0.69047 0.020797
0.13459 0.67462 0.020482
0.13558 0.66507 0.020112
0.13658 0.68831 0.020544
0.13759 0.64162 0.019524
0.1386 0.6489 0.019539
0.13962 0.63214 0.01921
0.14065 0.66009 0.019342
0.14169 0.60904 0.018564
0.14273 0.59694 0.018318
0.14378 0.58726 0.017961
0.14484 0.61385 0.018244
0.14591 0.60439 0.017963
0.14699 0.59262 0.017762
0.14807 0.57454 0.017326
0.14916 0.60507 0.017589
0.15026 0.56895 0.016948
0.15137 0.56899 0.016898
0.15248 0.56808 0.016686
0.15361 0.55903 0.016505
0.15474 0.52717 0.015933
0.15588 0.5274 0.015859
0.15703 0.52562 0.015678
0.15818 0.49782 0.015206
0.15935 0.54073 0.015673
0.16052 0.50346 0.015015
0.16171 0.50007 0.014909
0.1629 0.5095 0.014938
0.1641 0.49155 0.014582
0.16531 0.49433 0.014543
0.16653 0.46618 0.014017
0.16775 0.48257 0.014145
0.16899 0.4555 0.013691
0.17023 0.4705 0.013818
0.17149 0.43193 0.013194
0.17275 0.4394 0.013159
0.17403 0.43012 0.012988
0.17531 0.40389 0.01257
0.1766 0.40515 0.012417
0.1779 0.41225 0.01248
0.17921 0.39069 0.012058
0.18053 0.3977 0.012121
0.18186 0.3773 0.011722
0.1832 0.40197 0.011977
0.18455 0.34404 0.011141
0.18591 0.37033 0.011397
0.18728 0.3528 0.011058
0.18866 0.36314 0.011177
0.19005 0.34483 0.010759
0.19145 0.338 0.010695
0.19286 0.32985 0.01045
0.19429 0.3181 0.010234
0.19572 0.30937 0.010078
