#
0.0050184 40.426 1.0433
0.0050554 53.092 1.3367
0.0050926 28.831 0.98505
0.0051301 29.202 0.88669
0.0051679 41.92 0.9698
0.005206 45.555 1.751
0.0052444 40.91 2.3467
0.005283 NaN NaN
0.005322 23.235 1.0211
0.0053612 30.276 1.0095
0.0054007 31.938 0.84651
0.0054405 36.375 0.69976
0.0054806 43.558 0.98855
0.005521 29.829 0.81809
0.0055616 30.977 0.91326
0.0056026 30.305 0.90329
0.0056439 33.643 0.8688
0.0056855 34.854 1.2506
0.0057274 35.727 1.5508
0.0057696 21.53 0.85125
0.0058121 32.565 1.0469
0.0058549 26.151 0.62543
0.0058981 33.867 1.2328
0.0059416 43.468 1.2095
0.0059853 21.548 0.64377
0.0060294 30.143 1.4244
0.0060739 22.192 0.4794
0.0061186 29.571 0.99761
0.0061637 22.994 0.62204
0.0062091 24.938 0.61078
0.0062549 32.161 0.93055
0.006301 12.511 0.91781
0.0063474 16.936 0.53389
0.0063942 29.775 1.001
0.0064413 23.076 1.2464
0.0064888 14.8 0.99818
0.0065366 15.638 0.40245
0.0065847 21.282 0.48865
0.0066333 17.699 0.46545
0.0066821 22.491 0.65769
0.0067314 16.172 0.65993
0.006781 12.862 0.58853
0.006831 17.558 0.76878
0.0068813 15.421 0.50947
0.006932 13.799 0.51522
0.0069831 20.23 0.95278
0.0070345 15.78 0.55094
0.0070864 12.654 0.32634
0.0071386 14.519 0.42156
0.0071912 15.788 0.84174
0.0072442 11.284 0.43581
0.0072976 13.259 0.4454
0.0073513 14.362 0.40144
0.0074055 10.996 0.43026
0.0074601 15.203 0.63986
0.0075151 7.0597 0.68959
0.0075704 10.224 0.39112
0.0076262 10.992 0.32517
0.0076824 10.027 0.35038
0.007739 10.343 0.3934
0.0077961 11.055 0.29592
0.0078535 9.4528 0.42649
0.0079114 10.426 0.41892
0.0079697 11.48 0.71784
0.0080284 7.989 0.46391
0.0080876 9.4786 0.31335
0.0081471 8.4737 0.2591
0.0082072 8.9995 0.33195
0.0082677 7.3971 0.26678
0.0083286 8.4858 0.32234
0.00839 8.3386 0.43266
0.0084518 7.3821 0.33239
0.0085141 7.7281 0.28297
0.0085768 8.2234 0.28128
0.00864 9.7668 0.51288
0.0087037 6.2216 0.27606
0.0087678 6.1934 0.22154
0.0088324 6.4407 0.21954
0.0088975 7.2095 0.31161
0.0089631 6.7051 0.254
0.0090291 5.7683 0.27878
0.0090956 6.4306 0.28063
0.0091627 5.2439 0.59436
0.0092302 5.2711 0.19335
0.0092982 6.3764 0.18919
0.0093667 5.3698 0.21265
0.0094357 7.4299 0.50023
0.0095053 4.9662 0.18769
0.0095753 6.006 0.29985
0.0096459 4.7771 0.20716
0.0097169 5.3443 0.24497
0.0097885 4.3906 0.16787
0.0098607 4.974 0.20468
0.0099333 4.137 0.2489
0.010007 4.829 0.16134
0.01008 5.1671 0.20862
0.010155 4.3279 0.24152
0.010229 3.8299 0.20743
0.010305 4.2333 0.18885
0.010381 3.9607 0.17722
0.010457 3.7252 0.139
0.010534 4.0132 0.15682
0.010612 4.452 0.27388
0.01069 3.1903 0.16398
0.010769 4.0674 0.19119
0.010848 3.6603 0.15329
0.010928 3.2179 0.14375
0.011009 3.2463 0.13232
0.01109 3.2241 0.18288
0.011171 3.3206 0.14601
0.011254 3.4858 0.16159
0.011337 2.9846 0.16954
0.01142 2.5582 0.12523
0.011504 3.057 0.11924
0.011589 3.154 0.13599
0.011675 3.1038 0.14843
0.011761 2.4534 0.13563
0.011847 2.7835 0.18476
0.011935 2.5798 0.1115
0.012023 2.883 0.11025
0.012111 2.6389 0.13341
0.0122 2.3204 0.12211
0.01229 2.6313 0.12701
0.012381 2.6637 0.12236
0.012472 2.4837 0.12343
0.012564 2.2869 0.10896
0.012657 2.3518 0.10842
0.01275 2.2777 0.10295
0.012844 2.4095 0.13439
0.012938 2.2455 0.10797
0.013034 2.2061 0.11378
0.01313 2.2151 0.082423
0.013227 2.2623 0.10634
0.013324 2.0603 0.12791
0.013422 2.1856 0.10265
0.013521 2.0532 0.11772
0.013621 1.8176 0.078338
0.013721 1.9091 0.091179
0.013822 1.9158 0.10173
0.013924 2.0693 0.08808
0.014027 1.8277 0.12421
0.01413 1.7327 0.080623
0.014234 1.7512 0.078885
0.014339 1.7471 0.079865
0.014445 1.7288 0.092996
0.014551 1.8229 0.12034
0.014658 1.7192 0.068837
0.014766 1.5198 0.07552
0.014875 1.7088 0.086293
0.014985 1.5265 0.081576
0.015095 1.5941 0.077349
0.015206 1.6451 0.08084
0.015319 1.4454 0.069018
0.015431 1.5129 0.067415
0.015545 1.4668 0.076354
0.01566 1.5686 0.088617
0.015775 1.3697 0.067199
0.015891 1.4032 0.060987
0.016008 1.3781 0.076293
0.016126 1.4886 0.072763
0.016245 1.5142 0.077576
0.016365 1.3118 0.057856
0.016486 1.2938 0.065329
0.016607 1.411 0.061159
0.016729 1.358 0.078227
0.016853 1.3805 0.063705
0.016977 1.4405 0.061782
0.017102 1.3169 0.062209
0.017228 1.2951 0.072849
0.017355 1.3027 0.055113
0.017483 1.2249 0.058753
0.017612 1.3045 0.062599
0.017741 1.3099 0.060119
0.017872 1.2771 0.060615
0.018004 1.1689 0.056829
0.018136 1.3062 0.052536
0.01827 1.1868 0.060412
0.018405 1.1945 0.065217
0.01854 1.267 0.048124
0.018677 1.2227 0.058687
0.018815 1.213 0.056176
0.018953 1.235 0.055624
0.019093 1.1225 0.050313
0.019234 1.0896 0.048005
0.019375 1.2238 0.056414
0.019518 1.1395 0.054982
0.019662 1.1785 0.046106
0.019807 1.1162 0.050603
0.019953 1.25 0.057581
0.0201 1.138 0.047588
0.020248 1.0309 0.044339
0.020397 1.2657 0.052554
0.020547 1.2503 0.054466
0.020699 1.045 0.045613
0.020851 1.1101 0.043605
0.021005 1.1918 0.052273
0.02116 1.1558 0.047958
0.021316 1.1597 0.043738
0.021473 1.1719 0.049769
0.021631 1.2379 0.048556
0.02179 1.104 0.04524
0.021951 1.1519 0.042814
0.022113 1.2863 0.050582
0.022276 1.196 0.048072
0.02244 1.2064 0.041024
0.022605 1.1794 0.050729
0.022772 1.107 0.042742
0.02294 1.2363 0.04263
0.023109 1.2669 0.045437
0.023279 1.303 0.052059
0.02345 1.2209 0.041258
0.023623 1.241 0.04226
0.023797 1.4555 0.05301
0.023973 1.2837 0.041056
0.024149 1.3112 0.044635
0.024327 1.4464 0.046352
0.024507 1.1726 0.041758
0.024687 1.3401 0.041149
0.024869 1.4129 0.047401
0.025052 1.3527 0.041341
0.025237 1.3623 0.044987
0.025423 1.5209 0.04627
0.02561 1.3603 0.040897
0.025799 1.4857 0.04312
0.025989 1.6341 0.050668
0.026181 1.5493 0.041943
0.026373 1.6733 0.045541
0.026568 1.6052 0.045236
0.026764 1.4887 0.041464
0.026961 1.5738 0.043967
0.027159 1.6104 0.045307
0.02736 1.6934 0.041788
0.027561 1.7925 0.04872
0.027764 1.6182 0.040243
0.027969 1.7017 0.044708
0.028175 1.8393 0.044757
0.028383 1.787 0.044664
0.028592 1.9177 0.045336
0.028802 1.8375 0.043862
0.029015 1.8763 0.042393
0.029228 2.0174 0.04725
0.029444 1.8737 0.042064
0.029661 2.0756 0.044737
0.029879 1.9163 0.044962
0.0301 2.0786 0.042966
0.030321 2.3297 0.050765
0.030545 1.9474 0.040288
0.03077 2.3036 0.046466
0.030997 2.2909 0.047335
0.031225 2.2499 0.042263
0.031455 2.2618 0.046865
0.031687 2.3842 0.043633
0.03192 2.4528 0.046973
0.032156 2.4432 0.045391
0.032393 2.5003 0.044546
0.032631 2.401 0.045282
0.032872 2.5368 0.044353
0.033114 2.6732 0.046333
0.033358 2.671 0.046176
0.033604 2.7831 0.045798
0.033851 2.6717 0.043904
0.034101 2.9122 0.050181
0.034352 2.7869 0.042617
0.034605 3.136 0.049444
0.03486 2.8447 0.044705
0.035117 3.1162 0.046306
0.035376 2.7881 0.044032
0.035637 3.1934 0.047735
0.035899 3.0436 0.044641
0.036164 3.2472 0.045885
0.03643 3.0495 0.046528
0.036699 3.4346 0.044971
0.036969 3.2808 0.046344
0.037241 3.3258 0.045887
0.037516 3.5086 0.047465
0.037792 3.4225 0.0447
0.038071 3.3658 0.044716
0.038351 3.5977 0.047501
0.038634 3.4574 0.043446
0.038919 3.7505 0.046686
0.039205 3.6165 0.045077
0.039494 3.8504 0.047821
0.039785 3.4733 0.041728
0.040079 3.7313 0.045596
0.040374 3.5926 0.042999
0.040671 3.8297 0.04648
0.040971 3.6528 0.042789
0.041273 3.7297 0.043562
0.041577 3.715 0.042834
0.041883 3.5802 0.042522
0.042192 3.7764 0.043917
0.042503 3.431 0.039603
0.042816 3.7632 0.042269
0.043132 3.6023 0.040374
0.04345 3.4465 0.040455
0.04377 3.5063 0.040238
0.044092 3.4925 0.039491
0.044417 3.3873 0.038764
0.044744 3.3859 0.037425
0.045074 3.306 0.037802
0.045406 3.2523 0.03714
0.045741 3.2623 0.036908
0.046078 3.0645 0.035664
0.046417 3.0524 0.035058
0.04676 3.0773 0.035627
0.047104 2.8797 0.033268
0.047451 2.8174 0.032448
0.047801 2.6651 0.031827
0.048153 2.6966 0.031924
0.048508 2.524 0.030057
0.048865 2.3556 0.029353
0.049225 2.3733 0.029383
0.049588 2.1941 0.027629
0.049954 2.2578 0.028063
0.050322 2.1241 0.027616
0.050693 1.9568 0.025326
0.051066 1.9439 0.025586
0.051442 1.831 0.02453
0.051821 1.7275 0.023628
0.052203 1.6346 0.022932
0.052588 1.6398 0.02262
0.052975 1.4817 0.021558
0.053366 1.4089 0.020737
0.053759 1.3481 0.020173
0.054155 1.2863 0.019597
0.054554 1.2132 0.018473
0.054956 1.1426 0.018178
0.055361 1.0855 0.01748
0.055769 1.0934 0.017727
0.05618 0.99548 0.016522
0.056594 0.96036 0.016131
0.057011 0.90514 0.015525
0.057431 0.85602 0.015221
0.057854 0.80117 0.014402
0.058281 0.73831 0.01391
0.05871 0.74377 0.013649
0.059143 0.68103 0.013052
0.059579 0.66715 0.012849
0.060018 0.61137 0.012118
0.06046 0.60774 0.012052
0.060905 0.57198 0.011592
0.061354 0.55977 0.011491
0.061806 0.53442 0.01107
0.062262 0.53647 0.011026
0.062721 0.4816 0.010292
0.063183 0.45757 0.010134
0.063648 0.48357 0.010237
0.064117 0.43883 0.0095628
0.06459 0.42119 0.0093989
0.065066 0.4065 0.0091738
0.065545 0.40025 0.0091125
0.066028 0.39087 0.0089643
0.066515 0.37934 0.0085741
0.067005 0.37867 0.0086459
0.067499 0.36437 0.008521
0.067996 0.36042 0.0082549
0.068497 0.3555 0.0080784
0.069002 0.35942 0.0082548
0.06951 0.32629 0.0076781
0.070023 0.33958 0.0077696
0.070539 0.32843 0.0077028
0.071058 0.33692 0.0076106
0.071582 0.33342 0.00752
0.072109 0.32005 0.0074263
0.072641 0.32653 0.0073758
0.073176 0.32631 0.0073424
0.073715 0.31144 0.0071207
0.074258 0.30632 0.0069443
0.074806 0.31081 0.0070477
0.075357 0.29321 0.0067663
0.075912 0.29712 0.0067652
0.076472 0.29333 0.0065858
0.077035 0.28128 0.0065238
0.077603 0.28371 0.0064665
0.078175 0.27728 0.0063207
0.078751 0.27621 0.0062857
0.079331 0.27437 0.0062235
0.079916 0.26803 0.0061176
0.080504 0.2635 0.0060564
0.081098 0.25792 0.005812
0.081695 0.26616 0.0060516
0.082297 0.23344 0.0054497
0.082904 0.24214 0.0056297
0.083515 0.24702 0.0055358
0.08413 0.23159 0.005415
0.08475 0.23188 0.0053993
0.085374 0.2142 0.0051075
0.086004 0.22154 0.0052243
0.086637 0.22128 0.0050655
0.087276 0.20893 0.0048918
0.087919 0.20535 0.0049052
0.088567 0.20164 0.0047992
0.089219 0.1996 0.0047497
0.089877 0.19215 0.0045959
0.090539 0.19048 0.0045413
0.091206 0.18835 0.00448
0.091878 0.18565 0.0044609
0.092555 0.18087 0.0043698
0.093237 0.17855 0.0042548
0.093924 0.1641 0.0040623
0.094616 0.16691 0.0041234
0.095314 0.16887 0.0040674
0.096016 0.15893 0.0039264
0.096724 0.15236 0.003866
0.097436 0.15741 0.0038888
0.098154 0.14404 0.0036243
0.098878 0.13972 0.003603
0.099606 0.14573 0.003666
0.10034 0.13874 0.0034914
0.10108 0.13294 0.0034462
0.10182 0.13516 0.003435
0.10257 0.12817 0.0033029
0.10333 0.12928 0.0033392
0.10409 0.12181 0.0031645
0.10486 0.12331 0.0032072
0.10563 0.1219 0.0031438
0.10641 0.11432 0.003035
0.10719 0.11666 0.0030632
0.10798 0.11516 0.0029686
0.10878 0.1135 0.0029912
0.10958 0.11307 0.002903
0.11039 0.10726 0.0028618
0.1112 0.10344 0.002744
0.11202 0.10652 0.0028228
0.11285 0.10811 0.0027571
0.11368 0.10917 0.002796
0.11452 0.10459 0.002668
0.11536 0.1018 0.0026682
0.11621 0.11343 0.0027623
0.11707 0.10858 0.0026899
0.11793 0.10775 0.0026646
0.1188 0.11531 0.0027136
0.11967 0.11938 0.0027774
0.12056 0.11936 0.0027151
0.12144 0.12665 0.00278
0.12234 0.13892 0.0029262
0.12324 0.17351 0.003172
0.12415 0.26257 0.0038796
0.12506 0.64833 0.0060919
0.12598 1.8238 0.0099006
0.12691 3.3732 0.013489
0.12785 3.8129 0.014236
0.12879 2.6946 0.011925
0.12974 1.2237 0.0079265
0.1307 0.48334 0.0049716
0.13166 0.23693 0.0034937
0.13263 0.16485 0.0029066
0.13361 0.13968 0.0026506
0.13459 0.12417 0.0024934
0.13558 0.12048 0.0024293
0.13658 0.11493 0.0023885
0.13759 0.11155 0.0023109
0.1386 0.11531 0.0023369
0.13962 0.10952 0.0022686
0.14065 0.10377 0.0021837
0.14169 0.11258 0.0022583
0.14273 0.10718 0.0021974
0.14378 0.10733 0.0021717
0.14484 0.11183 0.0022047
0.14591 0.11424 0.0022083
0.14699 0.11153 0.002178
0.14807 0.11581 0.0021933
0.14916 0.11581 0.0021754
0.15026 0.12408 0.0022276
0.15137 0.12705 0.0022459
0.15248 0.12978 0.0022425
0.15361 0.13643 0.0022886
0.15474 0.14628 0.0023432
0.15588 0.16541 0.0024754
0.15703 0.25833 0.0030442
0.15818 0.57139 0.0044709
0.15935 1.0681 0.0060592
0.16052 1.2054 0.0063635
0.16171 0.83431 0.005274
0.1629 0.47102 0.0039513
0.1641 0.26621 0.0029582
0.16531 0.19555 0.0025327
0.16653 0.16892 0.0023334
0.16775 0.15117 0.0021973
0.16899 0.14949 0.0021693
0.17023 0.14036 0.0020948
0.17149 0.13039 0.002004
0.17275 0.12271 0.0019276
0.17403 0.11834 0.0018867
0.17531 0.11041 0.001815
0.1766 0.10295 0.0017322
0.1779 0.10163 0.0017177
0.17921 0.095688 0.0016507
0.18053 0.094163 0.0016339
0.18186 0.090705 0.0015881
0.1832 0.084382 0.0015266
0.18455 0.081397 0.0014909
0.18591 0.077893 0.0014486
0.18728 0.074594 0.0014065
0.18866 0.070915 0.0013721
0.19005 0.069551 0.0013374
0.19145 0.068063 0.0013272
0.19286 0.06348 0.0012684
0.19429 0.062419 0.0012513
0.19572 0.059745 0.0012209
