#
0.0050184 14.446 4.6816
0.0050554 16.328 5.5517
0.0050926 5.206 3.2055
0.0051301 5.6299 2.961
0.0051679 7.0608 3.0221
0.005206 7.1333 5.2343
0.0052444 14.446 10.468
0.005283 NaN NaN
0.005322 7.1546 4.2738
0.0053612 12.55 4.8962
0.0054007 14.51 4.2737
0.0054405 16.72 3.55
0.0054806 11.995 3.9014
0.005521 4.5935 2.4676
0.0055616 8.4934 3.6265
0.0056026 10.061 3.917
0.0056439 10.822 3.7012
0.0056855 12.004 5.5174
0.0057274 6.9926 5.2345
0.0057696 10.822 4.533
0.0058121 8.8878 4.1381
0.0058549 10.399 2.9655
0.0058981 9.5367 4.935
0.0059416 8.9326 4.1381
0.0059853 3.8788 2.1152
0.0060294 7.0565 5.2344
0.0060739 10.503 2.482
0.0061186 8.939 4.1381
0.0061637 8.9742 2.926
0.0062091 8.6972 2.7279
0.0062549 7.0335 3.3106
0.006301 3.3427 3.7016
0.0063474 8.9294 2.9261
0.0063942 1.6074 1.8509
0.0064413 7.031 5.2345
0.0064888 7.0821 5.2344
0.0065366 9.932 2.4158
0.0065847 3.3491 1.5112
0.0066333 7.0344 2.232
0.0066821 4.9874 2.3647
0.0067314 11.521 4.1874
0.006781 2.6844 2.0939
0.006831 5.206 3.2055
0.0068813 7.9466 2.776
0.006932 6.0009 2.5904
0.0069831 4.6958 3.4896
0.0070345 4.9764 2.3647
0.0070864 2.9041 1.2242
0.0071386 2.4125 1.3461
0.0071912 2.22 2.4678
0.0072442 2.4687 1.6029
0.0072976 10.376 2.9655
0.0073513 8.3115 2.3081
0.0074055 3.3076 1.8508
0.0074601 4.0932 2.5645
0.0075151 -0.35825 NaN
0.0075704 3.0225 1.6451
0.0076262 5.4668 1.7537
0.0076824 10.432 2.6918
0.007739 3.8108 1.8393
0.0077961 3.1747 1.2317
0.0078535 4.885 2.3648
0.0079114 6.2113 2.4482
0.0079697 2.1603 2.4679
0.0080284 2.6333 2.094
0.0080876 4.841 1.7083
0.0081471 8.8246 1.9954
0.0082072 4.3731 1.7806
0.0082677 6.0339 1.8317
0.0083286 3.7141 1.6485
0.00839 5.8229 2.7588
0.0084518 4.6219 2.0148
0.0085141 2.5221 1.2734
0.0085768 2.836 1.2953
0.00864 1.2143 1.4809
0.0087037 5.0297 1.9035
0.0087678 1.8534 0.97386
0.0088324 5.0772 1.4828
0.0088975 1.9545 1.2823
0.0089631 3.9318 1.4956
0.0090291 4.1188 1.8133
0.0090956 3.0645 1.5049
0.0091627 7.1077 5.2344
0.0092302 4.3181 1.3497
0.0092982 2.4676 0.92543
0.0093667 0.61658 0.65463
0.0094357 3.3428 2.6175
0.0095053 5.4706 1.509
0.0095753 3.7881 1.8393
0.0096459 2.162 1.1037
0.0097169 2.76 1.3795
0.0097885 2.4798 0.99717
0.0098607 2.9057 1.2242
0.0099333 4.6305 2.0148
0.010007 4.7222 1.2209
0.01008 1.9613 1.0347
0.010155 0.40498 0.74078
0.010229 1.5178 1.0687
0.010305 3.346 1.3087
0.010381 2.2873 1.0668
0.010457 4.1565 1.1389
0.010534 2.3427 0.95186
0.010612 1.4955 1.3089
0.01069 2.4271 1.1334
0.010769 2.6111 1.209
0.010848 4.9667 1.3653
0.010928 2.8421 1.0576
0.011009 2.0626 0.83763
0.01109 2.5084 1.2735
0.011171 2.4969 0.99716
0.011254 0.48268 0.58198
0.011337 4.4642 1.5863
0.01142 2.7385 1.0095
0.011504 2.4662 0.84672
0.011589 2.242 0.91047
0.011675 1.6126 0.87139
0.011761 2.0991 1.0076
0.011847 1.6744 1.1659
0.011935 3.0857 0.95333
0.012023 2.644 0.83419
0.012111 3.0059 1.1105
0.0122 2.4774 0.99717
0.01229 2.7222 1.0096
0.012381 1.8412 0.81621
0.012472 3.018 1.0642
0.012564 1.6425 0.75346
0.012657 1.0315 0.61328
0.01275 3.0005 0.92045
0.012844 1.7377 0.91978
0.012938 1.9262 0.80546
0.013034 2.2475 0.91047
0.01313 2.3747 0.67305
0.013227 0.77436 0.54858
0.013324 2.7077 1.1522
0.013422 2.2936 0.83617
0.013521 1.514 0.82784
0.013621 0.95694 0.48982
0.013721 0.88268 0.53416
0.013822 2.0268 0.83766
0.013924 1.3293 0.58176
0.014027 0.5862 0.65467
0.01413 2.1468 0.71243
0.014234 1.8309 0.64622
0.014339 2.4564 0.7487
0.014445 1.5892 0.72555
0.014551 1.4105 0.87112
0.014658 1.0379 0.45338
0.014766 0.10273 0.29116
0.014875 0.84967 0.53419
0.014985 1.3297 0.63197
0.015095 2.5452 0.76949
0.015206 1.6455 0.65331
0.015319 2.0387 0.65109
0.015431 2.4387 0.67837
0.015545 0.98488 0.5335
0.01566 1.0049 0.61331
0.015775 1.6651 0.59895
0.015891 1.5526 0.52347
0.016008 1.5355 0.65446
0.016126 1.221 0.55116
0.016245 1.4128 0.61598
0.016365 1.7531 0.54107
0.016486 1.281 0.54182
0.016607 1.9775 0.58071
0.016729 1.4013 0.65302
0.016853 0.4491 0.3601
0.016977 1.8595 0.56227
0.017102 1.9391 0.60224
0.017228 1.6908 0.67311
0.017355 0.55584 0.33788
0.017483 1.2089 0.48784
0.017612 1.1739 0.49366
0.017741 1.19 0.47788
0.017872 1.0962 0.47267
0.018004 1.2894 0.50122
0.018136 1.9777 0.51737
0.01827 1.3386 0.53218
0.018405 1.7986 0.64624
0.01854 1.6586 0.44748
0.018677 1.083 0.46281
0.018815 1.7947 0.55147
0.018953 1.4356 0.49441
0.019093 0.78406 0.3703
0.019234 1.1693 0.41718
0.019375 1.111 0.45032
0.019518 2.2879 0.61592
0.019662 1.1498 0.3824
0.019807 1.2875 0.45252
0.019953 2.1257 0.59858
0.0201 0.75589 0.34442
0.020248 1.2279 0.40394
0.020397 1.5557 0.47772
0.020547 1.3627 0.46839
0.020699 1.626 0.46198
0.020851 1.1759 0.37494
0.021005 1.0556 0.41628
0.02116 0.9706 0.37726
0.021316 0.85677 0.32563
0.021473 1.064 0.40082
0.021631 0.93427 0.36132
0.02179 1.9038 0.47573
0.021951 1.6911 0.41776
0.022113 1.1815 0.40747
0.022276 1.4793 0.43614
0.02244 1.4051 0.36611
0.022605 1.2248 0.43063
0.022772 1.7508 0.43305
0.02294 2.0154 0.43339
0.023109 1.5353 0.40882
0.023279 1.7333 0.48329
0.02345 1.8173 0.40391
0.023623 1.1537 0.34339
0.023797 1.8964 0.48472
0.023973 1.5307 0.36657
0.024149 0.8326 0.31136
0.024327 1.9427 0.43055
0.024507 1.6905 0.40684
0.024687 1.6137 0.36618
0.024869 1.6727 0.41777
0.025052 1.68 0.37266
0.025237 1.8709 0.42279
0.025423 1.9085 0.41535
0.02561 1.7281 0.37479
0.025799 1.4456 0.34961
0.025989 1.7281 0.4218
0.026181 2.2205 0.3984
0.026373 2.2454 0.41873
0.026568 1.685 0.37618
0.026764 2.2773 0.4052
0.026961 1.8252 0.38078
0.027159 1.8274 0.38893
0.02736 1.6967 0.33914
0.027561 2.2712 0.43554
0.027764 2.135 0.36792
0.027969 1.92 0.38091
0.028175 2.3502 0.40055
0.028383 2.3515 0.4059
0.028592 2.3001 0.3942
0.028802 1.3767 0.31441
0.029015 1.9147 0.34436
0.029228 1.7897 0.35907
0.029444 2.5664 0.38746
0.029661 2.684 0.39928
0.029879 1.9834 0.36586
0.0301 2.5415 0.37416
0.030321 2.0335 0.37902
0.030545 2.4079 0.35403
0.03077 2.793 0.40158
0.030997 2.5053 0.3906
0.031225 2.6371 0.35915
0.031455 2.2194 0.36905
0.031687 2.9108 0.37687
0.03192 2.7797 0.39178
0.032156 2.6881 0.37308
0.032393 2.6421 0.35915
0.032631 2.6816 0.37489
0.032872 3.1135 0.38296
0.033114 3.7155 0.42271
0.033358 2.6486 0.36128
0.033604 3.4278 0.39457
0.033851 3.7432 0.40182
0.034101 2.6602 0.37672
0.034352 3.6704 0.37853
0.034605 3.2268 0.3899
0.03486 3.2222 0.36988
0.035117 4.3601 0.42063
0.035376 3.1378 0.36407
0.035637 3.3975 0.38182
0.035899 3.9809 0.39371
0.036164 3.6527 0.37671
0.03643 3.7898 0.4012
0.036699 3.5529 0.35418
0.036969 3.802 0.38543
0.037241 3.7382 0.37599
0.037516 3.688 0.37644
0.037792 3.3094 0.34223
0.038071 3.777 0.36612
0.038351 2.8289 0.33032
0.038634 3.8075 0.35213
0.038919 3.9831 0.3708
0.039205 4.099 0.3702
0.039494 3.8164 0.36757
0.039785 3.326 0.31743
0.040079 4.3725 0.37967
0.040374 4.2752 0.36079
0.040671 3.5439 0.34636
0.040971 3.6415 0.3303
0.041273 3.3844 0.32223
0.041577 4.1476 0.34838
0.041883 3.6883 0.33393
0.042192 3.9008 0.34464
0.042503 3.5587 0.31248
0.042816 4.5389 0.35651
0.043132 4.0614 0.33056
0.04345 3.3402 0.30959
0.04377 3.84 0.32473
0.044092 3.6282 0.31206
0.044417 3.6357 0.31096
0.044744 3.8267 0.30725
0.045074 4.0123 0.32104
0.045406 3.3665 0.29361
0.045741 3.6082 0.30065
0.046078 3.4457 0.29354
0.046417 2.9343 0.2689
0.04676 3.8227 0.30632
0.047104 3.4427 0.28224
0.047451 3.5313 0.28124
0.047801 2.7723 0.25461
0.048153 2.9854 0.26236
0.048508 3.2676 0.2657
0.048865 2.8805 0.25384
0.049225 2.6006 0.242
0.049588 3.0091 0.25247
0.049954 2.6302 0.23822
0.050322 2.5114 0.23633
0.050693 2.2393 0.21494
0.051066 2.46 0.22692
0.051442 2.2308 0.21471
0.051821 2.2438 0.21333
0.052203 2.1054 0.20713
0.052588 1.8791 0.19426
0.052975 1.9866 0.19964
0.053366 1.954 0.19567
0.053759 1.7165 0.18408
0.054155 1.6837 0.18132
0.054554 1.8228 0.18218
0.054956 1.8185 0.18455
0.055361 1.4526 0.16584
0.055769 1.7308 0.17997
0.05618 2.4681 0.205
0.056594 3.2962 0.23182
0.057011 4.2911 0.25943
0.057431 5.2081 0.28622
0.057854 5.4847 0.28684
0.058281 6.0547 0.30223
0.05871 5.0025 0.27016
0.059143 4.604 0.25947
0.059579 4.3209 0.25054
0.060018 2.9714 0.2077
0.06046 2.2564 0.18361
0.060905 1.5952 0.15667
0.061354 0.99992 0.13093
0.061806 1.1435 0.13604
0.062262 0.74737 0.11564
0.062721 0.87982 0.12068
0.063183 0.91623 0.12366
0.063648 1.1659 0.13272
0.064117 0.90176 0.11808
0.06459 0.77859 0.11208
0.065066 0.82564 0.11392
0.065545 0.67364 0.10666
0.066028 0.97387 0.1205
0.066515 0.79725 0.10906
0.067005 0.7685 0.1085
0.067499 0.76626 0.10892
0.067996 0.61319 0.098162
0.068497 0.71005 0.10177
0.069002 1.0583 0.11922
0.06951 0.74365 0.10238
0.070023 0.94469 0.11082
0.070539 0.78268 0.10423
0.071058 0.92128 0.10761
0.071582 0.95016 0.1081
0.072109 0.77144 0.10111
0.072641 0.84267 0.10264
0.073176 0.78765 0.099806
0.073715 0.79661 0.099439
0.074258 0.70154 0.093471
0.074806 0.84152 0.10059
0.075357 0.88411 0.10103
0.075912 0.89748 0.10105
0.076472 0.65001 0.088103
0.077035 0.71405 0.092227
0.077603 0.79877 0.094638
0.078175 0.77027 0.09246
0.078751 0.70873 0.0895
0.079331 1.0665 0.10308
0.079916 1.0618 0.10221
0.080504 1.6033 0.12009
0.081098 2.1598 0.1323
0.081695 2.7251 0.15039
0.082297 3.1194 0.15344
0.082904 2.6846 0.1454
0.083515 2.0222 0.12517
0.08413 1.8266 0.1209
0.08475 1.2074 0.1018
0.085374 1.0509 0.09489
0.086004 0.88185 0.0891
0.086637 0.71406 0.080518
0.087276 0.84203 0.08449
0.087919 0.79919 0.084047
0.088567 0.63136 0.076497
0.089219 0.62356 0.075687
0.089877 0.67928 0.076736
0.090539 0.60294 0.073302
0.091206 0.63151 0.073509
0.091878 0.75575 0.078411
0.092555 0.8193 0.080315
0.093237 0.69991 0.074268
0.093924 0.75766 0.076081
0.094616 0.7267 0.07541
0.095314 0.80661 0.076726
0.096016 0.91069 0.079846
0.096724 0.77375 0.075628
0.097436 0.85126 0.077423
0.098154 1.1299 0.083741
0.098878 1.9424 0.10541
0.099606 2.6078 0.11963
0.10034 3.6057 0.13495
0.10108 3.7454 0.13837
0.10182 2.9078 0.12196
0.10257 2.2927 0.10824
0.10333 1.4734 0.090374
0.10409 0.91447 0.07318
0.10486 0.79879 0.070195
0.10563 0.62174 0.063412
0.10641 0.72375 0.066409
0.10719 0.76239 0.067565
0.10798 0.62469 0.061664
0.10878 0.6699 0.064014
0.10958 0.66244 0.062003
0.11039 0.55898 0.059231
0.1112 0.55429 0.057711
0.11202 0.63936 0.061207
0.11285 0.6626 0.060091
0.11368 0.51517 0.055871
0.11452 0.52534 0.054738
0.11536 0.54043 0.056017
0.11621 0.5469 0.055314
0.11707 0.48369 0.052894
0.11793 0.4566 0.051714
0.1188 0.5734 0.054814
0.11967 0.43407 0.050621
0.12056 0.49255 0.051414
0.12144 0.45472 0.049928
0.12234 0.43261 0.049574
0.12324 0.47662 0.049675
0.12415 0.46656 0.049368
0.12506 0.53324 0.051674
0.12598 0.44125 0.047449
0.12691 0.51207 0.049677
0.12785 0.54131 0.050329
0.12879 0.45524 0.047616
0.12974 0.49276 0.047805
0.1307 0.49287 0.047595
0.13166 0.47229 0.046943
0.13263 0.50902 0.047563
0.13361 0.41932 0.044308
0.13459 0.52208 0.047078
0.13558 0.45783 0.044692
0.13658 0.53477 0.047152
0.13759 0.45212 0.043892
0.1386 0.49327 0.044928
0.13962 0.4337 0.043023
0.14065 0.54654 0.045506
0.14169 0.59881 0.046725
0.14273 0.57982 0.045967
0.14378 0.58455 0.04553
0.14484 0.54193 0.044305
0.14591 0.48331 0.0424
0.14699 0.48622 0.042373
0.14807 0.44192 0.040719
0.14916 0.5503 0.043186
0.15026 0.43439 0.03974
0.15137 0.52403 0.041948
0.15248 0.60913 0.043457
0.15361 0.76575 0.046801
0.15474 0.68041 0.044588
0.15588 0.70588 0.044875
0.15703 0.59325 0.041908
0.15818 0.54699 0.040564
0.15935 0.54796 0.04035
0.16052 0.47101 0.038066
0.16171 0.54278 0.039665
0.1629 0.58278 0.040254
0.1641 0.5979 0.04029
0.16531 0.57111 0.039476
0.16653 0.54947 0.038545
0.16775 0.55459 0.038477
0.16899 0.49845 0.036945
0.17023 0.48245 0.036385
0.17149 0.46424 0.035632
0.17275 0.49867 0.036016
0.17403 0.5114 0.036188
0.17531 0.55444 0.036909
0.1766 0.48933 0.035021
0.1779 0.49387 0.035029
0.17921 0.47387 0.034187
0.18053 0.43199 0.033222
0.18186 0.416 0.032485
0.1832 0.34142 0.030639
0.18455 0.40809 0.031951
0.18591 0.33551 0.030092
0.18728 0.39905 0.031155
0.18866 0.40446 0.031223
0.19005 0.37489 0.030104
0.19145 0.38196 0.030328
0.19286 0.35825 0.029457
0.19429 0.36875 0.029499
0.19572 0.26345 0.027118
