#
0.0050184 15.014 5.1432
0.0050554 16.765 6.0613
0.0050926 659.61 37.608
0.0051301 16.805 5.4213
0.0051679 13.891 4.5178
0.005206 398.27 41.331
0.0052444 342.45 54.212
0.005283 NaN NaN
0.005322 2.5708 2.8577
0.0053612 25.248 7.4235
0.0054007 43.946 7.9542
0.0054405 22.791 4.4541
0.0054806 9.6051 3.78
0.005521 1248.2 42.234
0.0055616 8.1212 3.8337
0.0056026 558.52 30.953
0.0056439 23.96 5.8904
0.0056855 19.615 7.5597
0.0057274 415.25 42.21
0.0057696 16.817 6.0612
0.0058121 10.292 4.792
0.0058549 7.2801 2.694
0.0058981 73.902 14.569
0.0059416 36.059 8.8356
0.0059853 9.3897 3.4637
0.0060294 12.457 7.4236
0.0060739 431.51 16.875
0.0061186 21.066 6.7767
0.0061637 252.54 16.46
0.0062091 9.119 3.012
0.0062549 145.29 15.805
0.006301 8.1568 6.0616
0.0063474 11.412 3.5538
0.0063942 14.719 5.6698
0.0064413 102.43 20.996
0.0064888 -0.37041 NaN
0.0065366 10.183 2.6376
0.0065847 138.17 9.9491
0.0066333 244.26 13.808
0.0066821 182.11 14.947
0.0067314 15.056 5.1432
0.006781 119.68 14.343
0.006831 1.7429 2.1436
0.0068813 7.0594 2.8351
0.006932 27.766 5.8727
0.0069831 5.4378 4.041
0.0070345 5.7628 2.7384
0.0070864 6.5774 1.9318
0.0071386 116.56 9.5437
0.0071912 716.87 45.267
0.0072442 137.86 12.169
0.0072976 8.2062 2.8574
0.0073513 37.483 5.2003
0.0074055 7.0446 2.8351
0.0074601 32.169 7.4727
0.0075151 8.1568 6.0616
0.0075704 3.5001 1.9051
0.0076262 11.841 2.7383
0.0076824 76.757 7.7534
0.007739 150.13 11.972
0.0077961 60.148 5.5234
0.0078535 41.168 7.1403
0.0079114 6.1213 2.6247
0.0079697 33.931 9.8978
0.0080284 4.7637 2.9697
0.0080876 6.9247 2.187
0.0081471 8.2021 2.0791
0.0082072 4.2848 1.909
0.0082677 123.93 8.7234
0.0083286 63.523 7.0564
0.00839 53.887 8.8066
0.0084518 2.495 1.65
0.0085141 12.152 2.8742
0.0085768 5.1209 1.837
0.00864 9.9778 4.1994
0.0087037 5.8245 2.2043
0.0087678 31.391 4.0022
0.0088324 86.834 6.442
0.0088975 5.692 2.268
0.0089631 20.472 3.5702
0.0090291 10.77 3.0907
0.0090956 5.1072 2.0619
0.0091627 16.803 8.5719
0.0092302 0.48898 0.63851
0.0092982 20.358 2.7201
0.0093667 74.645 6.3389
0.0094357 1.7281 2.1436
0.0095053 12.651 2.4296
0.0095753 7.2439 2.694
0.0096459 3.6465 1.5121
0.0097169 7.482 2.3693
0.0097885 3.2799 1.2247
0.0098607 60.688 5.7201
0.0099333 39.649 6.1724
0.010007 11.64 2.0285
0.01008 8.1642 2.1431
0.010155 7.3263 2.5717
0.010229 4.6149 1.8901
0.010305 4.4104 1.6074
0.010381 2.6488 1.2353
0.010457 31.188 3.2303
0.010534 10.116 2.0247
0.010612 9.232 3.2146
0.01069 3.8821 1.5155
0.010769 8.7381 2.286
0.010848 3.3025 1.2247
0.010928 2.0666 1.0001
0.011009 29.475 3.1981
0.01109 10.158 2.6376
0.011171 4.9323 1.4719
0.011254 3.4162 1.3472
0.011337 5.7819 1.9363
0.01142 5.8986 1.5586
0.011504 19.999 2.4553
0.011589 18.249 2.6354
0.011675 3.2208 1.2763
0.011761 3.3833 1.3472
0.011847 2.7183 1.5588
0.011935 2.9611 1.0155
0.012023 5.2048 1.2277
0.012111 18.91 2.8751
0.0122 4.5016 1.4142
0.01229 7.0486 1.6985
0.012381 3.2036 1.1296
0.012472 3.1052 1.1691
0.012564 7.5066 1.6152
0.012657 11.671 1.9571
0.01275 5.8392 1.3546
0.012844 1.5361 0.95273
0.012938 4.5383 1.277
0.013034 1.8573 0.91315
0.01313 4.1136 0.93442
0.013227 10.103 1.8238
0.013324 2.6314 1.2354
0.013422 1.7376 0.81022
0.013521 4.3248 1.4217
0.013621 2.1796 0.74253
0.013721 12.082 1.855
0.013822 6.4615 1.5335
0.013924 1.3013 0.6302
0.014027 2.8218 1.3126
0.01413 3.2003 0.92234
0.014234 6.4061 1.2356
0.014339 5.1612 1.1351
0.014445 2.7928 1.0041
0.014551 3.6503 1.4264
0.014658 3.6509 0.83909
0.014766 3.9286 1.0103
0.014875 5.4081 1.2673
0.014985 3.4754 1.0348
0.015095 2.2331 0.7899
0.015206 1.1492 0.6178
0.015319 4.6606 1.0243
0.015431 3.205 0.83046
0.015545 2.149 0.79745
0.01566 2.7511 1.0042
0.015775 2.5554 0.78243
0.015891 3.4787 0.80619
0.016008 4.1889 1.1046
0.016126 0.96275 0.55282
0.016245 1.1318 0.61781
0.016365 0.4128 0.36195
0.016486 5.2466 1.0865
0.016607 3.6346 0.82353
0.016729 2.4799 0.90375
0.016853 1.4518 0.5895
0.016977 2.3214 0.67246
0.017102 1.3138 0.55924
0.017228 1.4384 0.68749
0.017355 2.1216 0.60952
0.017483 1.9357 0.64406
0.017612 2.6928 0.76209
0.017741 1.7279 0.60618
0.017872 1.4518 0.57694
0.018004 1.4931 0.58042
0.018136 2.9599 0.66981
0.01827 1.1605 0.55126
0.018405 1.4061 0.63827
0.01854 1.9207 0.51819
0.018677 4.29 0.9107
0.018815 2.408 0.67983
0.018953 1.345 0.52668
0.019093 2.3366 0.62288
0.019234 3.497 0.72139
0.019375 1.9459 0.61696
0.019518 1.809 0.60619
0.019662 2.2458 0.54826
0.019807 1.3456 0.50348
0.019953 2.4616 0.69316
0.0201 2.1359 0.56389
0.020248 2.5085 0.5916
0.020397 1.8015 0.5532
0.020547 1.4277 0.52114
0.020699 1.5048 0.48839
0.020851 2.2298 0.5317
0.021005 1.8036 0.56286
0.02116 1.124 0.43687
0.021316 1.5148 0.44366
0.021473 2.5716 0.62836
0.021631 1.8063 0.51237
0.02179 1.1478 0.42356
0.021951 2.4625 0.53375
0.022113 2.5028 0.6047
0.022276 1.3457 0.45836
0.02244 2.2457 0.48416
0.022605 2.3861 0.61845
0.022772 1.4002 0.43117
0.02294 2.7066 0.53535
0.023109 2.8106 0.57514
0.023279 2.6666 0.63259
0.02345 1.3975 0.39535
0.023623 1.5184 0.41804
0.023797 2.0736 0.54779
0.023973 1.5229 0.39927
0.024149 2.0236 0.48171
0.024327 1.8729 0.46161
0.024507 1.5809 0.43182
0.024687 1.7886 0.4164
0.024869 2.1387 0.50437
0.025052 2.3461 0.46725
0.025237 2.0724 0.48045
0.025423 1.6743 0.42837
0.02561 2.3129 0.46115
0.025799 1.674 0.40485
0.025989 1.2037 0.39887
0.026181 1.9231 0.40761
0.026373 2.3643 0.46537
0.026568 2.113 0.45038
0.026764 2.3441 0.44576
0.026961 2.8929 0.50514
0.027159 2.9248 0.51792
0.02736 2.0957 0.40349
0.027561 1.6216 0.41185
0.027764 1.5834 0.35366
0.027969 2.3725 0.45352
0.028175 2.7216 0.46384
0.028383 1.4479 0.36137
0.028592 1.7791 0.38498
0.028802 1.7936 0.38185
0.029015 2.278 0.40338
0.029228 2.4941 0.45002
0.029444 2.5523 0.41972
0.029661 2.9244 0.45004
0.029879 1.7611 0.37896
0.0301 3.5071 0.46855
0.030321 2.9169 0.48181
0.030545 2.8942 0.41674
0.03077 3.7701 0.49815
0.030997 3.2118 0.47317
0.031225 2.9529 0.40974
0.031455 2.2617 0.40451
0.031687 3.1679 0.42447
0.03192 2.876 0.43155
0.032156 2.5771 0.39743
0.032393 3.8664 0.46223
0.032631 2.9968 0.42729
0.032872 3.4577 0.43519
0.033114 3.7413 0.45931
0.033358 3.0672 0.41837
0.033604 4.0174 0.45942
0.033851 3.0053 0.39443
0.034101 3.1904 0.44312
0.034352 3.5878 0.40583
0.034605 3.6375 0.44604
0.03486 3.0616 0.39186
0.035117 3.8244 0.4286
0.035376 3.8103 0.43076
0.035637 3.3447 0.4108
0.035899 3.7776 0.41621
0.036164 4.2299 0.43624
0.03643 3.7569 0.43284
0.036699 3.9271 0.40151
0.036969 3.404 0.39705
0.037241 4.4899 0.44278
0.037516 4.2707 0.43592
0.037792 3.4612 0.37853
0.038071 4.1472 0.41376
0.038351 4.1531 0.42579
0.038634 3.8885 0.38498
0.038919 3.9474 0.39975
0.039205 3.2821 0.36258
0.039494 4.3439 0.42229
0.039785 4.8395 0.40818
0.040079 4.2486 0.40552
0.040374 4.4926 0.39946
0.040671 4.893 0.43495
0.040971 4.0257 0.37444
0.041273 4.1132 0.38146
0.041577 3.4841 0.34833
0.041883 4.2069 0.38402
0.042192 4.0626 0.38015
0.042503 3.9175 0.3536
0.042816 4.2902 0.37587
0.043132 4.099 0.35937
0.04345 3.7473 0.35338
0.04377 3.7715 0.34868
0.044092 4.4286 0.37018
0.044417 4.2384 0.3612
0.044744 3.5898 0.32321
0.045074 3.7121 0.33547
0.045406 3.2515 0.3133
0.045741 3.8598 0.33579
0.046078 3.2516 0.30994
0.046417 3.1676 0.30178
0.04676 4.0597 0.34088
0.047104 3.2784 0.2992
0.047451 3.1393 0.28897
0.047801 3.0413 0.28784
0.048153 2.9048 0.28115
0.048508 3.1017 0.28134
0.048865 2.8012 0.27201
0.049225 2.688 0.26656
0.049588 2.9322 0.27068
0.049954 2.78 0.26498
0.050322 3.0222 0.27839
0.050693 2.5308 0.24628
0.051066 2.7846 0.26016
0.051442 1.9575 0.22083
0.051821 2.3933 0.23837
0.052203 1.9482 0.21802
0.052588 2.3146 0.23097
0.052975 2.1214 0.22335
0.053366 2.2821 0.22741
0.053759 1.873 0.20795
0.054155 1.8551 0.20566
0.054554 2.0217 0.20717
0.054956 1.5929 0.19045
0.055361 1.6464 0.19038
0.055769 2.0043 0.20841
0.05618 2.5978 0.22768
0.056594 2.5481 0.22429
0.057011 3.4867 0.25551
0.057431 5.2952 0.31187
0.057854 5.8605 0.31984
0.058281 7.2266 0.35504
0.05871 6.3941 0.32769
0.059143 6.4052 0.32747
0.059579 5.7533 0.30965
0.060018 4.5317 0.27272
0.06046 3.1403 0.23056
0.060905 2.1286 0.19257
0.061354 1.2471 0.15592
0.061806 1.4397 0.16274
0.062262 1.0652 0.14416
0.062721 1.0603 0.14178
0.063183 0.87767 0.13386
0.063648 1.3229 0.15247
0.064117 0.6646 0.11717
0.06459 0.99383 0.13439
0.065066 0.89114 0.12868
0.065545 1.0143 0.13529
0.066028 0.86986 0.12706
0.066515 0.91108 0.1257
0.067005 0.84044 0.12318
0.067499 0.87486 0.12551
0.067996 0.5798 0.10667
0.068497 1.1556 0.13312
0.069002 0.91669 0.12406
0.06951 0.80467 0.11584
0.070023 0.87151 0.1183
0.070539 0.90636 0.12069
0.071058 0.72254 0.10873
0.071582 0.67577 0.10567
0.072109 0.6671 0.10617
0.072641 0.87162 0.11421
0.073176 0.69514 0.10543
0.073715 0.78007 0.10868
0.074258 0.72389 0.10414
0.074806 0.73488 0.10572
0.075357 0.78993 0.10682
0.075912 0.67395 0.1009
0.076472 0.67887 0.098626
0.077035 0.97784 0.11327
0.077603 0.85146 0.10646
0.078175 0.77524 0.10206
0.078751 1.1506 0.11697
0.079331 0.89201 0.10598
0.079916 0.99475 0.10939
0.080504 1.1455 0.11477
0.081098 1.8162 0.13375
0.081695 2.4874 0.15686
0.082297 3.1147 0.16626
0.082904 3.2471 0.17169
0.083515 3.1979 0.16618
0.08413 2.5398 0.15146
0.08475 1.804 0.13063
0.085374 1.3603 0.1147
0.086004 1.0747 0.10514
0.086637 0.95631 0.098104
0.087276 0.87576 0.09417
0.087919 0.83846 0.09403
0.088567 0.85831 0.093519
0.089219 0.79899 0.090661
0.089877 0.76624 0.08808
0.090539 0.76507 0.087479
0.091206 0.71814 0.084613
0.091878 0.82884 0.089096
0.092555 0.77303 0.086639
0.093237 0.68546 0.081331
0.093924 0.67961 0.080869
0.094616 0.69114 0.081752
0.095314 0.8135 0.084661
0.096016 1.0248 0.091499
0.096724 0.92006 0.088399
0.097436 0.98578 0.089657
0.098154 1.0183 0.088238
0.098878 1.3806 0.099843
0.099606 2.2415 0.12166
0.10034 3.4238 0.14278
0.10108 4.5388 0.16362
0.10182 4.2727 0.15738
0.10257 3.6239 0.14398
0.10333 2.5411 0.12384
0.10409 1.6629 0.10097
0.10486 1.2443 0.090695
0.10563 0.91701 0.079766
0.10641 0.77467 0.074862
0.10719 0.68286 0.071736
0.10798 0.80685 0.074066
0.10878 0.74235 0.073046
0.10958 0.72652 0.070513
0.11039 0.61503 0.067497
0.1112 0.58926 0.065082
0.11202 0.78556 0.072304
0.11285 0.7673 0.069586
0.11368 0.73513 0.069181
0.11452 0.67815 0.065609
0.11536 0.58793 0.063626
0.11621 0.57629 0.062215
0.11707 0.62455 0.063335
0.11793 0.63224 0.063232
0.1188 0.54411 0.059711
0.11967 0.53012 0.059532
0.12056 0.42046 0.054616
0.12144 0.51915 0.057578
0.12234 0.63278 0.06158
0.12324 0.53765 0.057079
0.12415 0.3689 0.051539
0.12506 0.56331 0.05818
0.12598 0.52462 0.055368
0.12691 0.46952 0.053721
0.12785 0.45786 0.053156
0.12879 0.57413 0.056549
0.12974 0.50554 0.053412
0.1307 0.5257 0.053785
0.13166 0.62374 0.056577
0.13263 0.62097 0.055973
0.13361 0.5932 0.054438
0.13459 0.47971 0.05091
0.13558 0.54803 0.052265
0.13658 0.56513 0.05309
0.13759 0.54966 0.051566
0.1386 0.6028 0.052891
0.13962 0.49086 0.049496
0.14065 0.56084 0.050766
0.14169 0.52893 0.049766
0.14273 0.74494 0.055077
0.14378 0.79903 0.055713
0.14484 0.71437 0.053485
0.14591 0.63467 0.051036
0.14699 0.59136 0.049805
0.14807 0.67295 0.051278
0.14916 0.53569 0.047427
0.15026 0.58334 0.048097
0.15137 0.58023 0.047909
0.15248 0.68884 0.049934
0.15361 0.73425 0.050788
0.15474 0.78563 0.051582
0.15588 0.89722 0.053688
0.15703 0.86131 0.052391
0.15818 0.5849 0.045821
0.15935 0.6106 0.046164
0.16052 0.55183 0.044235
0.16171 0.64752 0.046367
0.1629 0.56225 0.044023
0.1641 0.4957 0.042118
0.16531 0.57614 0.043782
0.16653 0.56682 0.043063
0.16775 0.64223 0.044557
0.16899 0.61002 0.043516
0.17023 0.55104 0.04196
0.17149 0.64654 0.043671
0.17275 0.58668 0.04191
0.17403 0.62326 0.042578
0.17531 0.624 0.042358
0.1766 0.60882 0.041459
0.1779 0.63838 0.041973
0.17921 0.56927 0.04003
0.18053 0.54107 0.039364
0.18186 0.46176 0.037174
0.1832 0.49577 0.037737
0.18455 0.48394 0.037248
0.18591 0.44917 0.036208
0.18728 0.5013 0.036919
0.18866 0.37456 0.034069
0.19005 0.35704 0.033147
0.19145 0.4651 0.03561
0.19286 0.37053 0.033138
0.19429 0.39488 0.033466
0.19572 0.40483 0.03362
