#
0.0050184 18.103 5.8668
0.0050554 48.289 10.627
0.0050926 1388.6 56.755
0.0051301 21.896 6.4267
0.0051679 135.62 14.503
0.005206 2100.6 98.713
0.0052444 110.86 32.133
0.005283 NaN NaN
0.005322 39.885 11.148
0.0053612 25.004 7.6914
0.0054007 327.38 22.51
0.0054405 35.794 5.7929
0.0054806 70.687 10.485
0.005521 1418.8 46.841
0.0055616 27.34 7.1853
0.0056026 1199.9 47.189
0.0056439 148.06 15.147
0.0056855 15.043 6.9141
0.0057274 2179.3 100.55
0.0057696 22.837 7.3334
0.0058121 13.457 5.6806
0.0058549 23.338 4.943
0.0058981 791.12 49.471
0.0059416 103.95 15.556
0.0059853 34.013 6.757
0.0060294 13.481 8.0336
0.0060739 496.93 18.838
0.0061186 233.82 23.305
0.0061637 551.57 25.297
0.0062091 21.205 4.7232
0.0062549 769.44 37.793
0.006301 4.189 4.6387
0.0063474 19.306 4.7808
0.0063942 101.73 15.382
0.0064413 1061.6 70.185
0.0064888 8.875 6.5595
0.0065366 18.868 3.7077
0.0065847 105.46 9.0477
0.0066333 275.29 15.249
0.0066821 472.69 25.038
0.0067314 27.424 7.1852
0.006781 611.86 33.701
0.006831 6.524 4.017
0.0068813 50.54 7.6913
0.006932 275.2 19.111
0.0069831 27.528 9.276
0.0070345 36.714 7.012
0.0070864 8.857 2.3191
0.0071386 139.63 10.865
0.0071912 562.43 41.713
0.0072442 314.99 19.123
0.0072976 11.972 3.5705
0.0073513 239.22 13.61
0.0074055 7.6234 3.068
0.0074601 374.31 26.367
0.0075151 8.8269 6.5596
0.0075704 11.002 3.4185
0.0076262 61.843 6.4239
0.0076824 51.019 6.5862
0.007739 135.67 11.841
0.0077961 121.29 8.1482
0.0078535 317.53 20.529
0.0079114 18.219 4.6381
0.0079697 528.34 40.433
0.0080284 14.431 5.2475
0.0080876 18.91 3.7077
0.0081471 53.619 5.4291
0.0082072 13.913 3.477
0.0082677 71.83 6.9174
0.0083286 118.49 10.013
0.00839 288.67 21.141
0.0084518 10.945 3.4185
0.0085141 108.76 8.8259
0.0085768 11.505 2.8112
0.00864 18.218 5.8668
0.0087037 75.451 8
0.0087678 17.601 3.1346
0.0088324 90.361 6.8366
0.0088975 8.9424 2.9335
0.0089631 98.349 8.0877
0.0090291 127.6 10.897
0.0090956 14.803 3.5778
0.0091627 282.55 36.224
0.0092302 5.8994 1.7605
0.0092982 6.5708 1.6399
0.0093667 59.907 5.9123
0.0094357 8.827 4.6383
0.0095053 57.629 5.3258
0.0095753 133.58 11.751
0.0096459 5.8013 1.9557
0.0097169 63.752 7.0424
0.0097885 7.9664 1.9255
0.0098607 29.73 4.1807
0.0099333 48.06 7.0659
0.010007 31.519 3.4409
0.01008 60.432 5.9407
0.010155 7.9282 2.783
0.010229 72.244 7.4945
0.010305 11.15 2.5929
0.010381 20.327 3.3637
0.010457 15.912 2.4198
0.010534 26.969 3.3994
0.010612 81.879 9.7701
0.01069 7.0998 2.0905
0.010769 36.665 4.7902
0.010848 7.9909 1.9255
0.010928 17.255 2.7937
0.011009 14.458 2.3468
0.01109 36.679 5.1455
0.011171 29.632 3.6425
0.011254 5.2428 1.7094
0.011337 40.048 5.1749
0.01142 17.346 2.7326
0.011504 7.2487 1.5671
0.011589 27.008 3.3258
0.011675 4.95 1.6194
0.011761 32.004 4.0904
0.011847 50.165 6.532
0.011935 10.161 1.8742
0.012023 4.7628 1.23
0.012111 10.724 2.2723
0.0122 11.497 2.2953
0.01229 22.385 3.0985
0.012381 20.086 2.8138
0.012472 19.382 2.8907
0.012564 5.626 1.4712
0.012657 10.225 1.913
0.01275 17.834 2.415
0.012844 9.3922 2.2464
0.012938 15.971 2.4198
0.013034 13.302 2.3518
0.01313 5.2949 1.0956
0.013227 9.5593 1.8502
0.013324 13.76 2.7824
0.013422 15.132 2.2713
0.013521 15.811 2.744
0.013621 3.2863 0.92778
0.013721 11.878 1.9161
0.013822 11.816 2.1316
0.013924 11.715 1.7666
0.014027 8.2713 2.2456
0.01413 12.997 1.8582
0.014234 8.6412 1.4849
0.014339 8.8444 1.5251
0.014445 6.1142 1.4977
0.014551 7.2241 2.0418
0.014658 8.305 1.284
0.014766 8.8894 1.5461
0.014875 4.9547 1.2697
0.014985 8.2493 1.6115
0.015095 10.147 1.65
0.015206 3.9719 1.0915
0.015319 9.5684 1.5008
0.015431 4.9112 1.0512
0.015545 4.5081 1.1577
0.01566 4.3513 1.2857
0.015775 7.969 1.3763
0.015891 5.5834 1.045
0.016008 5.1128 1.2637
0.016126 4.4593 1.0918
0.016245 6.9541 1.4178
0.016365 5.1723 0.99019
0.016486 4.7727 1.0852
0.016607 5.9339 1.0762
0.016729 7.9401 1.6068
0.016853 6.2091 1.1585
0.016977 5.0585 0.99634
0.017102 6.0597 1.1408
0.017228 7.4596 1.4875
0.017355 5.9743 1.0116
0.017483 4.0272 0.92695
0.017612 6.4184 1.1843
0.017741 3.5736 0.86767
0.017872 6.3078 1.1509
0.018004 4.2661 0.9467
0.018136 4.9424 0.88175
0.01827 3.5749 0.91912
0.018405 5.4274 1.196
0.01854 5.0869 0.83161
0.018677 3.8694 0.90658
0.018815 1.8923 0.64339
0.018953 5.4064 1.0018
0.019093 5.7752 0.9779
0.019234 3.3495 0.73919
0.019375 5.6736 1.0403
0.019518 5.5954 1.045
0.019662 4.533 0.78235
0.019807 4.9151 0.91689
0.019953 3.7552 0.87245
0.0201 3.6755 0.7473
0.020248 6.2422 0.93313
0.020397 3.2961 0.74823
0.020547 4.6371 0.90623
0.020699 4.7659 0.84103
0.020851 5.231 0.81361
0.021005 3.6813 0.80182
0.02116 2.9897 0.68222
0.021316 5.1462 0.79197
0.021473 5.6816 0.93943
0.021631 4.3064 0.78402
0.02179 3.7835 0.73009
0.021951 5.3931 0.79459
0.022113 2.9812 0.68222
0.022276 5.1667 0.85892
0.02244 3.3865 0.60495
0.022605 5.8737 0.96974
0.022772 3.3252 0.64998
0.02294 4.2397 0.68396
0.023109 4.8298 0.76631
0.023279 5.0264 0.87985
0.02345 3.4249 0.60494
0.023623 5.7879 0.78337
0.023797 4.7619 0.82769
0.023973 3.8094 0.61754
0.024149 4.1702 0.69148
0.024327 4.6772 0.72091
0.024507 4.2592 0.69148
0.024687 5.1433 0.69365
0.024869 5.5885 0.80945
0.025052 5.6598 0.72543
0.025237 6.3202 0.82824
0.025423 5.1939 0.736
0.02561 4.0208 0.61404
0.025799 6.3639 0.76351
0.025989 6.588 0.86973
0.026181 5.1213 0.65693
0.026373 5.2819 0.6967
0.026568 5.1746 0.7002
0.026764 5.0738 0.65868
0.026961 6.2508 0.74963
0.027159 5.703 0.73228
0.02736 5.3836 0.64132
0.027561 5.3017 0.72195
0.027764 5.9051 0.65916
0.027969 4.9067 0.65542
0.028175 4.6658 0.61699
0.028383 6.3968 0.72334
0.028592 5.8273 0.67885
0.028802 5.6085 0.65916
0.029015 6.0179 0.65137
0.029228 7.9456 0.79755
0.029444 6.0704 0.64878
0.029661 6.1464 0.65936
0.029879 6.3266 0.69898
0.0301 7.0909 0.67692
0.030321 7.1106 0.75664
0.030545 6.7968 0.64284
0.03077 7.9451 0.73458
0.030997 7.2401 0.7178
0.031225 8.5978 0.701
0.031455 7.7199 0.73722
0.031687 8.039 0.68124
0.03192 8.1835 0.7292
0.032156 6.3835 0.62721
0.032393 8.877 0.71154
0.032631 8.0575 0.70462
0.032872 10.086 0.74836
0.033114 7.7484 0.67183
0.033358 9.7415 0.74667
0.033604 9.53 0.71817
0.033851 7.2705 0.61768
0.034101 9.1613 0.7546
0.034352 7.423 0.59291
0.034605 8.9234 0.70739
0.03486 8.0965 0.64105
0.035117 9.771 0.69406
0.035376 7.5185 0.61616
0.035637 9.8041 0.70795
0.035899 9.2218 0.65883
0.036164 8.5023 0.6308
0.03643 9.1435 0.68362
0.036699 8.8275 0.61175
0.036969 10.304 0.6948
0.037241 9.04 0.64164
0.037516 8.5533 0.62946
0.037792 9.4885 0.63122
0.038071 9.2286 0.62787
0.038351 10.751 0.69447
0.038634 9.0531 0.59628
0.038919 9.2301 0.62082
0.039205 9.1567 0.60878
0.039494 8.665 0.60897
0.039785 8.6169 0.55827
0.040079 9.2363 0.6086
0.040374 9.0754 0.57972
0.040671 8.8274 0.59888
0.040971 9.8055 0.59339
0.041273 8.1621 0.54802
0.041577 9.1736 0.57071
0.041883 9.3823 0.58353
0.042192 7.8753 0.5399
0.042503 7.4472 0.49729
0.042816 9.5427 0.57054
0.043132 8.6386 0.53112
0.04345 7.4852 0.50823
0.04377 7.7987 0.51038
0.044092 8.1717 0.51409
0.044417 8.2183 0.51344
0.044744 7.4421 0.47283
0.045074 7.3177 0.47952
0.045406 7.6322 0.48473
0.045741 7.2791 0.47026
0.046078 7.4296 0.47343
0.046417 8.0528 0.4845
0.04676 7.2872 0.46711
0.047104 6.7461 0.43517
0.047451 6.6868 0.427
0.047801 6.7409 0.43265
0.048153 6.0542 0.41013
0.048508 6.482 0.41184
0.048865 6.5263 0.41775
0.049225 5.7847 0.39387
0.049588 5.899 0.38857
0.049954 5.5257 0.37759
0.050322 5.2445 0.37345
0.050693 5.3735 0.36106
0.051066 5.3039 0.36367
0.051442 5.4368 0.36334
0.051821 5.6086 0.36544
0.052203 4.6929 0.3358
0.052588 5.0761 0.34289
0.052975 4.3193 0.31935
0.053366 3.9776 0.30356
0.053759 4.1186 0.30653
0.054155 3.687 0.28971
0.054554 3.7889 0.28486
0.054956 3.7856 0.28871
0.055361 4.1158 0.29575
0.055769 4.0799 0.2975
0.05618 3.957 0.28675
0.056594 3.8708 0.28209
0.057011 2.7159 0.23913
0.057431 3.193 0.25867
0.057854 3.2963 0.25665
0.058281 3.1094 0.25147
0.05871 2.9819 0.24155
0.059143 3.3088 0.25235
0.059579 2.9472 0.23847
0.060018 2.9696 0.23534
0.06046 2.583 0.22126
0.060905 3.0888 0.23667
0.061354 2.7969 0.22748
0.061806 2.3703 0.20905
0.062262 2.743 0.22111
0.062721 2.5842 0.21224
0.063183 2.2012 0.20021
0.063648 2.2724 0.19907
0.064117 2.6742 0.20922
0.06459 2.7147 0.21099
0.065066 2.5109 0.20282
0.065545 2.4213 0.20018
0.066028 2.5321 0.20274
0.066515 2.4055 0.19278
0.067005 2.1548 0.1856
0.067499 2.311 0.19203
0.067996 2.4603 0.19188
0.068497 2.706 0.19712
0.069002 2.3159 0.18719
0.06951 2.3869 0.18507
0.070023 2.6162 0.19111
0.070539 2.3747 0.18466
0.071058 2.4586 0.18267
0.071582 2.4311 0.18055
0.072109 2.6106 0.18767
0.072641 2.4091 0.17834
0.073176 2.2505 0.17254
0.073715 2.3193 0.17341
0.074258 2.3691 0.17198
0.074806 2.2754 0.17053
0.075357 2.268 0.16812
0.075912 1.957 0.15715
0.076472 2.0633 0.15705
0.077035 2.2425 0.16467
0.077603 2.0853 0.15764
0.078175 1.9177 0.1506
0.078751 1.9687 0.15167
0.079331 2.1552 0.15646
0.079916 2.5449 0.16684
0.080504 2.2062 0.15651
0.081098 1.7625 0.13842
0.081695 2.052 0.15127
0.082297 1.8579 0.13943
0.082904 2.105 0.1487
0.083515 2.3672 0.15235
0.08413 1.7105 0.13429
0.08475 1.7411 0.13491
0.085374 2.1007 0.14331
0.086004 2.0316 0.14189
0.086637 2.1786 0.14202
0.087276 1.9151 0.13346
0.087919 1.6292 0.12656
0.088567 1.8769 0.13225
0.089219 2.0145 0.13537
0.089877 1.9169 0.13069
0.090539 1.7613 0.12536
0.091206 1.6534 0.12094
0.091878 1.8926 0.12817
0.092555 1.6817 0.12142
0.093237 1.5672 0.11546
0.093924 1.7052 0.11893
0.094616 1.5888 0.11631
0.095314 1.5066 0.11171
0.096016 1.7082 0.11689
0.096724 1.7373 0.11822
0.097436 1.5645 0.1122
0.098154 1.2348 0.099597
0.098878 1.4388 0.10646
0.099606 1.51 0.10837
0.10034 1.4973 0.1051
0.10108 1.5281 0.1068
0.10182 1.4021 0.10216
0.10257 1.5724 0.10538
0.10333 1.4316 0.10232
0.10409 1.4539 0.10036
0.10486 1.3849 0.099214
0.10563 1.3921 0.097887
0.10641 1.5461 0.1015
0.10719 1.478 0.099637
0.10798 1.2895 0.092266
0.10878 1.2991 0.093856
0.10958 1.2842 0.090851
0.11039 1.4689 0.096663
0.1112 1.3779 0.092047
0.11202 1.4024 0.093923
0.11285 1.2211 0.086412
0.11368 1.5218 0.094908
0.11452 1.2893 0.086654
0.11536 1.1466 0.084063
0.11621 1.0865 0.081073
0.11707 1.408 0.088817
0.11793 1.382 0.087684
0.1188 1.2459 0.083221
0.11967 1.1128 0.080242
0.12056 1.1932 0.080542
0.12144 1.1486 0.078999
0.12234 1.2391 0.081852
0.12324 1.1655 0.07792
0.12415 1.0522 0.075059
0.12506 1.11 0.076944
0.12598 1.0735 0.073875
0.12691 1.024 0.072761
0.12785 1.088 0.073999
0.12879 1.2164 0.076841
0.12974 1.0225 0.070817
0.1307 1.1086 0.072574
0.13166 1.0248 0.070431
0.13263 1.0165 0.069598
0.13361 1.0379 0.069197
0.13459 1.0761 0.069793
0.13558 0.90545 0.064846
0.13658 1.0022 0.067621
0.13759 0.89596 0.063707
0.1386 0.88843 0.063321
0.13962 0.95552 0.064605
0.14065 0.98185 0.064364
0.14169 0.9759 0.064012
0.14273 1.0094 0.064428
0.14378 0.97672 0.062903
0.14484 0.85845 0.059942
0.14591 1.0534 0.063845
0.14699 0.98808 0.062246
0.14807 0.9163 0.059932
0.14916 0.79953 0.056775
0.15026 0.7814 0.055718
0.15137 0.80846 0.056218
0.15248 0.80937 0.055528
0.15361 0.76156 0.054192
0.15474 0.71336 0.052684
0.15588 0.94133 0.057467
0.15703 0.6999 0.051506
0.15818 0.80481 0.053562
0.15935 0.79035 0.052924
0.16052 0.7239 0.050828
0.16171 0.703 0.050228
0.1629 0.82284 0.052473
0.1641 0.73596 0.050197
0.16531 0.7135 0.049421
0.16653 0.70575 0.048683
0.16775 0.75009 0.049414
0.16899 0.73739 0.048773
0.17023 0.61493 0.04583
0.17149 0.596 0.044975
0.17275 0.69269 0.046606
0.17403 0.68236 0.046245
0.17531 0.65573 0.04542
0.1766 0.65884 0.044865
0.1779 0.62457 0.04402
0.17921 0.60679 0.043121
0.18053 0.62969 0.043542
0.18186 0.62218 0.042882
0.1832 0.60952 0.0424
0.18455 0.63609 0.042687
0.18591 0.63632 0.042365
0.18728 0.55266 0.040168
0.18866 0.55761 0.04021
0.19005 0.51233 0.038636
0.19145 0.45072 0.037397
0.19286 0.46653 0.037294
0.19429 0.46368 0.037
0.19572 0.46468 0.03695
