#
0.0050184 8.727 1.2159
0.0050554 7.7612 1.282
0.0050926 144.33 5.5163
0.0051301 7.0485 1.0927
0.0051679 11.623 1.2801
0.005206 23.154 3.1262
0.0052444 293.34 15.727
0.005283 NaN NaN
0.005322 4.1871 1.0884
0.0053612 7.5416 1.2646
0.0054007 6.2894 0.94258
0.0054405 22.812 1.3879
0.0054806 9.9374 1.184
0.005521 165.48 4.8226
0.0055616 9.398 1.2618
0.0056026 129.8 4.6788
0.0056439 11.49 1.2724
0.0056855 11.484 1.7994
0.0057274 188.38 8.9122
0.0057696 3.1294 0.81631
0.0058121 4.8061 1.0108
0.0058549 5.2124 0.701
0.0058981 9.7978 1.6626
0.0059416 46.964 3.1474
0.0059853 11.04 1.1552
0.0060294 5.4406 1.5199
0.0060739 62.351 2.0114
0.0061186 6.2873 1.1544
0.0061637 71.734 2.7501
0.0062091 5.9553 0.7494
0.0062549 71.281 3.4678
0.006301 3.3314 1.1923
0.0063474 6.0754 0.80258
0.0063942 6.7168 1.1923
0.0064413 73.726 5.5763
0.0064888 5.4435 1.5199
0.0065366 5.9302 0.62203
0.0065847 19.912 1.184
0.0066333 38.892 1.7274
0.0066821 53.681 2.5435
0.0067314 6.7078 1.0664
0.006781 53.081 2.9926
0.006831 5.6513 1.0952
0.0068813 5.8581 0.78862
0.006932 16.34 1.4045
0.0069831 3.6261 1.0132
0.0070345 4.5412 0.74244
0.0070864 4.8622 0.50814
0.0071386 16.753 1.1342
0.0071912 87.088 4.9479
0.0072442 40.537 2.0678
0.0072976 3.8983 0.60708
0.0073513 23.428 1.284
0.0074055 4.9082 0.72248
0.0074601 22.723 1.9591
0.0075151 3.3314 1.1923
0.0075704 3.9039 0.60708
0.0076262 7.2467 0.66241
0.0076824 9.6954 0.86372
0.007739 22.447 1.4512
0.0077961 17.768 0.93964
0.0078535 31.509 1.9495
0.0079114 3.5528 0.61449
0.0079697 33.407 3.0656
0.0080284 3.6722 0.79088
0.0080876 3.5345 0.48096
0.0081471 5.0716 0.50331
0.0082072 3.0273 0.48474
0.0082677 14.417 0.93291
0.0083286 19.354 1.2191
0.00839 28.344 1.997
0.0084518 2.5872 0.49569
0.0085141 10.923 0.84307
0.0085768 2.3705 0.38087
0.00864 3.3419 0.75407
0.0087037 5.9378 0.67689
0.0087678 5.567 0.52718
0.0088324 14.77 0.83259
0.0088975 2.6675 0.47692
0.0089631 14.419 0.93291
0.0090291 9.9114 0.91581
0.0090956 3.0315 0.48474
0.0091627 2.4957 1.0326
0.0092302 4.3078 0.43927
0.0092982 3.5479 0.35478
0.0093667 14.297 0.86902
0.0094357 2.0669 0.66652
0.0095053 10.119 0.67147
0.0095753 12.234 1.0722
0.0096459 2.2134 0.35548
0.0097169 5.3025 0.61248
0.0097885 1.9284 0.28103
0.0098607 5.8636 0.55764
0.0099333 10.457 0.99136
0.010007 6.1021 0.45495
0.01008 6.3356 0.57961
0.010155 2.9969 0.50585
0.010229 3.8964 0.52575
0.010305 2.5941 0.3726
0.010381 2.4426 0.35068
0.010457 6.0182 0.44342
0.010534 5.9384 0.47864
0.010612 1.9618 0.45937
0.01069 7.021 0.60996
0.010769 4.2317 0.48999
0.010848 1.6898 0.26327
0.010928 3.1339 0.35683
0.011009 4.5514 0.39328
0.01109 7.6139 0.70447
0.011171 4.4194 0.42297
0.011254 1.8348 0.29623
0.011337 4.4227 0.51803
0.01142 2.0364 0.28161
0.011504 2.4903 0.27117
0.011589 3.1511 0.3419
0.011675 4.4878 0.44814
0.011761 5.3912 0.50446
0.011847 4.0995 0.56322
0.011935 1.8569 0.239
0.012023 1.8556 0.22356
0.012111 4.1783 0.42154
0.0122 4.0961 0.40745
0.01229 4.4488 0.41451
0.012381 3.1956 0.33694
0.012472 2.0682 0.28421
0.012564 2.1002 0.26344
0.012657 2.3657 0.274
0.01275 2.9582 0.29505
0.012844 5.0222 0.48675
0.012938 2.8135 0.30419
0.013034 2.0154 0.27431
0.01313 1.88 0.19161
0.013227 3.3044 0.323
0.013324 2.6392 0.36444
0.013422 2.0076 0.2483
0.013521 2.1537 0.30398
0.013621 1.8162 0.19773
0.013721 2.2762 0.25074
0.013822 2.3554 0.28416
0.013924 3.3129 0.28005
0.014027 1.4895 0.28377
0.01413 2.1883 0.22826
0.014234 1.5175 0.18563
0.014339 1.852 0.2076
0.014445 2.2731 0.26862
0.014551 2.2931 0.34
0.014658 1.357 0.15486
0.014766 1.8618 0.21078
0.014875 1.9461 0.23237
0.014985 2.4087 0.25801
0.015095 2.5381 0.24562
0.015206 1.3281 0.1839
0.015319 1.5071 0.17809
0.015431 1.7578 0.18357
0.015545 2.8398 0.26707
0.01566 1.9255 0.24785
0.015775 1.2589 0.16322
0.015891 1.4497 0.15683
0.016008 2.2299 0.24433
0.016126 2.2246 0.22408
0.016245 1.7479 0.21041
0.016365 1.5995 0.16145
0.016486 1.7704 0.1929
0.016607 1.8783 0.17805
0.016729 1.7334 0.22307
0.016853 1.554 0.17096
0.016977 1.5673 0.16282
0.017102 1.5038 0.16798
0.017228 1.7765 0.21528
0.017355 1.6768 0.15791
0.017483 1.2618 0.1511
0.017612 1.5388 0.17172
0.017741 1.7529 0.17547
0.017872 1.9186 0.18728
0.018004 1.4545 0.16049
0.018136 1.6348 0.14846
0.01827 1.9728 0.19635
0.018405 2.0907 0.21739
0.01854 1.3282 0.12481
0.018677 1.5636 0.16756
0.018815 2.0041 0.182
0.018953 1.959 0.17664
0.019093 1.8457 0.16266
0.019234 1.3319 0.13435
0.019375 1.9748 0.18055
0.019518 2.1782 0.19137
0.019662 1.8509 0.14571
0.019807 1.6185 0.15391
0.019953 1.7299 0.17101
0.0201 1.4747 0.13695
0.020248 1.5648 0.13798
0.020397 2.2033 0.17468
0.020547 1.7822 0.16405
0.020699 1.6358 0.14406
0.020851 1.532 0.1294
0.021005 1.9636 0.16908
0.02116 1.6604 0.14513
0.021316 1.9586 0.14321
0.021473 1.8469 0.15754
0.021631 1.8045 0.14784
0.02179 1.6374 0.13908
0.021951 1.8788 0.1378
0.022113 1.734 0.14827
0.022276 1.7704 0.14752
0.02244 1.9592 0.13182
0.022605 2.0841 0.16985
0.022772 1.9164 0.14173
0.02294 2.1357 0.14108
0.023109 1.9423 0.14185
0.023279 1.7539 0.15238
0.02345 1.9801 0.13239
0.023623 2.1046 0.13866
0.023797 2.0347 0.15796
0.023973 2.188 0.135
0.024149 2.1221 0.14304
0.024327 1.8889 0.13362
0.024507 2.203 0.14413
0.024687 2.2009 0.13279
0.024869 2.2041 0.14912
0.025052 2.1455 0.13114
0.025237 2.1031 0.14082
0.025423 2.4393 0.14749
0.02561 2.3582 0.13561
0.025799 2.3583 0.13679
0.025989 2.5301 0.15869
0.026181 2.4351 0.13236
0.026373 2.7851 0.14778
0.026568 2.4747 0.1414
0.026764 2.695 0.14029
0.026961 2.7679 0.14664
0.027159 2.9522 0.15424
0.02736 2.9092 0.13774
0.027561 2.7384 0.15152
0.027764 2.6226 0.12891
0.027969 3.1146 0.15203
0.028175 3.0078 0.14392
0.028383 3.055 0.14683
0.028592 3.1794 0.14676
0.028802 3.3463 0.14876
0.029015 3.2378 0.13998
0.029228 3.6454 0.15955
0.029444 3.1872 0.1379
0.029661 3.6601 0.14923
0.029879 3.2427 0.147
0.0301 3.6564 0.14315
0.030321 4.0188 0.16744
0.030545 3.5063 0.13582
0.03077 4.0888 0.15547
0.030997 3.89 0.15493
0.031225 3.9903 0.14133
0.031455 3.8983 0.15453
0.031687 3.8238 0.1388
0.03192 3.8072 0.14701
0.032156 3.9369 0.1447
0.032393 4.467 0.14945
0.032631 4.1636 0.14971
0.032872 4.4056 0.14674
0.033114 4.393 0.14913
0.033358 4.5972 0.15206
0.033604 4.2105 0.14147
0.033851 4.5294 0.14351
0.034101 4.7673 0.16115
0.034352 4.1654 0.13085
0.034605 4.7587 0.15288
0.03486 4.5257 0.14155
0.035117 5.0436 0.14784
0.035376 4.421 0.13921
0.035637 4.8838 0.14816
0.035899 4.3254 0.13364
0.036164 4.6116 0.13729
0.03643 4.4611 0.14131
0.036699 4.7493 0.13276
0.036969 4.6857 0.13904
0.037241 5.0295 0.14163
0.037516 4.8005 0.13938
0.037792 5.1695 0.13789
0.038071 4.698 0.13263
0.038351 5.0832 0.14173
0.038634 4.5778 0.12552
0.038919 5.1747 0.13763
0.039205 4.6862 0.12885
0.039494 5.1297 0.13854
0.039785 4.554 0.11998
0.040079 4.7313 0.12892
0.040374 4.6835 0.12327
0.040671 5.0535 0.13402
0.040971 4.8532 0.12381
0.041273 4.4391 0.11935
0.041577 4.8459 0.12281
0.041883 4.3866 0.11821
0.042192 4.7529 0.1237
0.042503 4.2411 0.11059
0.042816 4.7062 0.11869
0.043132 4.4268 0.1124
0.04345 4.3678 0.11438
0.04377 4.3502 0.11255
0.044092 4.1518 0.10817
0.044417 4.3167 0.10991
0.044744 4.1682 0.1043
0.045074 3.8407 0.10238
0.045406 4.1381 0.10523
0.045741 3.9144 0.10158
0.046078 3.7498 0.099138
0.046417 3.6593 0.096475
0.04676 3.6536 0.097549
0.047104 3.4719 0.091827
0.047451 3.3336 0.088732
0.047801 3.2849 0.088846
0.048153 3.1981 0.087428
0.048508 3.139 0.084287
0.048865 2.9721 0.082933
0.049225 3.0055 0.083172
0.049588 2.6051 0.075788
0.049954 2.8206 0.078926
0.050322 2.6969 0.078304
0.050693 2.5413 0.072654
0.051066 2.4398 0.072177
0.051442 2.472 0.071754
0.051821 2.396 0.07006
0.052203 2.3078 0.06862
0.052588 2.2375 0.06656
0.052975 2.1359 0.065217
0.053366 2.0633 0.06325
0.053759 2.2529 0.065668
0.054155 2.0031 0.06163
0.054554 1.9292 0.058727
0.054956 1.9802 0.060305
0.055361 1.8766 0.057937
0.055769 1.8408 0.057991
0.05618 1.8072 0.056128
0.056594 1.8832 0.056923
0.057011 1.7446 0.054349
0.057431 1.7445 0.054779
0.057854 1.6563 0.052226
0.058281 1.6485 0.052403
0.05871 1.6838 0.051771
0.059143 1.6053 0.050519
0.059579 1.6534 0.050972
0.060018 1.5826 0.049126
0.06046 1.5524 0.048552
0.060905 1.5712 0.048398
0.061354 1.4542 0.046705
0.061806 1.4691 0.04627
0.062262 1.5038 0.046521
0.062721 1.5108 0.045909
0.063183 1.4401 0.045291
0.063648 1.3945 0.04382
0.064117 1.4676 0.044025
0.06459 1.4166 0.043397
0.065066 1.4115 0.043033
0.065545 1.4909 0.044243
0.066028 1.3627 0.042142
0.066515 1.3893 0.041298
0.067005 1.3581 0.041219
0.067499 1.3825 0.041761
0.067996 1.3513 0.040222
0.068497 1.3584 0.039733
0.069002 1.4114 0.041137
0.06951 1.3648 0.039478
0.070023 1.3241 0.038601
0.070539 1.3593 0.0394
0.071058 1.3167 0.037849
0.071582 1.3243 0.037697
0.072109 1.3562 0.038427
0.072641 1.2828 0.036783
0.073176 1.2929 0.036769
0.073715 1.2814 0.036326
0.074258 1.2958 0.035909
0.074806 1.337 0.036742
0.075357 1.1953 0.034375
0.075912 1.2795 0.035295
0.076472 1.1799 0.033239
0.077035 1.1967 0.033843
0.077603 1.1949 0.03338
0.078175 1.1035 0.03175
0.078751 1.1759 0.032622
0.079331 1.1579 0.032165
0.079916 1.1732 0.032183
0.080504 1.0893 0.03099
0.081098 1.1337 0.030641
0.081695 1.1683 0.031881
0.082297 1.1095 0.029854
0.082904 1.1021 0.030193
0.083515 1.0898 0.029246
0.08413 1.054 0.029047
0.08475 1.061 0.029039
0.085374 1.0687 0.028651
0.086004 1.0283 0.028295
0.086637 1.0445 0.027662
0.087276 1.0016 0.026919
0.087919 1.0103 0.027335
0.088567 0.97881 0.026573
0.089219 0.98963 0.026569
0.089877 0.94509 0.025613
0.090539 0.93603 0.025299
0.091206 0.96289 0.025436
0.091878 0.94866 0.025324
0.092555 0.91014 0.024629
0.093237 0.9259 0.024329
0.093924 0.913 0.024034
0.094616 0.91172 0.02418
0.095314 0.88463 0.023376
0.096016 0.85614 0.022875
0.096724 0.93899 0.024027
0.097436 0.87521 0.023002
0.098154 0.89951 0.022669
0.098878 0.87572 0.022575
0.099606 0.86289 0.022352
0.10034 0.82097 0.021281
0.10108 0.83592 0.021626
0.10182 0.81676 0.021149
0.10257 0.80333 0.020694
0.10333 0.79633 0.02075
0.10409 0.80224 0.020302
0.10486 0.75942 0.019928
0.10563 0.79991 0.020134
0.10641 0.78426 0.019852
0.10719 0.72686 0.019139
0.10798 0.77376 0.019227
0.10878 0.75503 0.019281
0.10958 0.74903 0.018675
0.11039 0.75028 0.018892
0.1112 0.75446 0.018476
0.11202 0.7427 0.018606
0.11285 0.68969 0.017421
0.11368 0.69746 0.017678
0.11452 0.72458 0.017531
0.11536 0.6828 0.017263
0.11621 0.66401 0.016755
0.11707 0.67975 0.016844
0.11793 0.66865 0.016617
0.1188 0.69147 0.016649
0.11967 0.65863 0.016379
0.12056 0.62895 0.015667
0.12144 0.63589 0.015675
0.12234 0.62565 0.015665
0.12324 0.61674 0.015153
0.12415 0.62942 0.015297
0.12506 0.62144 0.015293
0.12598 0.58916 0.014493
0.12691 0.58655 0.014498
0.12785 0.57355 0.014248
0.12879 0.60495 0.014554
0.12974 0.58328 0.014084
0.1307 0.58465 0.014023
0.13166 0.57012 0.013825
0.13263 0.55333 0.013524
0.13361 0.54437 0.013254
0.13459 0.56541 0.013428
0.13558 0.51579 0.012713
0.13658 0.53641 0.013021
0.13759 0.52849 0.012688
0.1386 0.50851 0.012406
0.13962 0.53678 0.012658
0.14065 0.50362 0.012132
0.14169 0.50695 0.012109
0.14273 0.50615 0.012051
0.14378 0.48537 0.011672
0.14484 0.47694 0.011527
0.14591 0.48209 0.011486
0.14699 0.45229 0.011125
0.14807 0.47914 0.011302
0.14916 0.46568 0.011063
0.15026 0.43632 0.010634
0.15137 0.44403 0.010688
0.15248 0.44403 0.010563
0.15361 0.45807 0.010677
0.15474 0.42883 0.010258
0.15588 0.42998 0.010223
0.15703 0.44212 0.010252
0.15818 0.42827 0.010037
0.15935 0.41231 0.0098004
0.16052 0.40003 0.0095571
0.16171 0.41021 0.0096258
0.1629 0.40502 0.0095122
0.1641 0.37539 0.0091093
0.16531 0.38734 0.0091942
0.16653 0.36832 0.0088861
0.16775 0.36981 0.0088471
0.16899 0.35604 0.0086312
0.17023 0.35488 0.0085776
0.17149 0.35379 0.0084886
0.17275 0.34685 0.0083292
0.17403 0.33986 0.0082198
0.17531 0.3401 0.0081755
0.1766 0.32308 0.0078813
0.1779 0.30986 0.007717
0.17921 0.33155 0.0078649
0.18053 0.31884 0.0077084
0.18186 0.29459 0.0073594
0.1832 0.29837 0.0073607
0.18455 0.28894 0.0072072
0.18591 0.2972 0.0072385
0.18728 0.28317 0.007017
0.18866 0.26827 0.0068423
0.19005 0.2782 0.0068388
0.19145 0.27114 0.0067773
0.19286 0.25155 0.006472
0.19429 0.25118 0.0064298
0.19572 0.25337 0.0064264
