#
0.0050184 4.4838 3.6077
0.0050554 2.626 3.1891
0.0050926 15.345 7.1293
0.0051301 2.0479 2.5514
0.0051679 12.165 5.2066
0.005206 -0.46291 NaN
0.0052444 12.135 12.754
0.005283 NaN NaN
0.005322 12.326 7.3631
0.0053612 12.058 6.3769
0.0054007 5.8693 3.6818
0.0054405 8.4021 3.3743
0.0054806 10.039 4.753
0.005521 10.039 4.753
0.0055616 6.9814 4.4183
0.0056026 4.5808 3.6076
0.0056439 16.518 6.0119
0.0056855 16.43 8.5022
0.0057274 12.047 9.0183
0.0057696 5.8913 4.5093
0.0058121 -0.62824 NaN
0.0058549 10.831 4.008
0.0058981 12.179 7.3633
0.0059416 2.6371 3.1891
0.0059853 8.5043 4.0741
0.0060294 12.157 9.0181
0.0060739 8.2861 2.9432
0.0061186 9.0243 5.5226
0.0061637 7.4909 3.5648
0.0062091 13.567 4.4811
0.0062549 1.9157 2.5516
0.006301 5.7591 6.3773
0.0063474 4.2256 2.7616
0.0063942 12.334 6.3766
0.0064413 12.113 9.0182
0.0064888 -0.55109 NaN
0.0065366 5.3398 2.4033
0.0065847 2.5819 1.8413
0.0066333 8.6413 3.2794
0.0066821 3.1271 2.577
0.0067314 1.995 2.5515
0.006781 4.6249 3.6076
0.006831 2.593 3.1892
0.0068813 2.5323 2.2552
0.006932 8.5169 4.0741
0.0069831 8.0902 6.0121
0.0070345 6.7518 3.6441
0.0070864 2.6123 1.5946
0.0071386 4.1563 2.3191
0.0071912 3.8247 4.2516
0.0072442 4.2532 2.7615
0.0072976 13.626 4.4811
0.0073513 1.567 1.5036
0.0074055 7.2925 3.565
0.0074601 1.9509 2.5516
0.0075151 5.7591 6.3774
0.0075704 6.6243 3.1688
0.0076262 5.7748 2.4104
0.0076824 5.2195 2.5928
0.007739 5.1486 2.8344
0.0077961 4.7194 1.9851
0.0078535 4.7726 3.1561
0.0079114 4.3248 2.7615
0.0079697 3.7218 4.2518
0.0080284 4.5367 3.6077
0.0080876 2.4546 1.6996
0.0081471 5.4514 2.1221
0.0082072 0.57818 1.1603
0.0082677 4.0192 2.0372
0.0083286 2.9209 2.0086
0.00839 1.5303 2.1265
0.0084518 3.712 2.4548
0.0085141 4.3453 2.1939
0.0085768 3.0642 1.8223
0.00864 -0.45851 NaN
0.0087037 4.0281 2.3192
0.0087678 1.6929 1.2999
0.0088324 5.2049 2.0042
0.0088975 3.3673 2.2093
0.0089631 0.3976 0.91179
0.0090291 0.71976 1.2762
0.0090956 1.8016 1.6402
0.0091627 -0.507 NaN
0.0092302 2.741 1.5013
0.0092982 3.1886 1.4062
0.0093667 4.2504 1.9527
0.0094357 -0.61722 NaN
0.0095053 2.7132 1.5013
0.0095753 -0.55844 NaN
0.0096459 4.5749 2.0829
0.0097169 2.6297 1.8412
0.0097885 3.6651 1.6071
0.0098607 1.818 1.3811
0.0099333 0.89281 1.4179
0.010007 3.5447 1.4431
0.01008 0.98788 1.1279
0.010155 4.5235 2.551
0.010229 0.48959 1.0637
0.010305 0.18533 0.7981
0.010381 2.4405 1.5008
0.010457 1.7657 1.0973
0.010534 2.2971 1.2966
0.010612 0.98237 1.5951
0.01069 4.9786 2.1092
0.010769 4.4985 2.0829
0.010848 3.6987 1.607
0.010928 3.0747 1.4879
0.011009 2.5334 1.2499
0.01109 2.3596 1.6997
0.011171 2.48 1.3583
0.011254 1.5401 1.2277
0.011337 2.2257 1.5782
0.01142 2.3993 1.2966
0.011504 2.4899 1.1638
0.011589 -0.018671 0.55545
0.011675 0.093417 0.67219
0.011761 3.6165 1.7359
0.011847 2.8848 2.0086
0.011935 1.2172 0.91143
0.012023 1.7656 0.97661
0.012111 1.9906 1.2758
0.0122 0.62461 0.85953
0.01229 2.951 1.4203
0.012381 5.8289 1.841
0.012472 2.8808 1.4203
0.012564 1.8488 1.0972
0.012657 1.3047 0.94515
0.01275 2.5309 1.1638
0.012844 2.2853 1.4174
0.012938 0.86611 0.85015
0.013034 2.2088 1.2403
0.01313 2.9319 1.0043
0.013227 2.7511 1.25
0.013324 0.16406 0.75117
0.013422 -0.1476 0.4565
0.013521 0.69552 0.90246
0.013621 1.011 0.71335
0.013721 1.9321 1.008
0.013822 1.9615 1.1411
0.013924 2.9987 1.1205
0.014027 1.0099 1.1279
0.01413 0.86465 0.70896
0.014234 1.1408 0.75084
0.014339 1.8193 0.9123
0.014445 2.738 1.25
0.014551 0.17962 0.75115
0.014658 1.0073 0.6379
0.014766 3.7194 1.2274
0.014875 0.22971 0.5825
0.014985 1.4681 0.92033
0.015095 1.5511 0.86812
0.015206 2.0848 0.99273
0.015319 2.5792 0.9839
0.015431 1.3675 0.7502
0.015545 2.0719 0.99274
0.01566 1.7313 1.0566
0.015775 1.9356 0.8801
0.015891 1.1746 0.66196
0.016008 1.4498 0.89155
0.016126 0.76114 0.6717
0.016245 1.6838 0.91916
0.016365 1.5766 0.7222
0.016486 1.8959 0.88013
0.016607 0.90644 0.61293
0.016729 0.7139 0.73684
0.016853 1.6054 0.78451
0.016977 1.9533 0.79104
0.017102 0.84562 0.62034
0.017228 2.9129 1.1597
0.017355 1.8371 0.72955
0.017483 0.75436 0.59453
0.017612 1.4557 0.75014
0.017741 1.5297 0.73647
0.017872 0.80324 0.60716
0.018004 1.4406 0.73653
0.018136 0.81688 0.52758
0.01827 2.0164 0.86986
0.018405 1.4207 0.82247
0.01854 1.4788 0.59729
0.018677 1.8658 0.79736
0.018815 1.6205 0.73608
0.018953 1.0563 0.62522
0.019093 0.71317 0.52103
0.019234 1.4167 0.63044
0.019375 1.1784 0.64922
0.019518 1.9413 0.79106
0.019662 1.6409 0.61336
0.019807 1.5697 0.68386
0.019953 1.4118 0.70763
0.0201 1.6774 0.64996
0.020248 2.4748 0.74083
0.020397 2.0632 0.74193
0.020547 0.55791 0.50072
0.020699 1.1135 0.56296
0.020851 1.7031 0.60427
0.021005 2.0349 0.74905
0.02116 0.92202 0.53081
0.021316 1.6316 0.58217
0.021473 1.0361 0.56395
0.021631 2.867 0.78316
0.02179 3.804 0.87369
0.021951 2.1633 0.63677
0.022113 0.91035 0.53082
0.022276 2.1842 0.70585
0.02244 1.5004 0.52616
0.022605 0.46457 0.46038
0.022772 1.9276 0.62234
0.02294 1.6702 0.55472
0.023109 1.8768 0.61486
0.023279 1.6129 0.65101
0.02345 1.4217 0.50945
0.023623 1.5807 0.54294
0.023797 1.6276 0.6314
0.023973 1.8942 0.55395
0.024149 1.4344 0.53642
0.024327 1.1047 0.48576
0.024507 1.6512 0.56084
0.024687 0.99237 0.43001
0.024869 1.2314 0.52003
0.025052 1.5834 0.50591
0.025237 1.6818 0.56082
0.025423 2.491 0.63731
0.02561 1.9338 0.54403
0.025799 1.3097 0.47259
0.025989 1.9391 0.61168
0.026181 1.8966 0.51418
0.026373 2.6985 0.61931
0.026568 2.7827 0.63683
0.026764 1.3074 0.44966
0.026961 1.4054 0.47827
0.027159 2.3061 0.58962
0.02736 1.6576 0.4671
0.027561 1.6623 0.53071
0.027764 2.1668 0.50892
0.027969 3.5297 0.67474
0.028175 2.8148 0.591
0.028383 0.67852 0.36541
0.028592 2.9506 0.59899
0.028802 2.1742 0.52333
0.029015 1.5801 0.44332
0.029228 2.1426 0.53323
0.029444 2.1919 0.49674
0.029661 1.9823 0.48222
0.029879 3.1182 0.60623
0.0301 2.7845 0.53082
0.030321 2.8762 0.60069
0.030545 1.8654 0.43851
0.03077 3.6606 0.61375
0.030997 2.7452 0.55467
0.031225 1.7675 0.41787
0.031455 2.1721 0.50273
0.031687 3.3547 0.54433
0.03192 1.9831 0.46588
0.032156 1.8413 0.43677
0.032393 2.6013 0.48634
0.032631 2.6827 0.51067
0.032872 2.5789 0.48079
0.033114 2.7574 0.50372
0.033358 2.4502 0.47745
0.033604 2.9132 0.49889
0.033851 3.1071 0.50132
0.034101 3.6837 0.58968
0.034352 2.3804 0.42701
0.034605 2.6104 0.48357
0.03486 2.6286 0.46036
0.035117 3.2171 0.49569
0.035376 2.316 0.43623
0.035637 3.4915 0.52283
0.035899 2.896 0.46344
0.036164 2.3074 0.42052
0.03643 3.24 0.50693
0.036699 4.6731 0.54008
0.036969 4.1356 0.53986
0.037241 4.2848 0.53901
0.037516 3.6815 0.50825
0.037792 3.4931 0.47508
0.038071 3.5293 0.48017
0.038351 4.3398 0.54056
0.038634 3.5132 0.45907
0.038919 3.5638 0.47621
0.039205 4.1922 0.50426
0.039494 2.9792 0.44609
0.039785 2.2216 0.36432
0.040079 3.6858 0.47445
0.040374 3.0816 0.4217
0.040671 3.3306 0.45607
0.040971 3.0022 0.41073
0.041273 3.3761 0.43595
0.041577 3.3147 0.42574
0.041883 3.2971 0.43004
0.042192 2.7589 0.40144
0.042503 2.8883 0.38682
0.042816 2.6103 0.37854
0.043132 3.4447 0.41507
0.04345 3.1948 0.41172
0.04377 3.2087 0.40518
0.044092 3.5479 0.4182
0.044417 2.9912 0.38693
0.044744 3.5801 0.40291
0.045074 2.9472 0.37922
0.045406 3.2731 0.39309
0.045741 3.0968 0.38092
0.046078 3.1892 0.38463
0.046417 3.9512 0.41544
0.04676 2.9193 0.36808
0.047104 3.0969 0.3653
0.047451 3.3632 0.37234
0.047801 2.836 0.3503
0.048153 3.1784 0.36621
0.048508 2.6184 0.32813
0.048865 3.0269 0.35261
0.049225 2.727 0.33696
0.049588 2.5543 0.32052
0.049954 3.0813 0.34735
0.050322 2.0877 0.29972
0.050693 2.2482 0.29544
0.051066 2.5205 0.31338
0.051442 2.1985 0.29289
0.051821 2.8282 0.3216
0.052203 1.471 0.24871
0.052588 1.9707 0.2733
0.052975 1.9428 0.27297
0.053366 1.6676 0.25442
0.053759 1.3344 0.23318
0.054155 1.7181 0.25354
0.054554 1.2576 0.22041
0.054956 1.4976 0.23773
0.055361 1.4948 0.23433
0.055769 1.3028 0.22509
0.05618 1.2052 0.21461
0.056594 1.5203 0.23113
0.057011 1.2779 0.2157
0.057431 1.1306 0.20853
0.057854 1.4645 0.22323
0.058281 0.95029 0.19403
0.05871 1.1105 0.19983
0.059143 1.1426 0.20084
0.059579 0.98463 0.19032
0.060018 1.3104 0.20544
0.06046 1.2867 0.20436
0.060905 0.83148 0.175
0.061354 0.86047 0.17837
0.061806 0.91776 0.1798
0.062262 1.2239 0.1958
0.062721 0.71335 0.16344
0.063183 0.97005 0.18061
0.063648 0.73093 0.16238
0.064117 1.3783 0.19487
0.06459 1.2826 0.19009
0.065066 1.0745 0.17831
0.065545 1.0444 0.17754
0.066028 0.94883 0.17062
0.066515 0.88565 0.16274
0.067005 0.66128 0.15081
0.067499 0.68877 0.15325
0.067996 0.79212 0.15474
0.068497 0.72737 0.1492
0.069002 0.62166 0.14476
0.06951 0.76012 0.14951
0.070023 0.9822 0.16054
0.070539 0.69289 0.14569
0.071058 0.65876 0.13966
0.071582 0.5001 0.12937
0.072109 0.81617 0.14874
0.072641 0.75418 0.14303
0.073176 0.66527 0.1376
0.073715 0.85786 0.14684
0.074258 0.71118 0.13658
0.074806 0.48435 0.12527
0.075357 0.68226 0.13456
0.075912 0.74521 0.1373
0.076472 0.32328 0.10999
0.077035 0.57048 0.12644
0.077603 0.48725 0.12012
0.078175 0.85944 0.1383
0.078751 0.49154 0.11874
0.079331 0.79053 0.13356
0.079916 0.31526 0.10683
0.080504 0.64631 0.12452
0.081098 0.55518 0.11644
0.081695 0.34804 0.10828
0.082297 0.34532 0.10388
0.082904 0.55732 0.11622
0.083515 0.87906 0.1289
0.08413 0.69075 0.12108
0.08475 0.55905 0.11446
0.085374 0.67702 0.11834
0.086004 0.65492 0.11719
0.086637 0.50285 0.10706
0.087276 0.32128 0.096268
0.087919 0.55704 0.11011
0.088567 0.44652 0.1031
0.089219 0.64786 0.11211
0.089877 0.43268 0.10013
0.090539 0.48174 0.10202
0.091206 0.55911 0.1042
0.091878 0.66197 0.1093
0.092555 0.43353 0.098369
0.093237 0.5547 0.10156
0.093924 0.53295 0.10039
0.094616 0.42228 0.095623
0.095314 0.33133 0.089338
0.096016 0.2847 0.086881
0.096724 0.51914 0.098474
0.097436 0.44026 0.093751
0.098154 0.4694 0.092499
0.098878 0.66026 0.10145
0.099606 0.5571 0.097227
0.10034 0.38915 0.086855
0.10108 0.28544 0.082742
0.10182 0.46178 0.090077
0.10257 0.38892 0.085574
0.10333 0.42135 0.087776
0.10409 0.37252 0.083441
0.10486 0.29044 0.080242
0.10563 0.30906 0.079691
0.10641 0.28842 0.078296
0.10719 0.3555 0.081225
0.10798 0.46934 0.084265
0.10878 0.34472 0.0801
0.10958 0.2553 0.07392
0.11039 0.40051 0.08096
0.1112 0.32217 0.075881
0.11202 0.41615 0.080713
0.11285 0.46527 0.080272
0.11368 0.398 0.078179
0.11452 0.42247 0.077105
0.11536 0.32339 0.074208
0.11621 0.40896 0.076487
0.11707 0.36597 0.07419
0.11793 0.32471 0.072126
0.1188 0.27436 0.069371
0.11967 0.33349 0.072028
0.12056 0.35789 0.071484
0.12144 0.27507 0.067752
0.12234 0.43714 0.074618
0.12324 0.40664 0.071566
0.12415 0.27261 0.066425
0.12506 0.27909 0.066993
0.12598 0.35414 0.067981
0.12691 0.36179 0.068335
0.12785 0.24375 0.063677
0.12879 0.26547 0.064353
0.12974 0.35511 0.066276
0.1307 0.28904 0.063581
0.13166 0.24697 0.061984
0.13263 0.16893 0.058266
0.13361 0.28323 0.061789
0.13459 0.21979 0.059152
0.13558 0.35044 0.06315
0.13658 0.29472 0.061602
0.13759 0.36492 0.062711
0.1386 0.34159 0.061811
0.13962 0.37942 0.062765
0.14065 0.18697 0.055088
0.14169 0.31783 0.059737
0.14273 0.266 0.057477
0.14378 0.33965 0.059304
0.14484 0.3193 0.058501
0.14591 0.39022 0.060281
0.14699 0.27482 0.05634
0.14807 0.22178 0.053848
0.14916 0.31047 0.056442
0.15026 0.22696 0.052911
0.15137 0.28402 0.054742
0.15248 0.26546 0.053379
0.15361 0.38376 0.056883
0.15474 0.27282 0.053152
0.15588 0.15788 0.048866
0.15703 0.24738 0.051355
0.15818 0.19093 0.049175
0.15935 0.26708 0.051378
0.16052 0.18426 0.048104
0.16171 0.2011 0.048657
0.1629 0.18183 0.047523
0.1641 0.13092 0.045581
0.16531 0.21419 0.047979
0.16653 0.17882 0.046285
0.16775 0.23874 0.048022
0.16899 0.18131 0.045898
0.17023 0.20825 0.04645
0.17149 0.16553 0.044679
0.17275 0.2535 0.046803
0.17403 0.22364 0.045838
0.17531 0.14959 0.04336
0.1766 0.15813 0.043012
0.1779 0.15598 0.042822
0.17921 0.20059 0.043613
0.18053 0.21038 0.043879
0.18186 0.1818 0.042516
0.1832 0.23563 0.043854
0.18455 0.14534 0.041031
0.18591 0.18867 0.041991
0.18728 0.13718 0.039971
0.18866 0.18973 0.041403
0.19005 0.15337 0.039778
0.19145 0.15874 0.040026
0.19286 0.065379 0.036911
0.19429 0.17675 0.039829
0.19572 0.11408 0.038104
