#
0.0050184 8.0653 0.48069
0.0050554 5.6113 0.44834
0.0050926 2.1044 0.27484
0.0051301 3.916 0.33505
0.0051679 7.6267 0.42672
0.005206 4.0023 0.53552
0.0052444 4.1437 0.77075
0.005283 NaN NaN
0.005322 2.6669 0.35702
0.0053612 6.2897 0.47469
0.0054007 3.4532 0.28724
0.0054405 5.0035 0.26776
0.0054806 6.8634 0.40482
0.005521 3.5238 0.2902
0.0055616 6.5476 0.43317
0.0056026 5.7191 0.40482
0.0056439 3.5011 0.28922
0.0056855 8.6765 0.64362
0.0057274 4.2143 0.54968
0.0057696 3.358 0.34691
0.0058121 3.5711 0.35781
0.0058549 4.0177 0.25295
0.0058981 4.7644 0.47708
0.0059416 3.7508 0.36665
0.0059853 4.3278 0.2977
0.0060294 7.1495 0.71562
0.0060739 4.2766 0.21714
0.0061186 3.6078 0.3596
0.0061637 2.6424 0.21765
0.0062091 4.9708 0.28135
0.0062549 3.5996 0.32131
0.006301 1.7821 0.35781
0.0063474 4.3412 0.27889
0.0063942 2.6431 0.3078
0.0064413 2.5691 0.42938
0.0064888 3.3572 0.49061
0.0065366 3.1867 0.18749
0.0065847 3.452 0.20311
0.0066333 3.0766 0.20031
0.0066821 3.8381 0.28035
0.0067314 4.3161 0.35175
0.006781 2.1415 0.2479
0.006831 4.466 0.40005
0.0068813 3.2845 0.24268
0.006932 2.3242 0.21831
0.0069831 3.001 0.37867
0.0070345 2.652 0.23313
0.0070864 3.0707 0.16591
0.0071386 3.2735 0.20655
0.0071912 2.476 0.34403
0.0072442 3.1965 0.23936
0.0072976 2.8405 0.21277
0.0073513 2.1525 0.16046
0.0074055 2.837 0.22559
0.0074601 2.1974 0.25118
0.0075151 1.2812 0.30362
0.0075704 2.6983 0.20735
0.0076262 2.9886 0.17499
0.0076824 2.5828 0.18355
0.007739 2.2683 0.19017
0.0077961 2.8902 0.15615
0.0078535 2.2618 0.21542
0.0079114 2.6427 0.21765
0.0079697 2.4272 0.34071
0.0080284 2.0833 0.24457
0.0080876 2.1634 0.15453
0.0081471 2.1154 0.13365
0.0082072 2.6088 0.18447
0.0082677 2.2738 0.15267
0.0083286 2.6351 0.18538
0.00839 1.6393 0.19815
0.0084518 2.1885 0.18682
0.0085141 1.8323 0.14228
0.0085768 2.3346 0.15471
0.00864 2.1704 0.24955
0.0087037 1.6846 0.14835
0.0087678 2.2753 0.1386
0.0088324 1.927 0.12395
0.0088975 1.5979 0.15147
0.0089631 2.0593 0.1453
0.0090291 1.654 0.15415
0.0090956 2.2322 0.17064
0.0091627 1.1393 0.28625
0.0092302 1.688 0.11299
0.0092982 1.8547 0.10534
0.0093667 1.7473 0.12524
0.0094357 1.639 0.24268
0.0095053 1.7706 0.11572
0.0095753 1.5363 0.15663
0.0096459 1.9024 0.13494
0.0097169 1.4488 0.13174
0.0097885 1.8132 0.11137
0.0098607 1.6663 0.12233
0.0099333 1.5844 0.15903
0.010007 1.4825 0.092314
0.01008 1.0935 0.09921
0.010155 1.6538 0.15415
0.010229 1.3533 0.12735
0.010305 1.4781 0.11525
0.010381 1.5007 0.11264
0.010457 1.4401 0.089274
0.010534 1.6067 0.10245
0.010612 1.1202 0.142
0.01069 1.6034 0.12002
0.010769 1.31 0.11209
0.010848 1.316 0.09493
0.010928 1.384 0.097346
0.011009 1.6257 0.09665
0.01109 1.3587 0.1226
0.011171 1.3296 0.095418
0.011254 1.1464 0.095749
0.011337 1.3131 0.11611
0.01142 1.198 0.088488
0.011504 1.1976 0.077094
0.011589 1.1635 0.085324
0.011675 1.3268 0.10022
0.011761 1.114 0.094419
0.011847 1.5157 0.14074
0.011935 1.1638 0.077354
0.012023 1.223 0.074172
0.012111 1.3964 0.10019
0.0122 1.1316 0.088077
0.01229 1.3668 0.094502
0.012381 1.1269 0.082203
0.012472 1.1253 0.085817
0.012564 1.0667 0.076872
0.012657 1.1225 0.077366
0.01275 1.1339 0.075012
0.012844 1.1309 0.095086
0.012938 1.1107 0.078433
0.013034 1.2009 0.086675
0.01313 1.0868 0.059627
0.013227 1.0752 0.075714
0.013324 0.99531 0.091844
0.013422 1.0973 0.075126
0.013521 0.88803 0.080011
0.013621 0.97745 0.059338
0.013721 1.2313 0.075584
0.013822 1.127 0.08056
0.013924 1.0355 0.064354
0.014027 1.0758 0.098401
0.01413 0.87642 0.059238
0.014234 1.026 0.062347
0.014339 0.95268 0.060919
0.014445 0.84178 0.067054
0.014551 1.0292 0.093375
0.014658 0.89635 0.051346
0.014766 0.93629 0.061207
0.014875 0.94445 0.066267
0.014985 1.0553 0.070021
0.015095 0.91195 0.060427
0.015206 0.98319 0.064533
0.015319 1.0553 0.060867
0.015431 0.89956 0.053695
0.015545 0.95779 0.063704
0.01566 0.9206 0.070127
0.015775 0.93983 0.057468
0.015891 0.98701 0.052803
0.016008 0.98238 0.066493
0.016126 0.92004 0.059076
0.016245 0.89871 0.061726
0.016365 0.89806 0.049428
0.016486 0.96033 0.058101
0.016607 0.88016 0.049889
0.016729 0.82384 0.062934
0.016853 0.91101 0.053442
0.016977 0.95085 0.051825
0.017102 0.89004 0.052804
0.017228 0.96086 0.064769
0.017355 0.87445 0.046627
0.017483 0.93582 0.053007
0.017612 0.926 0.054444
0.017741 0.96064 0.053143
0.017872 0.9835 0.0549
0.018004 0.89831 0.05143
0.018136 1.0133 0.047757
0.01827 0.89441 0.05414
0.018405 1.0781 0.063921
0.01854 0.81154 0.039781
0.018677 0.97215 0.054004
0.018815 0.9733 0.051934
0.018953 0.88388 0.048586
0.019093 0.92164 0.04705
0.019234 0.92835 0.045724
0.019375 0.9298 0.050754
0.019518 0.97879 0.052579
0.019662 0.92681 0.042201
0.019807 0.97343 0.048761
0.019953 1.0374 0.05413
0.0201 0.91549 0.044052
0.020248 0.96114 0.044167
0.020397 1.0897 0.050314
0.020547 0.97804 0.049717
0.020699 0.97231 0.045389
0.020851 1.0029 0.04276
0.021005 1.1024 0.051861
0.02116 0.92806 0.044352
0.021316 1.1215 0.044365
0.021473 1.0672 0.048998
0.021631 0.9978 0.044987
0.02179 1.0172 0.044797
0.021951 1.0178 0.041521
0.022113 1.0984 0.048229
0.022276 0.99371 0.045216
0.02244 1.0925 0.040276
0.022605 1.1041 0.050631
0.022772 0.93802 0.0406
0.02294 1.198 0.043283
0.023109 1.1661 0.044969
0.023279 1.1301 0.050021
0.02345 1.133 0.040999
0.023623 1.2115 0.043068
0.023797 1.151 0.048646
0.023973 1.0468 0.038259
0.024149 1.3091 0.045997
0.024327 1.1968 0.043504
0.024507 1.2123 0.043787
0.024687 1.2819 0.041512
0.024869 1.3475 0.047747
0.025052 1.2511 0.041013
0.025237 1.4093 0.047187
0.025423 1.3027 0.044179
0.02561 1.332 0.04174
0.025799 1.5057 0.044767
0.025989 1.4331 0.04895
0.026181 1.4262 0.04151
0.026373 1.6153 0.046148
0.026568 1.4072 0.043693
0.026764 1.4998 0.042923
0.026961 1.4406 0.043391
0.027159 1.522 0.045432
0.02736 1.6368 0.042374
0.027561 1.7587 0.049772
0.027764 1.444 0.039215
0.027969 1.7647 0.046952
0.028175 1.6742 0.044046
0.028383 1.7252 0.045262
0.028592 1.8121 0.045454
0.028802 1.6666 0.043088
0.029015 1.8673 0.043616
0.029228 1.8437 0.046591
0.029444 1.7833 0.042325
0.029661 2.0016 0.04531
0.029879 1.8991 0.046161
0.0301 2.119 0.044738
0.030321 2.1195 0.049942
0.030545 1.8994 0.041036
0.03077 2.3014 0.047898
0.030997 2.1893 0.047724
0.031225 2.2039 0.043139
0.031455 2.2167 0.047848
0.031687 2.2838 0.044042
0.03192 2.385 0.04777
0.032156 2.1955 0.04438
0.032393 2.4651 0.045615
0.032631 2.1835 0.044539
0.032872 2.6054 0.046353
0.033114 2.4072 0.045349
0.033358 2.5269 0.046321
0.033604 2.3997 0.043865
0.033851 2.5785 0.044482
0.034101 2.6353 0.049233
0.034352 2.5057 0.04168
0.034605 3.0327 0.050145
0.03486 2.7849 0.045617
0.035117 2.9259 0.046275
0.035376 2.6239 0.044055
0.035637 3.2481 0.049646
0.035899 2.6327 0.042823
0.036164 3.2245 0.047154
0.03643 2.866 0.046521
0.036699 3.2009 0.044775
0.036969 2.9391 0.045241
0.037241 3.4076 0.047898
0.037516 3.0432 0.045593
0.037792 3.2862 0.045172
0.038071 3.178 0.044812
0.038351 3.5434 0.048616
0.038634 3.1608 0.042842
0.038919 3.4884 0.046435
0.039205 3.2893 0.044337
0.039494 3.7369 0.048584
0.039785 3.2374 0.041548
0.040079 3.4899 0.045477
0.040374 3.298 0.04249
0.040671 3.5723 0.046297
0.040971 3.5192 0.043313
0.041273 3.1698 0.041421
0.041577 3.4911 0.042823
0.041883 3.2624 0.041863
0.042192 3.6199 0.044343
0.042503 3.1516 0.039146
0.042816 3.3696 0.041252
0.043132 3.3421 0.040107
0.04345 3.1327 0.039778
0.04377 3.4588 0.041215
0.044092 3.2047 0.039016
0.044417 3.2139 0.038942
0.044744 3.1219 0.037063
0.045074 3.0617 0.037519
0.045406 3.0551 0.037124
0.045741 2.9594 0.036255
0.046078 2.8631 0.035553
0.046417 2.8826 0.035137
0.04676 2.7404 0.034676
0.047104 2.636 0.032828
0.047451 2.6252 0.032303
0.047801 2.511 0.031862
0.048153 2.4821 0.03159
0.048508 2.2959 0.029567
0.048865 2.2271 0.029436
0.049225 2.2138 0.02927
0.049588 2.0004 0.027211
0.049954 1.9911 0.027183
0.050322 1.9698 0.027429
0.050693 1.8439 0.025356
0.051066 1.7415 0.02498
0.051442 1.7607 0.024809
0.051821 1.5962 0.023427
0.052203 1.5313 0.022893
0.052588 1.5083 0.022378
0.052975 1.4288 0.021834
0.053366 1.3269 0.020758
0.053759 1.2833 0.020301
0.054155 1.206 0.019574
0.054554 1.1749 0.018751
0.054956 1.0336 0.017837
0.055361 1.0755 0.017945
0.055769 1.0083 0.017561
0.05618 0.9612 0.016746
0.056594 0.90097 0.016119
0.057011 0.87278 0.015726
0.057431 0.83454 0.015503
0.057854 0.79047 0.014757
0.058281 0.7312 0.014279
0.05871 0.72012 0.013855
0.059143 0.68095 0.013463
0.059579 0.65831 0.013167
0.060018 0.61926 0.012579
0.06046 0.58713 0.012221
0.060905 0.5521 0.01175
0.061354 0.57242 0.011985
0.061806 0.52852 0.011357
0.062262 0.5264 0.011268
0.062721 0.5045 0.010864
0.063183 0.4941 0.010858
0.063648 0.46732 0.010384
0.064117 0.46839 0.010188
0.06459 0.43887 0.0098949
0.065066 0.45309 0.0099841
0.065545 0.42736 0.0097095
0.066028 0.39239 0.009266
0.066515 0.39933 0.0090723
0.067005 0.38924 0.0090417
0.067499 0.39351 0.0091303
0.067996 0.38841 0.0088358
0.068497 0.36824 0.0084803
0.069002 0.36732 0.0086083
0.06951 0.34282 0.0081167
0.070023 0.3572 0.0082181
0.070539 0.36226 0.0083395
0.071058 0.33743 0.0078582
0.071582 0.33364 0.0077614
0.072109 0.33872 0.0078785
0.072641 0.34565 0.0078258
0.073176 0.32767 0.0075912
0.073715 0.33101 0.0075701
0.074258 0.32656 0.0073936
0.074806 0.32467 0.0074292
0.075357 0.31277 0.0072062
0.075912 0.31595 0.007194
0.076472 0.3056 0.0069333
0.077035 0.3043 0.006996
0.077603 0.30108 0.0068695
0.078175 0.29575 0.0067313
0.078751 0.28865 0.0066275
0.079331 0.28397 0.0065309
0.079916 0.28443 0.0064988
0.080504 0.27094 0.0063352
0.081098 0.26107 0.0060331
0.081695 0.27459 0.0063406
0.082297 0.25759 0.0059006
0.082904 0.26347 0.0060539
0.083515 0.25186 0.0057671
0.08413 0.25283 0.0058325
0.08475 0.2411 0.0056791
0.085374 0.23521 0.0055167
0.086004 0.23558 0.0055554
0.086637 0.22342 0.0052524
0.087276 0.22857 0.0052742
0.087919 0.21485 0.0051751
0.088567 0.22374 0.00521
0.089219 0.21236 0.0050521
0.089877 0.20433 0.0048871
0.090539 0.20624 0.0048715
0.091206 0.20084 0.0047703
0.091878 0.20029 0.0047769
0.092555 0.18179 0.0045217
0.093237 0.18224 0.0044357
0.093924 0.17646 0.0043431
0.094616 0.17267 0.004327
0.095314 0.17182 0.004234
0.096016 0.16831 0.004167
0.096724 0.15911 0.0040753
0.097436 0.16512 0.0041082
0.098154 0.15848 0.0039177
0.098878 0.16024 0.003973
0.099606 0.15553 0.0039052
0.10034 0.15112 0.0037558
0.10108 0.15083 0.0037801
0.10182 0.14044 0.0036124
0.10257 0.14217 0.0035839
0.10333 0.14589 0.0036533
0.10409 0.12953 0.003365
0.10486 0.13654 0.003477
0.10563 0.13547 0.0034141
0.10641 0.1307 0.0033406
0.10719 0.12845 0.0033118
0.10798 0.12865 0.0032318
0.10878 0.12196 0.0031967
0.10958 0.12731 0.0031722
0.11039 0.12583 0.0031887
0.1112 0.12113 0.0030543
0.11202 0.12322 0.0031242
0.11285 0.12546 0.0030562
0.11368 0.12159 0.0030393
0.11452 0.11924 0.0029324
0.11536 0.12098 0.0029908
0.11621 0.12565 0.002995
0.11707 0.11446 0.0028485
0.11793 0.12116 0.0029097
0.1188 0.11713 0.0028234
0.11967 0.12504 0.0029323
0.12056 0.11929 0.0028032
0.12144 0.11955 0.0027929
0.12234 0.12735 0.0028985
0.12324 0.12993 0.00285
0.12415 0.12564 0.0028042
0.12506 0.12921 0.0028584
0.12598 0.13432 0.0028297
0.12691 0.13863 0.00288
0.12785 0.15126 0.002982
0.12879 0.18954 0.0033117
0.12974 0.22106 0.0035141
0.1307 0.2671 0.0038322
0.13166 0.31972 0.0041742
0.13263 0.39032 0.0045682
0.13361 0.46364 0.0049115
0.13459 0.53084 0.005226
0.13558 0.60213 0.005498
0.13658 0.68427 0.0058894
0.13759 0.72258 0.005939
0.1386 0.7717 0.0061064
0.13962 0.79292 0.0061574
0.14065 0.83646 0.0062448
0.14169 0.84478 0.0062418
0.14273 0.83804 0.0061941
0.14378 0.82147 0.0060569
0.14484 0.79368 0.0059272
0.14591 0.77423 0.0058051
0.14699 0.74988 0.0057002
0.14807 0.71208 0.0054961
0.14916 0.68298 0.0053393
0.15026 0.64448 0.005142
0.15137 0.61507 0.0050083
0.15248 0.597 0.0048782
0.15361 0.58139 0.0047975
0.15474 0.54889 0.0046158
0.15588 0.54092 0.0045634
0.15703 0.52166 0.0044379
0.15818 0.518 0.0043935
0.15935 0.49937 0.0042869
0.16052 0.48033 0.0041587
0.16171 0.4783 0.0041301
0.1629 0.47562 0.0040958
0.1641 0.46189 0.0040015
0.16531 0.45747 0.0039632
0.16653 0.43971 0.0038441
0.16775 0.43671 0.0038057
0.16899 0.41989 0.003705
0.17023 0.41237 0.0036554
0.17149 0.39104 0.0035293
0.17275 0.36811 0.0033927
0.17403 0.33622 0.003231
0.17531 0.2663 0.0028657
0.1766 0.21014 0.0025192
0.1779 0.16786 0.0022545
0.17921 0.14822 0.0020996
0.18053 0.14014 0.0020384
0.18186 0.13459 0.0019778
0.1832 0.13469 0.0019675
0.18455 0.12956 0.001918
0.18591 0.1284 0.0018939
0.18728 0.123 0.0018385
0.18866 0.12144 0.001825
0.19005 0.11677 0.0017615
0.19145 0.1132 0.0017399
0.19286 0.11021 0.001695
0.19429 0.10508 0.0016476
0.19572 0.10162 0.001614
