#
0.0050184 6.42 2.3407
0.0050554 13.265 3.7297
0.0050926 10.151 3.2712
0.0051301 5.6296 2.1895
0.0051679 12.912 3.006
0.005206 6.0563 3.5835
0.0052444 3.9374 4.138
0.005283 NaN NaN
0.005322 3.9994 2.389
0.0053612 10.119 3.2712
0.0054007 15.007 3.2346
0.0054405 11.415 2.1895
0.0054806 6.7054 2.1808
0.005521 5.3261 1.9506
0.0055616 9.7129 2.8668
0.0056026 12.244 3.2051
0.0056439 8.8076 2.4865
0.0056855 9.4686 3.6492
0.0057274 5.9776 3.5835
0.0057696 20.531 4.6261
0.0058121 15.312 4.0063
0.0058549 9.4908 2.1068
0.0058981 8.0893 3.3785
0.0059416 4.9933 2.3132
0.0059853 8.6702 2.2894
0.0060294 10.151 4.6262
0.0060739 8.4175 1.6539
0.0061186 11.203 3.4308
0.0061637 9.6714 2.2545
0.0062091 5.7811 1.6577
0.0062549 3.1041 1.6552
0.006301 -0.20026 NaN
0.0063474 4.9915 1.6356
0.0063942 1.9329 1.463
0.0064413 10.137 4.6262
0.0064888 6.0277 3.5835
0.0065366 7.7799 1.5915
0.0065847 6.3546 1.503
0.0066333 6.5652 1.596
0.0066821 8.1077 2.2117
0.0067314 5.6125 2.1896
0.006781 5.6382 2.1895
0.006831 6.0134 2.5339
0.0068813 4.9593 1.6357
0.006932 7.4921 2.1313
0.0069831 6.7626 3.0841
0.0070345 6.9194 2.0477
0.0070864 5.5024 1.213
0.0071386 3.9816 1.2476
0.0071912 3.9994 2.389
0.0072442 5.0004 1.6356
0.0072976 7.1794 1.839
0.0073513 5.3357 1.3793
0.0074055 3.9177 1.463
0.0074601 2.2881 1.4335
0.0075151 6.0062 3.5835
0.0075704 3.9883 1.3793
0.0076262 4.2381 1.1447
0.0076824 4.3266 1.3031
0.007739 6.7276 1.7806
0.0077961 3.235 0.91077
0.0078535 3.3218 1.448
0.0079114 3.472 1.3685
0.0079697 5.3452 2.7586
0.0080284 3.127 1.6552
0.0080876 5.8889 1.3874
0.0081471 4.6895 1.0885
0.0082072 2.4445 0.99532
0.0082677 3.6684 1.0657
0.0083286 1.3238 0.75246
0.00839 1.1861 0.97549
0.0084518 3.5031 1.3004
0.0085141 1.7281 0.77976
0.0085768 5.1319 1.254
0.00864 1.5063 1.1705
0.0087037 5.0685 1.4075
0.0087678 4.6869 1.0886
0.0088324 3.068 0.86016
0.0088975 3.1614 1.1704
0.0089631 4.5622 1.1823
0.0090291 2.7161 1.0948
0.0090956 3.2176 1.1286
0.0091627 1.9043 2.0691
0.0092302 4.1559 0.97398
0.0092982 2.4138 0.66779
0.0093667 3.9651 1.0345
0.0094357 1.8686 1.4631
0.0095053 2.187 0.72238
0.0095753 0.73829 0.65039
0.0096459 2.0361 0.78031
0.0097169 2.5773 0.97537
0.0097885 2.5684 0.73731
0.0098607 1.8829 0.73156
0.0099333 1.2092 0.79646
0.010007 2.4742 0.6621
0.01008 1.3549 0.63359
0.010155 3.1228 1.1704
0.010229 0.50366 0.48786
0.010305 2.9048 0.89593
0.010381 2.4956 0.80734
0.010457 2.6417 0.67527
0.010534 1.6857 0.59486
0.010612 1.3532 0.89603
0.01069 1.8739 0.73156
0.010769 2.2871 0.82765
0.010848 2.1852 0.68263
0.010928 2.5739 0.73731
0.011009 1.6495 0.54901
0.01109 2.6753 0.95496
0.011171 3.7601 0.88123
0.011254 0.72956 0.45991
0.011337 2.791 0.9347
0.01142 1.3427 0.53206
0.011504 1.9493 0.55268
0.011589 1.7929 0.59676
0.011675 2.4258 0.75448
0.011761 0.48379 0.39835
0.011847 2.0645 0.92152
0.011935 1.4293 0.49021
0.012023 1.8659 0.5173
0.012111 0.85276 0.46275
0.0122 1.3849 0.55741
0.01229 2.8382 0.75238
0.012381 2.5808 0.68969
0.012472 3.0035 0.77554
0.012564 2.1913 0.61644
0.012657 2.2623 0.61307
0.01275 2.676 0.63815
0.012844 0.97135 0.51415
0.012938 1.5542 0.52792
0.013034 1.6162 0.56899
0.01313 1.1394 0.35194
0.013227 1.1991 0.45985
0.013324 2.2438 0.76978
0.013422 1.1343 0.44344
0.013521 0.63944 0.41393
0.013621 1.3625 0.40072
0.013721 1.8282 0.51702
0.013822 1.9605 0.59684
0.013924 2.0074 0.50107
0.014027 0.84489 0.51738
0.01413 1.315 0.41449
0.014234 1.8946 0.4747
0.014339 1.7086 0.46117
0.014445 1.9611 0.57349
0.014551 1.2753 0.59632
0.014658 1.2557 0.34824
0.014766 2.0113 0.50107
0.014875 0.60843 0.32708
0.014985 1.4107 0.46247
0.015095 0.96301 0.36356
0.015206 1.5283 0.45543
0.015319 1.3414 0.39094
0.015431 1.639 0.41129
0.015545 1.7675 0.48687
0.01566 0.71499 0.37553
0.015775 1.7382 0.43997
0.015891 0.62452 0.25666
0.016008 1.3755 0.44801
0.016126 1.7714 0.46205
0.016245 1.1548 0.40372
0.016365 1.4484 0.35784
0.016486 1.1197 0.36397
0.016607 0.61863 0.25667
0.016729 1.7488 0.51615
0.016853 1.2405 0.35989
0.016977 1.2828 0.34429
0.017102 0.90403 0.31169
0.017228 1.8228 0.50162
0.017355 1.0241 0.29422
0.017483 1.2792 0.3555
0.017612 0.74816 0.29087
0.017741 1.763 0.40504
0.017872 0.52473 0.24912
0.018004 1.2274 0.34826
0.018136 1.1055 0.28921
0.01827 1.3125 0.37624
0.018405 1.3321 0.40751
0.01854 0.53573 0.2017
0.018677 1.0364 0.32262
0.018815 0.84408 0.28699
0.018953 0.95574 0.29686
0.019093 1.3348 0.32353
0.019234 1.4941 0.32973
0.019375 1.4168 0.35593
0.019518 1.1978 0.3346
0.019662 1.2496 0.28138
0.019807 1.0002 0.28924
0.019953 1.4317 0.36291
0.0201 1.2744 0.29817
0.020248 1.3275 0.29723
0.020397 1.3368 0.32014
0.020547 1.2699 0.32472
0.020699 0.90892 0.25824
0.020851 1.024 0.25126
0.021005 1.6421 0.35767
0.02116 1.7596 0.34428
0.021316 1.5891 0.29858
0.021473 1.4353 0.32333
0.021631 1.6296 0.32454
0.02179 1.5743 0.31565
0.021951 1.4808 0.2839
0.022113 1.3298 0.30432
0.022276 1.4771 0.31285
0.02244 1.468 0.26645
0.022605 1.0851 0.29098
0.022772 2.0383 0.33477
0.02294 1.4414 0.26991
0.023109 1.5063 0.29075
0.023279 1.2236 0.29865
0.02345 1.2718 0.24879
0.023623 1.5253 0.27496
0.023797 1.8285 0.34473
0.023973 1.4984 0.2604
0.024149 1.3488 0.26714
0.024327 1.6316 0.28763
0.024507 1.3542 0.2652
0.024687 1.6755 0.26797
0.024869 1.8113 0.31176
0.025052 1.2485 0.23528
0.025237 1.2732 0.25728
0.025423 1.4548 0.26576
0.02561 1.944 0.28405
0.025799 1.4977 0.25419
0.025989 1.7839 0.30814
0.026181 2.0062 0.27604
0.026373 1.2931 0.23713
0.026568 1.8788 0.28424
0.026764 1.3791 0.23464
0.026961 1.7726 0.27131
0.027159 1.6461 0.26767
0.02736 1.8329 0.25274
0.027561 1.8781 0.28976
0.027764 1.8678 0.25093
0.027969 2.2607 0.29675
0.028175 1.9144 0.26491
0.028383 2.0668 0.27786
0.028592 2.3038 0.28634
0.028802 2.3093 0.28333
0.029015 1.98 0.25249
0.029228 2.2554 0.28784
0.029444 1.8686 0.24386
0.029661 2.121 0.26108
0.029879 1.9169 0.26068
0.0301 2.2374 0.25686
0.030321 2.2221 0.28583
0.030545 2.0867 0.24101
0.03077 2.2509 0.26497
0.030997 2.27 0.27157
0.031225 2.5938 0.25992
0.031455 2.9077 0.30363
0.031687 2.631 0.2626
0.03192 2.3814 0.26607
0.032156 2.4595 0.26123
0.032393 3.0591 0.28074
0.032631 2.0228 0.24007
0.032872 2.3112 0.24372
0.033114 2.6681 0.26532
0.033358 2.3376 0.24853
0.033604 3.1414 0.27744
0.033851 2.8669 0.25998
0.034101 2.4154 0.26263
0.034352 2.8714 0.2473
0.034605 3.2628 0.28706
0.03486 2.4909 0.24003
0.035117 3.2607 0.26957
0.035376 3.2258 0.26984
0.035637 2.8844 0.25909
0.035899 3.3502 0.26652
0.036164 3.1162 0.25635
0.03643 2.7065 0.2512
0.036699 3.5401 0.25938
0.036969 3.5113 0.27251
0.037241 2.7696 0.23955
0.037516 3.6183 0.27378
0.037792 3.5159 0.25776
0.038071 3.4421 0.25719
0.038351 2.9286 0.245
0.038634 3.7032 0.25521
0.038919 4.0816 0.27577
0.039205 3.2569 0.24387
0.039494 3.4277 0.25654
0.039785 3.3514 0.23333
0.040079 3.8806 0.26383
0.040374 3.6692 0.24674
0.040671 3.9376 0.26714
0.040971 3.8509 0.24903
0.041273 3.7658 0.24841
0.041577 3.7889 0.24538
0.041883 3.3947 0.23559
0.042192 4.0616 0.25807
0.042503 3.8269 0.23726
0.042816 3.8195 0.24166
0.043132 3.6034 0.22947
0.04345 4.0237 0.24774
0.04377 3.4079 0.22545
0.044092 3.9603 0.23855
0.044417 3.2983 0.21783
0.044744 3.7132 0.22244
0.045074 3.4764 0.22038
0.045406 3.4565 0.21778
0.045741 3.4007 0.21441
0.046078 2.8557 0.19688
0.046417 3.0362 0.1996
0.04676 3.2885 0.20951
0.047104 2.962 0.19268
0.047451 3.1662 0.19591
0.047801 2.9369 0.19086
0.048153 2.8165 0.18658
0.048508 2.9902 0.18664
0.048865 2.4737 0.17268
0.049225 2.5469 0.17463
0.049588 2.2047 0.15966
0.049954 2.5824 0.17212
0.050322 2.5375 0.17301
0.050693 2.3266 0.15885
0.051066 2.3865 0.16288
0.051442 2.1231 0.1524
0.051821 1.9473 0.1452
0.052203 2.113 0.15043
0.052588 1.7004 0.13418
0.052975 1.9555 0.14342
0.053366 1.821 0.13701
0.053759 1.8094 0.1358
0.054155 1.6629 0.12987
0.054554 1.9654 0.13607
0.054956 1.6356 0.12695
0.055361 2.1199 0.14088
0.055769 2.9534 0.16605
0.05618 3.4239 0.17395
0.056594 4.4666 0.19625
0.057011 5.8057 0.22076
0.057431 6.2901 0.23133
0.057854 6.3596 0.22743
0.058281 6.0612 0.22345
0.05871 5.4309 0.20718
0.059143 4.0066 0.17877
0.059579 2.7244 0.14814
0.060018 1.9754 0.12562
0.06046 1.2686 0.10289
0.060905 1.2062 0.09959
0.061354 1.0037 0.092448
0.061806 1.0991 0.094801
0.062262 0.94807 0.08849
0.062721 0.79891 0.081244
0.063183 0.90021 0.086138
0.063648 0.72411 0.077331
0.064117 0.97802 0.085743
0.06459 0.72135 0.075793
0.065066 0.81273 0.079106
0.065545 0.80995 0.079227
0.066028 0.91163 0.082601
0.066515 0.8033 0.076244
0.067005 0.74616 0.074629
0.067499 0.76575 0.075762
0.067996 0.70868 0.071435
0.068497 0.73539 0.071516
0.069002 0.80943 0.075433
0.06951 0.80291 0.073397
0.070023 0.71599 0.069614
0.070539 0.80292 0.073398
0.071058 0.69158 0.067344
0.071582 0.83852 0.072294
0.072109 0.79526 0.071328
0.072641 0.70242 0.066753
0.073176 0.76448 0.068771
0.073715 0.6761 0.064985
0.074258 0.83841 0.069631
0.074806 0.81257 0.069359
0.075357 0.72942 0.065546
0.075912 0.79407 0.067437
0.076472 0.80006 0.066117
0.077035 0.79992 0.066956
0.077603 0.81479 0.066579
0.078175 0.79905 0.065334
0.078751 1.0589 0.073178
0.079331 1.025 0.071702
0.079916 1.6516 0.087789
0.080504 2.2148 0.10013
0.081098 2.9428 0.1109
0.081695 3.0619 0.11589
0.082297 2.6472 0.10393
0.082904 2.1881 0.096471
0.083515 1.4729 0.078557
0.08413 0.99828 0.066942
0.08475 0.89719 0.063842
0.085374 0.92247 0.06351
0.086004 0.89149 0.06286
0.086637 0.77745 0.057782
0.087276 0.68987 0.0546
0.087919 0.75124 0.05721
0.088567 0.71105 0.055226
0.089219 0.73664 0.055674
0.089877 0.68788 0.053388
0.090539 0.65977 0.052159
0.091206 0.73753 0.053948
0.091878 0.78989 0.055634
0.092555 0.7376 0.053797
0.093237 0.71117 0.051856
0.093924 0.81136 0.054459
0.094616 0.75408 0.053189
0.095314 0.79428 0.05328
0.096016 0.79932 0.053162
0.096724 1.0622 0.060122
0.097436 1.324 0.065476
0.098154 1.994 0.076549
0.098878 3.2455 0.096909
0.099606 4.0253 0.10707
0.10034 4.1847 0.10636
0.10108 3.3768 0.096729
0.10182 2.1807 0.077943
0.10257 1.3967 0.062835
0.10333 1.0086 0.054964
0.10409 0.81717 0.049098
0.10486 0.69116 0.04624
0.10563 0.7993 0.048276
0.10641 0.74384 0.046662
0.10719 0.68754 0.045187
0.10798 0.6759 0.043809
0.10878 0.66243 0.044089
0.10958 0.61421 0.041623
0.11039 0.5484 0.040266
0.1112 0.60829 0.040895
0.11202 0.5994 0.041209
0.11285 0.55085 0.038709
0.11368 0.57222 0.039617
0.11452 0.50178 0.036725
0.11536 0.56228 0.038851
0.11621 0.50626 0.036747
0.11707 0.51727 0.036799
0.11793 0.4935 0.035965
0.1188 0.48483 0.035293
0.11967 0.50963 0.036142
0.12056 0.49967 0.035098
0.12144 0.49801 0.034872
0.12234 0.49271 0.034986
0.12324 0.45954 0.033227
0.12415 0.46763 0.033437
0.12506 0.49339 0.034278
0.12598 0.48875 0.033199
0.12691 0.50973 0.03378
0.12785 0.56687 0.034966
0.12879 0.54584 0.034352
0.12974 0.55663 0.033997
0.1307 0.58149 0.034396
0.13166 0.52668 0.033082
0.13263 0.48384 0.031782
0.13361 0.49564 0.031642
0.13459 0.45062 0.03043
0.13558 0.55904 0.032551
0.13658 0.46449 0.03058
0.13759 0.53819 0.031645
0.1386 0.46004 0.029768
0.13962 0.59904 0.032673
0.14065 0.67212 0.033728
0.14169 0.69075 0.033961
0.14273 0.62631 0.032516
0.14378 0.61123 0.031816
0.14484 0.57211 0.030905
0.14591 0.47364 0.028561
0.14699 0.46311 0.028262
0.14807 0.51207 0.028988
0.14916 0.56113 0.029764
0.15026 0.58823 0.029988
0.15137 0.68513 0.031743
0.15248 0.72262 0.032031
0.15361 0.84938 0.034082
0.15474 0.70435 0.031317
0.15588 0.6444 0.030069
0.15703 0.58945 0.028757
0.15818 0.56981 0.028201
0.15935 0.50809 0.026848
0.16052 0.55005 0.027341
0.16171 0.53342 0.026939
0.1629 0.57945 0.027599
0.1641 0.55575 0.02695
0.16531 0.6072 0.02773
0.16653 0.48729 0.025236
0.16775 0.49341 0.025219
0.16899 0.49098 0.024985
0.17023 0.51518 0.025303
0.17149 0.50611 0.024906
0.17275 0.55617 0.025534
0.17403 0.5459 0.025267
0.17531 0.53995 0.025022
0.1766 0.49575 0.023911
0.1779 0.4686 0.023366
0.17921 0.43249 0.022441
0.18053 0.42619 0.022283
0.18186 0.39002 0.021361
0.1832 0.42998 0.021984
0.18455 0.3989 0.021278
0.18591 0.37705 0.02071
0.18728 0.35926 0.020158
0.18866 0.3793 0.0205
0.19005 0.3628 0.019874
0.19145 0.40044 0.020602
0.19286 0.36718 0.019754
0.19429 0.3535 0.019386
0.19572 0.3294 0.018891
