#
0.0050184 7.3612 0.85276
0.0050554 13.271 1.2791
0.0050926 12.532 1.2431
0.0051301 7.1687 0.84131
0.0051679 10.234 0.91742
0.005206 14.26 1.8748
0.0052444 17.208 2.9127
0.005283 NaN NaN
0.005322 8.5174 1.1834
0.0053612 6.989 0.92927
0.0054007 13.93 1.0699
0.0054405 9.9742 0.70147
0.0054806 11.793 0.98468
0.005521 10.48 0.92836
0.0055616 8.9346 0.93932
0.0056026 6.6757 0.81199
0.0056439 12.782 1.0249
0.0056855 8.6758 1.1948
0.0057274 11.543 1.6877
0.0057696 8.8433 1.0444
0.0058121 8.2224 1.0075
0.0058549 7.6938 0.64958
0.0058981 9.4964 1.2498
0.0059416 12.533 1.2431
0.0059853 9.12 0.80193
0.0060294 7.3621 1.3483
0.0060739 7.2884 0.52614
0.0061186 9.949 1.1078
0.0061637 10.259 0.7953
0.0062091 6.4865 0.59675
0.0062549 8.1483 0.89708
0.006301 5.3919 1.1546
0.0063474 5.9481 0.60612
0.0063942 10.446 1.1348
0.0064413 7.3604 1.3483
0.0064888 7.6099 1.3706
0.0065366 6.1521 0.48352
0.0065847 7.854 0.5685
0.0066333 6.0179 0.52004
0.0066821 7.7168 0.73767
0.0067314 5.5912 0.74342
0.006781 5.1019 0.71006
0.006831 7.8544 0.98468
0.0068813 6.3135 0.62459
0.006932 7.0809 0.70685
0.0069831 5.0716 0.91374
0.0070345 5.9577 0.64845
0.0070864 4.4088 0.36926
0.0071386 5.1286 0.47998
0.0071912 5.5634 0.95694
0.0072442 5.5184 0.58384
0.0072976 5.6135 0.55519
0.0073513 5.2711 0.46599
0.0074055 3.7894 0.48459
0.0074601 4.5064 0.66784
0.0075151 2.684 0.81646
0.0075704 3.9209 0.46418
0.0076262 3.8451 0.36884
0.0076824 5.4829 0.49639
0.007739 4.958 0.52185
0.0077961 4.0919 0.34511
0.0078535 3.4899 0.49734
0.0079114 5.0903 0.56068
0.0079697 5.7235 0.97091
0.0080284 4.1138 0.63815
0.0080876 4.8288 0.42848
0.0081471 3.7727 0.33148
0.0082072 3.961 0.42225
0.0082677 3.3905 0.34636
0.0083286 4.4095 0.44534
0.00839 3.6696 0.55046
0.0084518 5.0667 0.52755
0.0085141 2.7431 0.32358
0.0085768 4.3383 0.39161
0.00864 3.6256 0.59896
0.0087037 3.6914 0.40777
0.0087678 2.9615 0.29393
0.0088324 4.0029 0.33163
0.0088975 2.5425 0.35503
0.0089631 3.7782 0.36547
0.0090291 2.5879 0.35843
0.0090956 3.0236 0.36909
0.0091627 3.1806 0.88759
0.0092302 3.4745 0.30108
0.0092982 3.0156 0.24957
0.0093667 2.7489 0.29192
0.0094357 3.4225 0.65131
0.0095053 2.7478 0.26805
0.0095753 3.3701 0.43075
0.0096459 2.704 0.29903
0.0097169 2.194 0.3015
0.0097885 3.0018 0.26628
0.0098607 2.7781 0.29354
0.0099333 2.715 0.38682
0.010007 2.697 0.23135
0.01008 2.7152 0.2903
0.010155 2.7348 0.36844
0.010229 2.3165 0.30976
0.010305 2.2227 0.26291
0.010381 2.6718 0.2793
0.010457 2.3594 0.21256
0.010534 1.9014 0.20754
0.010612 3.0535 0.43518
0.01069 2.1923 0.26111
0.010769 2.7667 0.30261
0.010848 2.1122 0.22365
0.010928 1.8771 0.21101
0.011009 2.1066 0.20467
0.01109 1.8711 0.2678
0.011171 2.3933 0.23794
0.011254 2.6032 0.268
0.011337 2.3718 0.29
0.01142 2.0172 0.21349
0.011504 2.2353 0.19579
0.011589 1.6904 0.19147
0.011675 1.9211 0.22441
0.011761 1.5619 0.20831
0.011847 1.7674 0.28308
0.011935 1.8229 0.18018
0.012023 1.8529 0.16994
0.012111 1.9724 0.22156
0.0122 1.6887 0.20032
0.01229 2.0609 0.21582
0.012381 1.7636 0.19135
0.012472 1.9239 0.20874
0.012564 1.5863 0.17459
0.012657 1.7462 0.1796
0.01275 1.5578 0.16373
0.012844 1.7567 0.22053
0.012938 1.4347 0.16617
0.013034 1.7764 0.1962
0.01313 1.6462 0.13659
0.013227 1.4921 0.16613
0.013324 1.6571 0.22057
0.013422 1.7527 0.17672
0.013521 1.5039 0.19384
0.013621 1.4791 0.13596
0.013721 1.361 0.14814
0.013822 1.3164 0.1624
0.013924 1.6612 0.15168
0.014027 1.6083 0.22403
0.01413 1.7019 0.15352
0.014234 1.5729 0.1437
0.014339 1.5207 0.14332
0.014445 1.5463 0.16911
0.014551 1.5998 0.21673
0.014658 1.3552 0.11761
0.014766 1.3608 0.13745
0.014875 1.3112 0.14557
0.014985 1.359 0.14814
0.015095 1.2634 0.1326
0.015206 1.3258 0.13965
0.015319 1.4565 0.13318
0.015431 1.1688 0.11423
0.015545 1.3109 0.1389
0.01566 1.6168 0.173
0.015775 1.4077 0.131
0.015891 1.4065 0.11745
0.016008 1.6869 0.1621
0.016126 1.3898 0.13527
0.016245 1.4117 0.14409
0.016365 1.1385 0.10386
0.016486 1.202 0.12128
0.016607 1.2031 0.1088
0.016729 1.2584 0.14495
0.016853 1.3143 0.11967
0.016977 1.369 0.11585
0.017102 1.1137 0.1102
0.017228 1.2314 0.13674
0.017355 1.5565 0.11577
0.017483 1.4446 0.12266
0.017612 1.2925 0.11986
0.017741 1.2045 0.11099
0.017872 1.3195 0.11852
0.018004 1.3518 0.11761
0.018136 1.3701 0.1035
0.01827 1.443 0.12808
0.018405 1.2857 0.13022
0.01854 1.1948 0.090008
0.018677 1.4055 0.12093
0.018815 1.3692 0.1148
0.018953 1.2261 0.10672
0.019093 1.3241 0.10509
0.019234 1.1163 0.093592
0.019375 1.2953 0.11163
0.019518 1.3782 0.11625
0.019662 1.0809 0.085091
0.019807 1.6461 0.11802
0.019953 1.2516 0.11092
0.0201 1.3318 0.099015
0.020248 1.316 0.096341
0.020397 1.2629 0.10108
0.020547 1.4554 0.11296
0.020699 1.2377 0.095512
0.020851 1.3371 0.092022
0.021005 1.3553 0.1072
0.02116 1.1506 0.09216
0.021316 1.45 0.093985
0.021473 1.2632 0.099419
0.021631 1.2826 0.095085
0.02179 1.3474 0.096098
0.021951 1.3347 0.088609
0.022113 1.4253 0.1024
0.022276 1.3434 0.09797
0.02244 1.6822 0.093044
0.022605 1.36 0.10476
0.022772 1.4014 0.092438
0.02294 1.6593 0.094835
0.023109 1.3834 0.091325
0.023279 1.2818 0.099345
0.02345 1.6183 0.091227
0.023623 1.5172 0.089813
0.023797 1.6243 0.1076
0.023973 1.4498 0.083894
0.024149 1.6874 0.097248
0.024327 1.7957 0.099179
0.024507 1.4002 0.087747
0.024687 1.6626 0.088034
0.024869 1.7158 0.10033
0.025052 1.6717 0.088274
0.025237 1.7693 0.098439
0.025423 1.7835 0.096227
0.02561 1.6099 0.085517
0.025799 1.7055 0.088755
0.025989 2.0729 0.10953
0.026181 1.6662 0.083576
0.026373 2.0149 0.095931
0.026568 1.9283 0.095195
0.026764 1.6833 0.084691
0.026961 1.876 0.09217
0.027159 2.0631 0.098427
0.02736 1.9583 0.086284
0.027561 2.0481 0.099983
0.027764 2.2063 0.090154
0.027969 1.9259 0.091329
0.028175 2.1536 0.092954
0.028383 2.2642 0.096468
0.028592 2.3569 0.096436
0.028802 2.2672 0.093495
0.029015 2.0654 0.085395
0.029228 2.5163 0.10122
0.029444 2.1161 0.085805
0.029661 2.2781 0.089942
0.029879 2.313 0.094773
0.0301 2.4042 0.088654
0.030321 2.803 0.10678
0.030545 2.3789 0.085428
0.03077 2.6032 0.094759
0.030997 2.5893 0.096534
0.031225 2.6054 0.087229
0.031455 2.6449 0.097205
0.031687 2.909 0.09241
0.03192 2.6205 0.093135
0.032156 2.573 0.089351
0.032393 2.9215 0.092322
0.032631 2.9301 0.095902
0.032872 2.7256 0.08818
0.033114 3.0109 0.094291
0.033358 3.0227 0.094185
0.033604 2.877 0.089305
0.033851 2.8241 0.086573
0.034101 3.2985 0.10238
0.034352 2.8535 0.082709
0.034605 3.408 0.098801
0.03486 3.2046 0.09096
0.035117 3.5659 0.094934
0.035376 3.0945 0.088943
0.035637 3.5607 0.096606
0.035899 3.2956 0.089052
0.036164 3.2802 0.088418
0.03643 3.336 0.093297
0.036699 3.6917 0.089357
0.036969 3.4128 0.090611
0.037241 3.5983 0.091482
0.037516 3.6616 0.092937
0.037792 3.7074 0.089172
0.038071 3.6047 0.088698
0.038351 3.5777 0.090805
0.038634 3.4768 0.083515
0.038919 3.8348 0.090472
0.039205 3.7338 0.087793
0.039494 3.8894 0.092108
0.039785 3.6168 0.081617
0.040079 3.8191 0.088412
0.040374 3.7387 0.084072
0.040671 3.8371 0.089166
0.040971 3.8904 0.084621
0.041273 3.475 0.080611
0.041577 3.849 0.083557
0.041883 3.6977 0.082828
0.042192 3.8388 0.084862
0.042503 3.5501 0.077218
0.042816 3.728 0.080639
0.043132 3.7005 0.078434
0.04345 3.5148 0.078313
0.04377 3.6855 0.079063
0.044092 3.5122 0.075921
0.044417 3.6661 0.077295
0.044744 3.3254 0.071107
0.045074 3.5008 0.074565
0.045406 3.3984 0.072781
0.045741 3.097 0.06896
0.046078 3.361 0.071599
0.046417 3.1189 0.067953
0.04676 3.0583 0.0681
0.047104 2.9325 0.064384
0.047451 2.8444 0.062526
0.047801 2.8879 0.063537
0.048153 2.7284 0.061596
0.048508 2.5411 0.057858
0.048865 2.463 0.057587
0.049225 2.6458 0.059509
0.049588 2.2867 0.054131
0.049954 2.3318 0.054732
0.050322 2.2874 0.054993
0.050693 2.1869 0.051383
0.051066 2.0303 0.050201
0.051442 2.0739 0.05011
0.051821 1.9506 0.048203
0.052203 1.8707 0.047106
0.052588 1.7968 0.045479
0.052975 1.6415 0.0436
0.053366 1.6307 0.042868
0.053759 1.5421 0.041468
0.054155 1.5176 0.040909
0.054554 1.4205 0.038433
0.054956 1.3869 0.038507
0.055361 1.3375 0.037312
0.055769 1.2862 0.036983
0.05618 1.2159 0.035134
0.056594 1.1323 0.033721
0.057011 1.1233 0.033294
0.057431 1.0699 0.032766
0.057854 0.96444 0.030456
0.058281 0.87049 0.029135
0.05871 0.85612 0.028257
0.059143 0.84044 0.027971
0.059579 0.79335 0.027048
0.060018 0.80673 0.026849
0.06046 0.75077 0.025867
0.060905 0.71599 0.025047
0.061354 0.68022 0.024488
0.061806 0.69708 0.024429
0.062262 0.63236 0.023165
0.062721 0.61935 0.022582
0.063183 0.56885 0.021888
0.063648 0.5497 0.021157
0.064117 0.53971 0.020553
0.06459 0.53977 0.02061
0.065066 0.55714 0.020789
0.065545 0.50146 0.019789
0.066028 0.46695 0.019029
0.066515 0.50789 0.019234
0.067005 0.47542 0.018806
0.067499 0.47683 0.018916
0.067996 0.48775 0.01862
0.068497 0.43611 0.017395
0.069002 0.44219 0.017791
0.06951 0.43104 0.017146
0.070023 0.43337 0.01706
0.070539 0.41872 0.016912
0.071058 0.43456 0.01679
0.071582 0.43262 0.01664
0.072109 0.4195 0.016525
0.072641 0.41635 0.016194
0.073176 0.38473 0.015534
0.073715 0.40007 0.015702
0.074258 0.40141 0.015461
0.074806 0.38283 0.015238
0.075357 0.37899 0.01498
0.075912 0.39048 0.015095
0.076472 0.41652 0.015241
0.077035 0.36018 0.01439
0.077603 0.36094 0.014218
0.078175 0.35711 0.013986
0.078751 0.37179 0.014201
0.079331 0.3079 0.012912
0.079916 0.33742 0.013398
0.080504 0.33876 0.013395
0.081098 0.31364 0.012532
0.081695 0.29691 0.012529
0.082297 0.31499 0.012366
0.082904 0.31411 0.012526
0.083515 0.31216 0.012166
0.08413 0.29625 0.011983
0.08475 0.28875 0.011802
0.085374 0.27442 0.011334
0.086004 0.27645 0.011435
0.086637 0.26595 0.010904
0.087276 0.26383 0.010783
0.087919 0.23432 0.01033
0.088567 0.24207 0.010348
0.089219 0.23783 0.010207
0.089877 0.24452 0.010189
0.090539 0.22443 0.0097241
0.091206 0.22804 0.0097084
0.091878 0.22439 0.0096642
0.092555 0.20814 0.0092723
0.093237 0.21067 0.0091292
0.093924 0.20588 0.0089891
0.094616 0.20418 0.0090139
0.095314 0.19701 0.0086996
0.096016 0.21069 0.0089183
0.096724 0.19615 0.0086755
0.097436 0.18227 0.0083109
0.098154 0.18409 0.0081195
0.098878 0.17257 0.0079565
0.099606 0.17119 0.0079109
0.10034 0.15472 0.0073703
0.10108 0.16089 0.0075562
0.10182 0.15885 0.0074317
0.10257 0.14893 0.007125
0.10333 0.14595 0.0071131
0.10409 0.16031 0.0072258
0.10486 0.15501 0.0071733
0.10563 0.13585 0.0066725
0.10641 0.14261 0.006782
0.10719 0.14317 0.0067899
0.10798 0.14699 0.0067005
0.10878 0.14132 0.0066823
0.10958 0.12517 0.0061665
0.11039 0.11266 0.0059592
0.1112 0.11318 0.0058271
0.11202 0.12061 0.0060688
0.11285 0.11752 0.0058221
0.11368 0.12305 0.0059908
0.11452 0.11088 0.0055827
0.11536 0.10198 0.0054638
0.11621 0.10703 0.0054832
0.11707 0.10458 0.0053968
0.11793 0.10994 0.0054794
0.1188 0.10812 0.0053702
0.11967 0.11088 0.0054603
0.12056 0.10466 0.0052128
0.12144 0.10171 0.0051257
0.12234 0.10514 0.0052337
0.12324 0.1031 0.0050562
0.12415 0.095019 0.0048892
0.12506 0.096682 0.0049513
0.12598 0.10323 0.0049434
0.12691 0.09808 0.0048507
0.12785 0.087058 0.0045953
0.12879 0.086521 0.0045676
0.12974 0.093149 0.0046255
0.1307 0.079356 0.0043162
0.13166 0.093925 0.0046089
0.13263 0.087984 0.0044505
0.13361 0.09642 0.0045595
0.13459 0.090355 0.0044201
0.13558 0.079853 0.0041571
0.13658 0.087755 0.0043421
0.13759 0.087182 0.0042464
0.1386 0.079144 0.0040707
0.13962 0.078297 0.0040323
0.14065 0.080771 0.004029
0.14169 0.079829 0.0039947
0.14273 0.075618 0.0038911
0.14378 0.078219 0.0038948
0.14484 0.078499 0.0038856
0.14591 0.074479 0.0037737
0.14699 0.072992 0.0037353
0.14807 0.073662 0.0037067
0.14916 0.071179 0.0036292
0.15026 0.070971 0.0035874
0.15137 0.06819 0.0035234
0.15248 0.072683 0.0035666
0.15361 0.071957 0.0035389
0.15474 0.06625 0.0034011
0.15588 0.068296 0.0034211
0.15703 0.066544 0.0033536
0.15818 0.073502 0.0034615
0.15935 0.061833 0.0032214
0.16052 0.064839 0.0032417
0.16171 0.064561 0.003226
0.1629 0.069069 0.0032861
0.1641 0.06754 0.0032326
0.16531 0.063859 0.0031479
0.16653 0.065051 0.0031341
0.16775 0.062197 0.0030654
0.16899 0.0623 0.0030444
0.17023 0.068109 0.0031325
0.17149 0.059466 0.0029497
0.17275 0.06184 0.0029618
0.17403 0.063173 0.0029752
0.17531 0.056161 0.002833
0.1766 0.05687 0.0028073
0.1779 0.057968 0.00282
0.17921 0.05549 0.0027433
0.18053 0.05374 0.0027066
0.18186 0.059028 0.0027689
0.1832 0.055417 0.0026917
0.18455 0.048863 0.0025575
0.18591 0.054673 0.0026404
0.18728 0.05022 0.0025349
0.18866 0.052945 0.0025791
0.19005 0.048639 0.0024632
0.19145 0.045991 0.0024218
0.19286 0.048867 0.0024422
0.19429 0.047348 0.0024009
0.19572 0.042018 0.0022994
