#
0.0050184 29.607 6.7015
0.0050554 25.893 7.0086
0.0050926 14.635 5.2981
0.0051301 5.6986 2.9972
0.0051679 17.137 4.6724
0.005206 22.205 9.1764
0.0052444 14.622 10.596
0.005283 NaN NaN
0.005322 14.734 6.1176
0.0053612 22.069 6.4887
0.0054007 18.433 4.8364
0.0054405 21.419 4.0348
0.0054806 22.132 5.298
0.005521 15.888 4.5025
0.0055616 28.077 6.5318
0.0056026 16.177 4.97
0.0056439 12.202 3.9489
0.0056855 19.643 7.064
0.0057274 7.0779 5.2984
0.0057696 14.7 5.298
0.0058121 14.616 5.2981
0.0058549 10.526 3.0017
0.0058981 7.1556 4.326
0.0059416 14.661 5.2981
0.0059853 19.981 4.6656
0.0060294 25.873 9.9116
0.0060739 16.971 3.1568
0.0061186 22.16 6.4887
0.0061637 14.703 3.7463
0.0062091 12.966 3.3301
0.0062549 16.11 4.97
0.006301 10.876 6.4889
0.0063474 9.0384 2.9618
0.0063942 7.2463 3.7464
0.0064413 7.1167 5.2983
0.0064888 37.138 11.847
0.0065366 12.359 2.7034
0.0065847 10.258 2.5745
0.0066333 5.758 2.0436
0.0066821 5.0482 2.3936
0.0067314 10.163 3.9648
0.006781 7.2126 3.3509
0.006831 14.635 5.2981
0.0068813 8.9801 2.9618
0.006932 7.1445 2.8321
0.0069831 19.738 7.064
0.0070345 7.1778 2.832
0.0070864 8.5588 2.0413
0.0071386 4.4853 1.8023
0.0071912 2.2471 2.4979
0.0072442 6.245 2.4781
0.0072976 7.1729 2.4976
0.0073513 7.1642 2.163
0.0074055 7.0941 2.6492
0.0074601 4.1431 2.5958
0.0075151 3.3835 3.7468
0.0075704 2.2269 1.4422
0.0076262 10.885 2.4526
0.0076824 12.602 2.9691
0.007739 4.6898 2.0394
0.0077961 5.4171 1.5892
0.0078535 11.367 3.5501
0.0079114 3.4774 1.8733
0.0079697 7.1815 4.326
0.0080284 1.1669 1.499
0.0080876 7.7818 2.1566
0.0081471 4.525 1.4619
0.0082072 7.832 2.3596
0.0082677 4.502 1.6057
0.0083286 3.7594 1.6686
0.00839 7.1427 3.059
0.0084518 3.0134 1.6652
0.0085141 0.82391 0.81546
0.0085768 5.5464 1.7751
0.00864 16.214 4.97
0.0087037 5.7722 2.0436
0.0087678 7.1648 1.8173
0.0088324 3.8904 1.3164
0.0088975 4.9753 1.9825
0.0089631 6.6556 1.9297
0.0090291 1.9213 1.298
0.0090956 2.4207 1.3625
0.0091627 10.941 6.4889
0.0092302 7.5254 1.7637
0.0092982 6.2439 1.4307
0.0093667 4.3703 1.481
0.0094357 1.5105 1.8737
0.0095053 1.1997 0.78899
0.0095753 3.8343 1.8617
0.0096459 1.6889 0.99925
0.0097169 1.545 1.0818
0.0097885 3.5804 1.1835
0.0098607 6.6874 1.8138
0.0099333 3.022 1.6652
0.010007 7.4771 1.5283
0.01008 1.5169 0.93685
0.010155 6.4038 2.2479
0.010229 2.7851 1.3964
0.010305 3.3868 1.3247
0.010381 3.1967 1.2468
0.010457 4.7835 1.2228
0.010534 2.7119 1.0219
0.010612 4.3233 2.0945
0.01069 4.3298 1.481
0.010769 2.1435 1.1172
0.010848 5.0273 1.3819
0.010928 2.8768 1.0705
0.011009 4.4853 1.1989
0.01109 2.539 1.289
0.011171 2.8842 1.0705
0.011254 0.90481 0.7213
0.011337 1.8428 1.0706
0.01142 1.4097 0.76175
0.011504 4.3048 1.0963
0.011589 1.6178 0.79817
0.011675 4.7869 1.422
0.011761 2.541 1.1015
0.011847 1.6949 1.1801
0.011935 3.1234 0.96496
0.012023 1.9739 0.74061
0.012111 2.2934 0.99136
0.0122 0.72375 0.61831
0.01229 2.0743 0.90125
0.012381 2.8002 0.98739
0.012472 3.0548 1.0771
0.012564 3.3915 1.0392
0.012657 2.709 0.92053
0.01275 4.3289 1.0963
0.012844 0.9264 0.72128
0.012938 1.9497 0.81528
0.013034 1.2977 0.72867
0.01313 3.2551 0.78045
0.013227 1.8938 0.78508
0.013324 2.7408 1.1663
0.013422 2.3216 0.84638
0.013521 1.5325 0.83794
0.013621 3.7783 0.87869
0.013721 1.6185 0.6838
0.013822 4.1494 1.1609
0.013924 2.178 0.72112
0.014027 1.9982 1.0474
0.01413 4.0461 0.95386
0.014234 3.2334 0.83665
0.014339 2.4863 0.75784
0.014445 1.8861 0.78509
0.014551 2.3092 1.0798
0.014658 1.5093 0.52985
0.014766 1.769 0.65831
0.014875 2.7936 0.8716
0.014985 2.5544 0.83742
0.015095 2.3682 0.75056
0.015206 1.886 0.69703
0.015319 1.8808 0.63319
0.015431 1.3029 0.52671
0.015545 2.3191 0.76353
0.01566 2.1272 0.83271
0.015775 2.2337 0.68391
0.015891 1.4247 0.50908
0.016008 0.61764 0.46855
0.016126 1.6302 0.62369
0.016245 2.5318 0.7947
0.016365 1.7745 0.54767
0.016486 0.9311 0.48372
0.016607 1.414 0.50909
0.016729 1.1687 0.61199
0.016853 1.269 0.51527
0.016977 2.3229 0.62342
0.017102 3.2658 0.76409
0.017228 2.6196 0.81878
0.017355 2.6295 0.61965
0.017483 2.0041 0.6047
0.017612 1.0217 0.47112
0.017741 1.8161 0.57228
0.017872 2.5443 0.67647
0.018004 2.0696 0.6118
0.018136 1.8848 0.51043
0.01827 2.3766 0.68129
0.018405 2.2149 0.71108
0.01854 0.86882 0.35091
0.018677 1.5645 0.54088
0.018815 2.6811 0.66042
0.018953 1.4531 0.50044
0.019093 2.2921 0.57238
0.019234 1.6519 0.48284
0.019375 1.5568 0.51967
0.019518 2.7566 0.67336
0.019662 2.1629 0.49962
0.019807 1.4302 0.47532
0.019953 1.4171 0.50909
0.0201 1.0957 0.39744
0.020248 1.665 0.46013
0.020397 1.6955 0.49842
0.020547 2.0366 0.55782
0.020699 1.8662 0.49289
0.020851 1.949 0.46475
0.021005 2.3385 0.58208
0.02116 1.313 0.4269
0.021316 2.0551 0.46602
0.021473 1.6624 0.48284
0.021631 1.3678 0.42226
0.02179 1.1059 0.38419
0.021951 2.4169 0.49089
0.022113 0.97559 0.38187
0.022276 2.4607 0.5459
0.02244 2.0402 0.43018
0.022605 1.9648 0.5269
0.022772 1.9549 0.45698
0.02294 2.3658 0.46794
0.023109 2.0054 0.46042
0.023279 1.5239 0.46122
0.02345 2.5346 0.46995
0.023623 2.5229 0.47836
0.023797 1.9196 0.49063
0.023973 1.6948 0.38504
0.024149 1.853 0.42939
0.024327 2.4605 0.4802
0.024507 2.2052 0.45854
0.024687 1.9135 0.39622
0.024869 2.3102 0.48292
0.025052 2.5408 0.44847
0.025237 2.4701 0.4802
0.025423 1.7757 0.40567
0.02561 2.6347 0.45192
0.025799 2.0876 0.41054
0.025989 2.0105 0.45283
0.026181 3.0032 0.45847
0.026373 3.0289 0.48127
0.026568 2.4831 0.44715
0.026764 2.5613 0.42968
0.026961 1.5069 0.35405
0.027159 1.991 0.40617
0.02736 2.9757 0.43568
0.027561 1.8581 0.40246
0.027764 2.5496 0.40031
0.027969 3.2466 0.48328
0.028175 2.8623 0.43999
0.028383 2.7518 0.43795
0.028592 2.0308 0.3762
0.028802 2.381 0.39829
0.029015 2.6289 0.39775
0.029228 3.0399 0.45556
0.029444 2.4405 0.38154
0.029661 2.5026 0.38972
0.029879 2.3588 0.39711
0.0301 2.5725 0.37872
0.030321 3.778 0.50279
0.030545 2.6686 0.37297
0.03077 3.0873 0.4228
0.030997 3.5132 0.45758
0.031225 3.3745 0.40403
0.031455 3.0011 0.42453
0.031687 3.6114 0.41834
0.03192 2.5139 0.37721
0.032156 3.5638 0.42671
0.032393 3.6881 0.42052
0.032631 3.8525 0.44494
0.032872 3.7975 0.42199
0.033114 2.9134 0.38114
0.033358 3.7451 0.42533
0.033604 3.5534 0.40375
0.033851 3.3081 0.3823
0.034101 4.2297 0.46822
0.034352 3.5704 0.37624
0.034605 3.7859 0.42222
0.03486 3.3786 0.38044
0.035117 4.1457 0.41358
0.035376 3.4464 0.38242
0.035637 3.6768 0.3985
0.035899 3.302 0.3638
0.036164 4.5979 0.42171
0.03643 2.9684 0.36152
0.036699 4.0871 0.38024
0.036969 3.3391 0.36562
0.037241 4.593 0.4163
0.037516 3.733 0.38103
0.037792 4.0634 0.37834
0.038071 3.1959 0.34151
0.038351 5.3728 0.44638
0.038634 3.5506 0.34328
0.038919 4.2578 0.38493
0.039205 3.5558 0.34913
0.039494 4.1601 0.38501
0.039785 3.7566 0.33779
0.040079 4.1472 0.37291
0.040374 4.6419 0.37731
0.040671 3.7439 0.35753
0.040971 4.8838 0.38097
0.041273 3.0298 0.30852
0.041577 3.9237 0.34178
0.041883 3.7614 0.33916
0.042192 4.4877 0.37013
0.042503 3.8561 0.32634
0.042816 4.4096 0.35404
0.043132 3.7589 0.32109
0.04345 3.4865 0.31778
0.04377 4.7337 0.36024
0.044092 3.9454 0.32641
0.044417 4.1731 0.3335
0.044744 4.0343 0.31689
0.045074 3.725 0.31228
0.045406 2.9127 0.27688
0.045741 2.8634 0.27259
0.046078 3.603 0.30156
0.046417 3.0819 0.27674
0.04676 2.7693 0.26632
0.047104 3.1218 0.27178
0.047451 3.3045 0.27465
0.047801 2.785 0.25685
0.048153 2.8539 0.25884
0.048508 2.6316 0.24268
0.048865 2.4485 0.23776
0.049225 2.7131 0.24826
0.049588 2.3312 0.22694
0.049954 2.275 0.22504
0.050322 2.263 0.2273
0.050693 2.4486 0.22504
0.051066 2.2844 0.22117
0.051442 2.0757 0.20954
0.051821 1.8947 0.19969
0.052203 1.9348 0.20113
0.052588 2.127 0.20629
0.052975 1.8717 0.196
0.053366 1.5042 0.17667
0.053759 1.5869 0.17944
0.054155 1.5388 0.17592
0.054554 2.0009 0.19087
0.054956 1.5044 0.17178
0.055361 1.4547 0.16714
0.055769 1.2746 0.15997
0.05618 1.7701 0.17891
0.056594 1.2529 0.15438
0.057011 1.1041 0.14582
0.057431 1.3374 0.15837
0.057854 1.0749 0.14237
0.058281 1.0068 0.13959
0.05871 0.9705 0.13484
0.059143 1.0577 0.13877
0.059579 1.029 0.13657
0.060018 1.0744 0.13639
0.06046 0.88769 0.12708
0.060905 0.82506 0.12218
0.061354 1.0901 0.13629
0.061806 1.0061 0.13058
0.062262 0.80637 0.11968
0.062721 0.81803 0.1185
0.063183 1.0877 0.13282
0.063648 0.79882 0.1162
0.064117 0.88987 0.11842
0.06459 0.60388 0.10368
0.065066 0.50638 0.097758
0.065545 0.7501 0.1115
0.066028 0.71525 0.10875
0.066515 0.67958 0.10408
0.067005 0.88604 0.11503
0.067499 0.7647 0.10971
0.067996 0.74491 0.10563
0.068497 0.62829 0.098505
0.069002 0.51058 0.093498
0.06951 0.60459 0.096314
0.070023 0.80066 0.10521
0.070539 0.71323 0.10173
0.071058 0.5187 0.089282
0.071582 0.4237 0.083555
0.072109 0.49835 0.088399
0.072641 0.48863 0.086466
0.073176 0.45408 0.084299
0.073715 0.7352 0.097459
0.074258 0.56397 0.087722
0.074806 0.54636 0.087758
0.075357 0.43491 0.080872
0.075912 0.53867 0.085759
0.076472 0.48042 0.080748
0.077035 0.59081 0.08733
0.077603 0.28627 0.070569
0.078175 0.44999 0.078554
0.078751 0.35892 0.073577
0.079331 0.37987 0.074208
0.079916 0.48174 0.078702
0.080504 0.64502 0.085808
0.081098 0.40457 0.072379
0.081695 0.32431 0.070318
0.082297 0.27192 0.064819
0.082904 0.33455 0.068652
0.083515 0.30072 0.065425
0.08413 0.34398 0.068084
0.08475 0.41032 0.071277
0.085374 0.41095 0.070148
0.086004 0.42487 0.070769
0.086637 0.45254 0.070314
0.087276 0.33139 0.063902
0.087919 0.43501 0.069767
0.088567 0.26234 0.06057
0.089219 0.3623 0.06501
0.089877 0.26608 0.059421
0.090539 0.30641 0.061068
0.091206 0.32849 0.061222
0.091878 0.36578 0.063163
0.092555 0.28315 0.059177
0.093237 0.34775 0.060662
0.093924 0.2699 0.05697
0.094616 0.27001 0.057238
0.095314 0.17885 0.051688
0.096016 0.13605 0.049427
0.096724 0.25246 0.055417
0.097436 0.32051 0.057901
0.098154 0.34892 0.057532
0.098878 0.29858 0.055758
0.099606 0.28786 0.055394
0.10034 0.23802 0.051458
0.10108 0.28674 0.054129
0.10182 0.27596 0.053126
0.10257 0.27378 0.052276
0.10333 0.2705 0.052581
0.10409 0.29303 0.052219
0.10486 0.20165 0.048579
0.10563 0.20311 0.047799
0.10641 0.14385 0.044798
0.10719 0.24298 0.049221
0.10798 0.25143 0.048502
0.10878 0.25259 0.049229
0.10958 0.19732 0.045527
0.11039 0.26352 0.048746
0.1112 0.19695 0.044909
0.11202 0.22081 0.046424
0.11285 0.16938 0.042873
0.11368 0.16571 0.043034
0.11452 0.20514 0.043561
0.11536 0.16791 0.042656
0.11621 0.25807 0.045637
0.11707 0.22205 0.043871
0.11793 0.16989 0.041509
0.1188 0.15443 0.040475
0.11967 0.14107 0.040033
0.12056 0.18733 0.041094
0.12144 0.1259 0.038321
0.12234 0.19099 0.041293
0.12324 0.12963 0.037772
0.12415 0.18513 0.040011
0.12506 0.11029 0.037143
0.12598 0.27069 0.042213
0.12691 0.18858 0.039242
0.12785 0.15798 0.03799
0.12879 0.16769 0.03826
0.12974 0.18019 0.037885
0.1307 0.18669 0.037985
0.13166 0.19546 0.038302
0.13263 0.12955 0.03543
0.13361 0.12071 0.034569
0.13459 0.13712 0.035057
0.13558 0.20329 0.03701
0.13658 0.17578 0.036287
0.13759 0.13332 0.033941
0.1386 0.12039 0.033426
0.13962 0.15834 0.034633
0.14065 0.061395 0.030498
0.14169 0.18913 0.035178
0.14273 0.13249 0.03292
0.14378 0.20187 0.034919
0.14484 0.061143 0.029843
0.14591 0.11624 0.031604
0.14699 0.10972 0.031293
0.14807 0.1259 0.031483
0.14916 0.093628 0.030123
0.15026 0.12058 0.030646
0.15137 0.17321 0.032369
0.15248 0.17662 0.032034
0.15361 0.13728 0.030594
0.15474 0.15426 0.031033
0.15588 0.1346 0.030127
0.15703 0.14339 0.030108
0.15818 0.16423 0.030579
0.15935 0.08079 0.027682
0.16052 0.098948 0.027954
0.16171 0.10894 0.028288
0.1629 0.086777 0.027258
0.1641 0.093033 0.027313
0.16531 0.061994 0.026103
0.16653 0.018305 0.024268
0.16775 0.099179 0.026938
0.16899 0.1217 0.027437
0.17023 0.067201 0.025546
0.17149 0.10546 0.026505
0.17275 0.079704 0.02539
0.17403 0.16331 0.027861
0.17531 0.13049 0.026761
0.1766 0.12516 0.026232
0.1779 0.056472 0.024066
0.17921 0.10888 0.02536
0.18053 0.061171 0.023912
0.18186 0.11409 0.02519
0.1832 0.089525 0.024361
0.18455 0.101 0.024561
0.18591 0.10248 0.024433
0.18728 0.068265 0.023121
0.18866 0.12377 0.024668
0.19005 0.098037 0.023593
0.19145 0.053442 0.022364
0.19286 0.13141 0.024298
0.19429 0.12938 0.024087
0.19572 0.098614 0.023261
