#
0.0050184 11.306 0.91849
0.0050554 14.325 1.1556
0.0050926 15.069 1.1853
0.0051301 12.576 0.96849
0.0051679 10.723 0.81657
0.005206 12.838 1.5471
0.0052444 12.274 2.1398
0.005283 NaN NaN
0.005322 10.666 1.1515
0.0053612 18.139 1.3004
0.0054007 13.643 0.92084
0.0054405 13.357 0.70578
0.0054806 13.082 0.90181
0.005521 12.027 0.86471
0.0055616 13.688 1.0106
0.0056026 10.191 0.87199
0.0056439 11.906 0.86025
0.0056855 9.7923 1.1036
0.0057274 8.1743 1.2354
0.0057696 17.679 1.2836
0.0058121 10.412 0.98554
0.0058549 10.788 0.66865
0.0058981 8.4265 1.0239
0.0059416 11.252 1.0244
0.0059853 10.998 0.76562
0.0060294 10.599 1.4061
0.0060739 8.9814 0.50774
0.0061186 13.208 1.1097
0.0061637 13.442 0.79156
0.0062091 6.6873 0.52679
0.0062549 8.3254 0.78843
0.006301 13.019 1.5583
0.0063474 7.5268 0.59264
0.0063942 8.6483 0.89806
0.0064413 7.4313 1.1779
0.0064888 10.786 1.4184
0.0065366 10.672 0.55339
0.0065847 7.6185 0.48687
0.0066333 6.8558 0.48248
0.0066821 7.5945 0.63635
0.0067314 7.0612 0.72613
0.006781 6.3185 0.68685
0.006831 7.7119 0.84841
0.0068813 8.688 0.63673
0.006932 8.6034 0.6773
0.0069831 6.0721 0.86916
0.0070345 9.2436 0.70194
0.0070864 6.3389 0.38467
0.0071386 5.6411 0.43761
0.0071912 4.7058 0.76541
0.0072442 5.2461 0.49496
0.0072976 9.3379 0.62221
0.0073513 6.5955 0.45304
0.0074055 5.7073 0.5164
0.0074601 5.0484 0.61434
0.0075151 6.6869 1.1175
0.0075704 5.1601 0.46274
0.0076262 5.9158 0.39733
0.0076824 8.686 0.54287
0.007739 5.4895 0.47732
0.0077961 4.5421 0.31602
0.0078535 3.8112 0.45154
0.0079114 5.481 0.5058
0.0079697 2.592 0.56901
0.0080284 4.7515 0.596
0.0080876 6.6047 0.4355
0.0081471 5.1332 0.3359
0.0082072 4.1821 0.37709
0.0082677 5.1461 0.37059
0.0083286 3.5394 0.347
0.00839 4.3905 0.52312
0.0084518 6.3167 0.51195
0.0085141 3.5081 0.31779
0.0085768 4.0806 0.33019
0.00864 2.4451 0.42797
0.0087037 4.012 0.36941
0.0087678 4.2127 0.30441
0.0088324 3.7942 0.28071
0.0088975 3.7861 0.37621
0.0089631 3.5503 0.308
0.0090291 2.4795 0.30491
0.0090956 3.4728 0.34368
0.0091627 3.7102 0.83294
0.0092302 4.3148 0.29145
0.0092982 3.3991 0.23021
0.0093667 3.8491 0.29996
0.0094357 2.3101 0.46563
0.0095053 3.4709 0.26157
0.0095753 4.9917 0.45528
0.0096459 3.8089 0.30817
0.0097169 2.6222 0.28619
0.0097885 3.1935 0.23864
0.0098607 2.4045 0.23743
0.0099333 2.7991 0.3413
0.010007 3.4709 0.22793
0.01008 2.3803 0.23628
0.010155 3.1866 0.34544
0.010229 2.3424 0.27062
0.010305 3.8002 0.29815
0.010381 3.4238 0.27456
0.010457 3.0745 0.21056
0.010534 2.5561 0.20875
0.010612 1.9378 0.30176
0.01069 2.4503 0.2397
0.010769 2.9872 0.27317
0.010848 2.9639 0.22991
0.010928 2.4844 0.21063
0.011009 2.309 0.1861
0.01109 2.132 0.24815
0.011171 3.2121 0.2393
0.011254 1.5557 0.18041
0.011337 2.3532 0.25101
0.01142 2.2712 0.19673
0.011504 2.5261 0.18074
0.011589 2.4774 0.20098
0.011675 2.8651 0.2377
0.011761 1.6163 0.18394
0.011847 2.387 0.28534
0.011935 2.51 0.18338
0.012023 2.1352 0.15833
0.012111 1.8461 0.18625
0.0122 2.0049 0.18939
0.01229 2.2027 0.1938
0.012381 2.2035 0.1856
0.012472 1.9467 0.18236
0.012564 1.9595 0.16831
0.012657 1.8592 0.16089
0.01275 1.9107 0.15732
0.012844 1.6188 0.18394
0.012938 1.8305 0.16273
0.013034 2.17 0.18818
0.01313 2.0074 0.13088
0.013227 1.7221 0.15487
0.013324 1.8673 0.20321
0.013422 2.0178 0.16456
0.013521 1.7338 0.18058
0.013621 1.9945 0.13687
0.013721 1.5344 0.13648
0.013822 1.9943 0.17313
0.013924 1.5466 0.12715
0.014027 1.6825 0.19892
0.01413 1.6498 0.13129
0.014234 1.9645 0.13932
0.014339 1.5431 0.12534
0.014445 1.4458 0.14205
0.014551 1.4076 0.17666
0.014658 1.5194 0.10805
0.014766 1.5573 0.12757
0.014875 1.4006 0.13053
0.014985 1.4488 0.13273
0.015095 1.6491 0.13129
0.015206 1.6276 0.13418
0.015319 1.4109 0.11384
0.015431 1.3065 0.10471
0.015545 1.6053 0.13329
0.01566 1.4854 0.14404
0.015775 1.5738 0.12019
0.015891 1.3052 0.098267
0.016008 1.4043 0.12858
0.016126 1.5122 0.12244
0.016245 1.7255 0.13815
0.016365 1.3252 0.097136
0.016486 1.6544 0.12324
0.016607 1.4508 0.10355
0.016729 1.2253 0.12417
0.016853 1.4316 0.10835
0.016977 1.2841 0.09745
0.017102 1.539 0.11221
0.017228 1.4397 0.12821
0.017355 1.5308 0.099706
0.017483 1.3801 0.10412
0.017612 1.0524 0.094021
0.017741 1.6107 0.11121
0.017872 1.2044 0.098357
0.018004 1.2204 0.097061
0.018136 1.3858 0.090359
0.01827 1.532 0.11453
0.018405 1.4923 0.12165
0.01854 1.4678 0.086461
0.018677 1.2962 0.10089
0.018815 1.4729 0.10332
0.018953 1.4588 0.10092
0.019093 1.4364 0.094973
0.019234 1.4557 0.092581
0.019375 1.331 0.098225
0.019518 1.408 0.102
0.019662 1.3741 0.083112
0.019807 1.2328 0.088844
0.019953 1.2391 0.095795
0.0201 1.4733 0.090348
0.020248 1.3997 0.086212
0.020397 1.5383 0.096695
0.020547 1.2776 0.091961
0.020699 1.287 0.084514
0.020851 1.403 0.081809
0.021005 1.2654 0.089959
0.02116 1.5115 0.091504
0.021316 1.4786 0.082401
0.021473 1.2817 0.08692
0.021631 1.4531 0.087795
0.02179 1.4736 0.0872
0.021951 1.5006 0.08152
0.022113 1.4892 0.090846
0.022276 1.4368 0.087929
0.02244 1.4148 0.074171
0.022605 1.2453 0.08707
0.022772 1.6145 0.086076
0.02294 1.4336 0.076613
0.023109 1.4551 0.081285
0.023279 1.4856 0.092766
0.02345 1.5738 0.078141
0.023623 1.4094 0.075193
0.023797 1.4897 0.089525
0.023973 1.426 0.072244
0.024149 1.532 0.080512
0.024327 1.6369 0.082281
0.024507 1.5342 0.079695
0.024687 1.6931 0.077145
0.024869 1.4997 0.081522
0.025052 1.5885 0.074751
0.025237 1.5883 0.08105
0.025423 1.8577 0.085282
0.02561 1.5838 0.073653
0.025799 1.7318 0.077667
0.025989 1.603 0.083771
0.026181 1.63 0.071796
0.026373 1.7056 0.076726
0.026568 1.8525 0.08106
0.026764 1.7002 0.07392
0.026961 1.9782 0.08219
0.027159 1.8456 0.080907
0.02736 1.8456 0.072779
0.027561 1.8491 0.08256
0.027764 1.8597 0.071958
0.027969 1.8135 0.076999
0.028175 2.1251 0.08022
0.028383 1.8147 0.075099
0.028592 2.1232 0.079553
0.028802 2.0416 0.077111
0.029015 1.9484 0.072066
0.029228 2.0779 0.079977
0.029444 1.9397 0.071391
0.029661 2.1041 0.075121
0.029879 2.0759 0.07804
0.0301 2.2626 0.074741
0.030321 2.5848 0.08913
0.030545 2.0597 0.069102
0.03077 2.4507 0.079905
0.030997 2.4611 0.081791
0.031225 2.3372 0.071815
0.031455 2.3201 0.079142
0.031687 2.7035 0.077435
0.03192 2.5315 0.079551
0.032156 2.3984 0.074978
0.032393 2.7319 0.077601
0.032631 2.4338 0.076001
0.032872 2.7537 0.077017
0.033114 2.706 0.077707
0.033358 2.622 0.076266
0.033604 3.0654 0.080093
0.033851 2.9097 0.076355
0.034101 2.8491 0.082725
0.034352 2.7385 0.070419
0.034605 3.0824 0.081688
0.03486 2.6904 0.07247
0.035117 3.2073 0.078276
0.035376 2.9116 0.074991
0.035637 3.1296 0.078746
0.035899 3.1499 0.075675
0.036164 3.1211 0.074969
0.03643 2.8828 0.075406
0.036699 3.3625 0.074141
0.036969 3.2277 0.076599
0.037241 3.1702 0.074658
0.037516 3.5314 0.079337
0.037792 3.2969 0.07311
0.038071 3.3854 0.074723
0.038351 3.3584 0.076478
0.038634 3.3635 0.071401
0.038919 3.5357 0.075525
0.039205 3.3558 0.072361
0.039494 3.3612 0.074453
0.039785 3.4718 0.06951
0.040079 3.3713 0.072224
0.040374 3.3022 0.068697
0.040671 3.497 0.074006
0.040971 3.5127 0.06991
0.041273 3.5894 0.071201
0.041577 3.4307 0.068588
0.041883 3.346 0.0685
0.042192 3.5592 0.071038
0.042503 3.2265 0.063999
0.042816 3.504 0.067962
0.043132 3.3286 0.064673
0.04345 3.2299 0.065263
0.04377 3.2248 0.064303
0.044092 3.205 0.063049
0.044417 3.2002 0.06279
0.044744 3.2656 0.061246
0.045074 3.2039 0.062014
0.045406 3.0199 0.059648
0.045741 3.0341 0.059322
0.046078 2.8754 0.057582
0.046417 2.8179 0.05615
0.04676 2.8459 0.057105
0.047104 2.76 0.054291
0.047451 2.6939 0.052888
0.047801 2.6856 0.053257
0.048153 2.4473 0.05071
0.048508 2.4513 0.049384
0.048865 2.2976 0.048339
0.049225 2.3161 0.048403
0.049588 2.1334 0.045438
0.049954 2.1743 0.04593
0.050322 2.0775 0.04555
0.050693 1.9928 0.042629
0.051066 1.9663 0.042922
0.051442 1.8256 0.040865
0.051821 1.8199 0.040457
0.052203 1.6318 0.038239
0.052588 1.6374 0.037725
0.052975 1.5514 0.03682
0.053366 1.4777 0.035455
0.053759 1.4221 0.034593
0.054155 1.4229 0.034408
0.054554 1.3606 0.032664
0.054956 1.2921 0.032282
0.055361 1.2459 0.031275
0.055769 1.2365 0.031485
0.05618 1.1477 0.029638
0.056594 1.0676 0.028426
0.057011 1.0724 0.028239
0.057431 1.0527 0.028204
0.057854 1.0511 0.027559
0.058281 1.0636 0.027879
0.05871 1.1606 0.028454
0.059143 1.2562 0.029556
0.059579 1.5084 0.032173
0.060018 1.7802 0.034392
0.06046 2.2478 0.03851
0.060905 2.7015 0.041822
0.061354 3.0926 0.044812
0.061806 3.4544 0.046667
0.062262 3.5481 0.047015
0.062721 3.33 0.044851
0.063183 2.8984 0.042271
0.063648 2.1985 0.036225
0.064117 1.6309 0.030616
0.06459 1.1731 0.026094
0.065066 0.92346 0.023039
0.065545 0.78879 0.021347
0.066028 0.67269 0.019654
0.066515 0.66823 0.019017
0.067005 0.6291 0.018636
0.067499 0.59455 0.018211
0.067996 0.60373 0.017868
0.068497 0.56274 0.017014
0.069002 0.55753 0.017212
0.06951 0.57358 0.017023
0.070023 0.56907 0.016828
0.070539 0.54904 0.016666
0.071058 0.56071 0.016426
0.071582 0.54916 0.01615
0.072109 0.54024 0.016144
0.072641 0.53961 0.015869
0.073176 0.52501 0.015594
0.073715 0.54451 0.015749
0.074258 0.50415 0.014917
0.074806 0.53391 0.015456
0.075357 0.50569 0.014872
0.075912 0.51604 0.01492
0.076472 0.52415 0.014724
0.077035 0.52917 0.014959
0.077603 0.52355 0.014689
0.078175 0.49225 0.014094
0.078751 0.53583 0.014631
0.079331 0.52997 0.014456
0.079916 0.50175 0.013997
0.080504 0.51897 0.014202
0.081098 0.5303 0.013918
0.081695 0.50092 0.013883
0.082297 0.55922 0.01406
0.082904 0.55309 0.01419
0.083515 0.56935 0.014015
0.08413 0.60575 0.01458
0.08475 0.72924 0.015905
0.085374 0.89147 0.017254
0.086004 1.0799 0.019082
0.086637 1.3288 0.020503
0.087276 1.5741 0.022143
0.087919 1.6768 0.023099
0.088567 1.5342 0.02182
0.089219 1.297 0.019975
0.089877 0.95857 0.016963
0.090539 0.71342 0.014563
0.091206 0.57249 0.012976
0.091878 0.52414 0.012466
0.092555 0.48953 0.011964
0.093237 0.46181 0.011396
0.093924 0.45416 0.011243
0.094616 0.43333 0.011065
0.095314 0.44509 0.010995
0.096016 0.42226 0.010655
0.096724 0.42664 0.01076
0.097436 0.41283 0.010487
0.098154 0.42241 0.010314
0.098878 0.42591 0.010446
0.099606 0.41876 0.010331
0.10034 0.43483 0.010258
0.10108 0.45811 0.010598
0.10182 0.46872 0.010596
0.10257 0.49881 0.01077
0.10333 0.60422 0.011901
0.10409 0.74055 0.012814
0.10486 0.99141 0.014899
0.10563 1.3905 0.017353
0.10641 1.7424 0.019313
0.10719 2.0253 0.020803
0.10798 2.1243 0.020766
0.10878 1.8258 0.019546
0.10958 1.3673 0.01647
0.11039 0.93444 0.013802
0.1112 0.6571 0.011328
0.11202 0.51697 0.010229
0.11285 0.44504 0.0092276
0.11368 0.4188 0.0090459
0.11452 0.38438 0.0084534
0.11536 0.36976 0.0084044
0.11621 0.35144 0.0080675
0.11707 0.34829 0.0079863
0.11793 0.35339 0.0079956
0.1188 0.33426 0.0076773
0.11967 0.3326 0.0077112
0.12056 0.31503 0.0073463
0.12144 0.31405 0.0073011
0.12234 0.31817 0.0073983
0.12324 0.30246 0.0070339
0.12415 0.30541 0.0070653
0.12506 0.28556 0.0068834
0.12598 0.29012 0.0067396
0.12691 0.28226 0.006669
0.12785 0.28367 0.006639
0.12879 0.27676 0.0065371
0.12974 0.26662 0.0063235
0.1307 0.2765 0.0063978
0.13166 0.26219 0.0062247
0.13263 0.25503 0.0060951
0.13361 0.27112 0.0061953
0.13459 0.27722 0.0062311
0.13558 0.28183 0.006207
0.13658 0.28198 0.0062432
0.13759 0.30266 0.0063356
0.1386 0.31151 0.0063935
0.13962 0.30471 0.0062943
0.14065 0.29575 0.0061282
0.14169 0.27749 0.0059161
0.14273 0.27923 0.0059099
0.14378 0.26475 0.0056919
0.14484 0.26262 0.0056456
0.14591 0.26897 0.0056609
0.14699 0.26695 0.0056273
0.14807 0.27157 0.0056115
0.14916 0.29317 0.0057709
0.15026 0.31283 0.005897
0.15137 0.33785 0.0060982
0.15248 0.36542 0.0062578
0.15361 0.34596 0.0060739
0.15474 0.31824 0.0057796
0.15588 0.29569 0.0055566
0.15703 0.28974 0.0054487
0.15818 0.28038 0.0053295
0.15935 0.28076 0.0052989
0.16052 0.29982 0.0054054
0.16171 0.31804 0.0055338
0.1629 0.37081 0.0059205
0.1641 0.39939 0.006082
0.16531 0.40753 0.0061111
0.16653 0.3878 0.0059016
0.16775 0.33897 0.0054975
0.16899 0.31268 0.0052508
0.17023 0.29481 0.0050823
0.17149 0.27622 0.0048839
0.17275 0.27588 0.0048332
0.17403 0.27506 0.0048064
0.17531 0.2815 0.0048313
0.1766 0.27936 0.0047494
0.1779 0.27481 0.004702
0.17921 0.26177 0.0045436
0.18053 0.26001 0.0045172
0.18186 0.25212 0.004404
0.1832 0.25327 0.0043889
0.18455 0.26258 0.0044334
0.18591 0.26897 0.004447
0.18728 0.26625 0.0043847
0.18866 0.26652 0.0043811
0.19005 0.23886 0.0040923
0.19145 0.22915 0.0040229
0.19286 0.2207 0.0039003
0.19429 0.20335 0.0037328
0.19572 0.19148 0.0036137
