#
0.0050184 30.981 5.2732
0.0050554 68.882 8.773
0.0050926 812.02 30.082
0.0051301 37.26 5.7765
0.0051679 120.12 9.454
0.005206 1381.4 55.485
0.0052444 111.2 22.283
0.005283 NaN NaN
0.005322 39.961 7.7192
0.0053612 20.926 4.8566
0.0054007 315.5 15.313
0.0054405 35.915 4.011
0.0054806 47.332 5.9422
0.005521 685.38 22.566
0.0055616 30.071 5.1974
0.0056026 569.38 22.531
0.0056439 157.3 10.815
0.0056855 29.511 6.6437
0.0057274 1477.1 57.377
0.0057696 25.456 5.3434
0.0058121 27.634 5.5709
0.0058549 29.535 3.8357
0.0058981 585.11 29.487
0.0059416 91.169 10.089
0.0059853 25.892 4.0767
0.0060294 15.39 5.8957
0.0060739 197.62 8.2348
0.0061186 231.56 16.069
0.0061637 300.66 12.945
0.0062091 23.063 3.3949
0.0062549 463.27 20.325
0.006301 13.154 5.4584
0.0063474 18.189 3.2002
0.0063942 81.188 9.5194
0.0064413 748.49 40.846
0.0064888 33.232 8.6304
0.0065366 21.407 2.7211
0.0065847 52.154 4.41
0.0066333 155.76 7.9496
0.0066821 231.57 12.147
0.0067314 19.415 4.1808
0.006781 372.41 18.223
0.006831 16.504 4.3152
0.0068813 45.452 5.0446
0.006932 190.79 11.027
0.0069831 25.111 6.1251
0.0070345 17.64 3.369
0.0070864 15.397 2.0845
0.0071386 107.6 6.6078
0.0071912 221.2 18.133
0.0072442 146.88 9.0515
0.0072976 21.103 3.2472
0.0073513 146.5 7.3812
0.0074055 15.361 2.9479
0.0074601 255.6 15.1
0.0075151 2.0126 2.2287
0.0075704 15.685 2.8012
0.0076262 70.46 4.7431
0.0076824 22.487 3.0319
0.007739 47.356 4.8518
0.0077961 53.818 3.7627
0.0078535 199.67 11.282
0.0079114 15.996 3
0.0079697 381.6 23.815
0.0080284 8.7161 2.8187
0.0080876 21.427 2.7211
0.0081471 50.142 3.6326
0.0082072 9.9257 2.0258
0.0082677 23.051 2.7199
0.0083286 85.292 5.8852
0.00839 132.01 9.9099
0.0084518 13.182 2.5731
0.0085141 72.14 4.9798
0.0085768 16.351 2.2956
0.00864 10.536 3.0877
0.0087037 68.258 5.267
0.0087678 11.602 1.7587
0.0088324 48.614 3.4751
0.0088975 7.8618 1.8909
0.0089631 42.477 3.685
0.0090291 80.472 5.9959
0.0090956 24.128 3.1383
0.0091627 293.96 25.602
0.0092302 10.34 1.5735
0.0092982 10.956 1.4384
0.0093667 45.216 3.5562
0.0094357 13.154 3.8597
0.0095053 28.626 2.6014
0.0095753 86.958 6.5694
0.0096459 10.512 1.7827
0.0097169 52.914 4.4412
0.0097885 8.4964 1.3589
0.0098607 27.932 2.7993
0.0099333 15.168 2.7571
0.010007 15.678 1.6818
0.01008 47.976 3.6637
0.010155 6.0375 1.6676
0.010229 43.624 4.0344
0.010305 10.371 1.7171
0.010381 27.855 2.7118
0.010457 11.245 1.4031
0.010534 13.97 1.6949
0.010612 62.737 5.9219
0.01069 7.8678 1.5001
0.010769 33.363 3.1584
0.010848 5.3248 1.0822
0.010928 18.265 1.9795
0.011009 7.8378 1.1959
0.01109 26.879 3.0471
0.011171 15.086 1.8008
0.011254 10.194 1.6046
0.011337 28.473 3.02
0.01142 19.07 1.9745
0.011504 7.9394 1.1188
0.011589 13.751 1.6442
0.011675 4.9585 1.1003
0.011761 16.12 2.0115
0.011847 20.861 2.9217
0.011935 14.114 1.51
0.012023 5.7701 0.91332
0.012111 18.3 2.0302
0.0122 5.0994 1.0612
0.01229 11.97 1.5692
0.012381 9.4649 1.3391
0.012472 20.454 2.046
0.012564 5.4456 0.98475
0.012657 13.496 1.5038
0.01275 6.2633 0.99601
0.012844 10.207 1.6046
0.012938 11.787 1.4342
0.013034 12.204 1.5502
0.01313 7.5071 0.88305
0.013227 5.5832 0.97658
0.013324 12.117 1.7973
0.013422 7.9068 1.1367
0.013521 12.499 1.6824
0.013621 4.6986 0.73911
0.013721 11.889 1.3177
0.013822 6.0336 1.0547
0.013924 4.7619 0.78302
0.014027 8.7093 1.5757
0.01413 6.8634 0.9347
0.014234 9.4294 1.0621
0.014339 6.8993 0.92525
0.014445 2.9376 0.71957
0.014551 8.7141 1.5287
0.014658 4.354 0.64319
0.014766 7.1183 0.95095
0.014875 7.2685 1.0368
0.014985 3.2446 0.70438
0.015095 7.1034 0.95096
0.015206 4.5299 0.78654
0.015319 6.119 0.82788
0.015431 6.6183 0.82272
0.015545 5.3119 0.84955
0.01566 4.2365 0.85777
0.015775 5.2419 0.76868
0.015891 5.8285 0.72593
0.016008 3.8492 0.75007
0.016126 7.5375 0.95285
0.016245 3.8655 0.72989
0.016365 3.0737 0.5252
0.016486 5.4454 0.7839
0.016607 5.9969 0.73638
0.016729 4.4091 0.8272
0.016853 3.9521 0.63538
0.016977 4.9646 0.67128
0.017102 6.2056 0.78715
0.017228 3.0438 0.66169
0.017355 3.6388 0.54339
0.017483 5.3703 0.71925
0.017612 4.5693 0.68621
0.017741 3.3542 0.56806
0.017872 4.453 0.66382
0.018004 4.1416 0.63021
0.018136 5.4386 0.62677
0.01827 4.1485 0.66426
0.018405 4.1323 0.71347
0.01854 3.9497 0.50032
0.018677 4.5517 0.66312
0.018815 3.9946 0.6
0.018953 4.2482 0.60654
0.019093 4.7803 0.60805
0.019234 4.3252 0.56148
0.019375 4.0115 0.6
0.019518 5.5721 0.70998
0.019662 3.9012 0.49365
0.019807 3.7967 0.54998
0.019953 3.9889 0.60549
0.0201 3.6666 0.50348
0.020248 4.7567 0.55797
0.020397 4.6028 0.58844
0.020547 4.339 0.59552
0.020699 3.9283 0.52026
0.020851 3.9801 0.48534
0.021005 4.4881 0.59484
0.02116 3.927 0.52026
0.021316 4.5922 0.5099
0.021473 3.7047 0.52117
0.021631 4.2033 0.52523
0.02179 4.7483 0.54951
0.021951 4.0069 0.46901
0.022113 4.4473 0.55231
0.022276 5.1565 0.58357
0.02244 4.4298 0.4618
0.022605 5.1943 0.62258
0.022772 4.0435 0.48006
0.02294 5.2827 0.515
0.023109 4.7369 0.51508
0.023279 4.6777 0.57779
0.02345 4.9996 0.48845
0.023623 4.7248 0.48356
0.023797 5.4713 0.60069
0.023973 5.1188 0.47993
0.024149 5.509 0.53471
0.024327 4.4511 0.4774
0.024507 4.0544 0.45686
0.024687 5.3868 0.4822
0.024869 4.7299 0.5084
0.025052 4.5104 0.44281
0.025237 4.6038 0.48488
0.025423 4.8632 0.48473
0.02561 4.8491 0.45303
0.025799 6.1939 0.51381
0.025989 5.29 0.5336
0.026181 5.4193 0.45873
0.026373 6.0542 0.5058
0.026568 6.1862 0.51841
0.026764 5.5233 0.46657
0.026961 5.4343 0.47772
0.027159 6.0197 0.51155
0.02736 5.5465 0.44232
0.027561 6.5235 0.54228
0.027764 5.2472 0.4241
0.027969 6.4269 0.50683
0.028175 6.3033 0.48359
0.028383 8.046 0.55131
0.028592 6.1956 0.47592
0.028802 8.2572 0.54082
0.029015 7.0638 0.47941
0.029228 6.3017 0.48743
0.029444 8.9319 0.53353
0.029661 7.0917 0.48178
0.029879 12.058 0.6533
0.0301 7.8345 0.48539
0.030321 8.2752 0.55647
0.030545 11.134 0.55846
0.03077 7.191 0.47852
0.030997 12.296 0.63538
0.031225 7.3557 0.44495
0.031455 9.5449 0.55909
0.031687 8.8733 0.48916
0.03192 8.894 0.5198
0.032156 7.6076 0.46615
0.032393 9.4299 0.50228
0.032631 7.9616 0.47958
0.032872 8.9188 0.48333
0.033114 7.8615 0.46259
0.033358 9.6122 0.50869
0.033604 8.3386 0.46117
0.033851 8.9752 0.46769
0.034101 9.6873 0.53147
0.034352 8.7987 0.44024
0.034605 10.445 0.5236
0.03486 8.6722 0.45373
0.035117 10.084 0.48348
0.035376 9.425 0.4703
0.035637 10.512 0.5025
0.035899 9.7966 0.46508
0.036164 10.085 0.46949
0.03643 8.9675 0.46389
0.036699 10.723 0.46102
0.036969 9.5158 0.45849
0.037241 10.914 0.48222
0.037516 10.901 0.48541
0.037792 10.83 0.46149
0.038071 9.6962 0.44083
0.038351 10.162 0.46358
0.038634 10.16 0.43235
0.038919 10.736 0.4583
0.039205 9.8781 0.43278
0.039494 11.016 0.46922
0.039785 10.337 0.41789
0.040079 10.663 0.4474
0.040374 10.009 0.41673
0.040671 10.097 0.43819
0.040971 10.842 0.42763
0.041273 9.674 0.40753
0.041577 10.383 0.41564
0.041883 9.7497 0.40757
0.042192 11.027 0.43541
0.042503 10.453 0.4012
0.042816 9.9682 0.39954
0.043132 10.358 0.39745
0.04345 8.9483 0.37898
0.04377 9.5019 0.38468
0.044092 9.3282 0.37515
0.044417 9.579 0.37869
0.044744 8.6893 0.34861
0.045074 9.0162 0.36285
0.045406 8.7972 0.35518
0.045741 8.7966 0.35239
0.046078 8.466 0.34481
0.046417 8.8189 0.34648
0.04676 7.6997 0.32802
0.047104 7.813 0.31902
0.047451 7.4727 0.30772
0.047801 7.5079 0.31115
0.048153 7.1291 0.30253
0.048508 7.2172 0.29608
0.048865 6.8442 0.2917
0.049225 7.2009 0.29822
0.049588 6.4532 0.27646
0.049954 6.7324 0.28263
0.050322 6.2305 0.27602
0.050693 6.044 0.25991
0.051066 5.7276 0.25666
0.051442 6.3974 0.26745
0.051821 5.926 0.25551
0.052203 5.7891 0.25207
0.052588 6.0112 0.25282
0.052975 5.3539 0.23969
0.053366 4.9701 0.22815
0.053759 4.8843 0.22495
0.054155 4.6056 0.2174
0.054554 4.9529 0.21855
0.054956 4.6478 0.21492
0.055361 4.0998 0.19965
0.055769 4.4494 0.20974
0.05618 3.9496 0.19356
0.056594 4.0531 0.19474
0.057011 4.3703 0.20012
0.057431 4.2569 0.19918
0.057854 4.0084 0.1893
0.058281 3.5852 0.18054
0.05871 3.489 0.1743
0.059143 3.5191 0.17476
0.059579 3.4217 0.17151
0.060018 3.451 0.1695
0.06046 3.4191 0.16842
0.060905 3.409 0.16659
0.061354 3.3063 0.16465
0.061806 3.3004 0.16221
0.062262 3.0092 0.15437
0.062721 3.0968 0.15407
0.063183 3.0081 0.15348
0.063648 2.9134 0.14852
0.064117 2.6598 0.13951
0.06459 2.9411 0.14658
0.065066 3.0235 0.14755
0.065545 2.8208 0.14305
0.066028 2.8591 0.14318
0.066515 3.1892 0.14635
0.067005 2.9203 0.1417
0.067499 3.0767 0.14585
0.067996 2.9679 0.13963
0.068497 2.7883 0.13366
0.069002 2.8664 0.13755
0.06951 2.7681 0.13202
0.070023 2.9224 0.1344
0.070539 2.5214 0.12642
0.071058 2.7197 0.12771
0.071582 2.7352 0.12717
0.072109 2.5146 0.12325
0.072641 2.7069 0.12544
0.073176 2.6231 0.1231
0.073715 2.7487 0.12484
0.074258 2.795 0.12369
0.074806 2.7543 0.12383
0.075357 2.9138 0.12557
0.075912 2.9298 0.12508
0.076472 2.9544 0.12295
0.077035 2.9513 0.12431
0.077603 2.7702 0.11911
0.078175 2.5322 0.11295
0.078751 2.5497 0.11289
0.079331 2.778 0.11671
0.079916 2.593 0.11235
0.080504 2.6246 0.11273
0.081098 2.7755 0.11224
0.081695 2.5139 0.10995
0.082297 2.6337 0.10787
0.082904 2.5937 0.10863
0.083515 2.573 0.10543
0.08413 2.4773 0.10455
0.08475 2.4475 0.10363
0.085374 2.5036 0.10297
0.086004 2.4388 0.10228
0.086637 2.4299 0.099128
0.087276 2.5395 0.10042
0.087919 2.5282 0.10138
0.088567 2.3272 0.096301
0.089219 2.1237 0.091822
0.089877 2.1781 0.091552
0.090539 2.2888 0.092964
0.091206 2.1533 0.089597
0.091878 2.2411 0.091517
0.092555 2.1074 0.088321
0.093237 2.1183 0.086694
0.093924 2.1818 0.087426
0.094616 2.1317 0.087069
0.095314 2.0215 0.083355
0.096016 1.8917 0.080432
0.096724 2.1475 0.085614
0.097436 2.0545 0.083067
0.098154 2.0115 0.080018
0.098878 2.002 0.080534
0.099606 1.881 0.078102
0.10034 1.9225 0.076865
0.10108 1.901 0.077057
0.10182 1.8255 0.074826
0.10257 1.8195 0.073686
0.10333 1.8563 0.074878
0.10409 1.8248 0.072443
0.10486 1.722 0.071109
0.10563 1.7675 0.07089
0.10641 1.8213 0.071518
0.10719 1.7829 0.0708
0.10798 1.6849 0.067326
0.10878 1.6167 0.067054
0.10958 1.7875 0.068198
0.11039 1.7414 0.068116
0.1112 1.6218 0.064374
0.11202 1.5544 0.064064
0.11285 1.5895 0.062758
0.11368 1.6766 0.064867
0.11452 1.5503 0.060996
0.11536 1.5799 0.062323
0.11621 1.4792 0.059535
0.11707 1.5266 0.060009
0.11793 1.465 0.058588
0.1188 1.5458 0.05919
0.11967 1.4952 0.058698
0.12056 1.4911 0.057324
0.12144 1.5077 0.057327
0.12234 1.5431 0.05833
0.12324 1.4663 0.05554
0.12415 1.4876 0.055889
0.12506 1.4161 0.054999
0.12598 1.353 0.052393
0.12691 1.396 0.053236
0.12785 1.4452 0.053713
0.12879 1.2539 0.050301
0.12974 1.3457 0.051023
0.1307 1.3507 0.050838
0.13166 1.3029 0.04994
0.13263 1.2471 0.048594
0.13361 1.2261 0.047627
0.13459 1.3151 0.048869
0.13558 1.2644 0.047476
0.13658 1.1948 0.046596
0.13759 1.267 0.046879
0.1386 1.1627 0.044988
0.13962 1.2376 0.045974
0.14065 1.1303 0.043651
0.14169 1.1959 0.044522
0.14273 1.1855 0.044154
0.14378 1.1207 0.042574
0.14484 1.14 0.042713
0.14591 1.1582 0.042635
0.14699 1.1384 0.04222
0.14807 1.1421 0.041813
0.14916 1.0848 0.040578
0.15026 1.117 0.040682
0.15137 1.0586 0.03965
0.15248 1.0535 0.039095
0.15361 1.0198 0.038414
0.15474 1.0778 0.038976
0.15588 0.99872 0.037551
0.15703 0.98581 0.036974
0.15818 0.9658 0.036419
0.15935 1.0261 0.037125
0.16052 0.93123 0.035246
0.16171 0.94946 0.035397
0.1629 0.91906 0.034691
0.1641 0.96503 0.035113
0.16531 0.85867 0.033287
0.16653 0.88401 0.033309
0.16775 0.85219 0.032625
0.16899 0.87493 0.032733
0.17023 0.86007 0.032344
0.17149 0.84784 0.031863
0.17275 0.79059 0.030657
0.17403 0.76552 0.030153
0.17531 0.75613 0.029836
0.1766 0.79617 0.030047
0.1779 0.78304 0.029775
0.17921 0.74152 0.028799
0.18053 0.74996 0.028866
0.18186 0.73771 0.028359
0.1832 0.62742 0.026482
0.18455 0.72498 0.027829
0.18591 0.69984 0.027227
0.18728 0.62818 0.025845
0.18866 0.65648 0.026251
0.19005 0.63362 0.025477
0.19145 0.58055 0.024703
0.19286 0.58449 0.024452
0.19429 0.57746 0.024195
0.19572 0.57577 0.024085
