#
0.0050184 6.9698 1.2223
0.0050554 18.038 2.1932
0.0050926 39.046 3.2246
0.0051301 12.086 1.6064
0.0051679 16.086 1.6914
0.005206 57.94 5.5534
0.0052444 31.863 5.8269
0.005283 NaN NaN
0.005322 11.312 2.006
0.0053612 16.165 2.0772
0.0054007 24.426 2.0829
0.0054405 15.382 1.281
0.0054806 15.731 1.6727
0.005521 32.398 2.3985
0.0055616 12.71 1.6481
0.0056026 25.914 2.3501
0.0056439 16.272 1.7007
0.0056855 9.8813 1.8764
0.0057274 56.856 5.5022
0.0057696 13.257 1.8806
0.0058121 9.5221 1.5958
0.0058549 12.015 1.1938
0.0058981 22.293 2.8146
0.0059416 15.38 2.0255
0.0059853 11.652 1.3336
0.0060294 6.8653 1.9179
0.0060739 12.966 1.0319
0.0061186 18.04 2.1932
0.0061637 22.566 1.7338
0.0062091 7.5148 0.94564
0.0062549 23.564 2.2416
0.006301 10.587 2.3788
0.0063474 8.5972 1.0721
0.0063942 10.603 1.6821
0.0064413 25.479 3.6852
0.0064888 10.06 2.3186
0.0065366 10.184 0.91493
0.0065847 9.9672 0.9424
0.0066333 11.359 1.0506
0.0066821 14.091 1.4656
0.0067314 6.5494 1.1846
0.006781 17.194 1.9149
0.006831 8.1951 1.4808
0.0068813 9.6528 1.1362
0.006932 13.476 1.4337
0.0069831 7.4125 1.625
0.0070345 8.77 1.1574
0.0070864 6.1355 0.64121
0.0071386 9.4377 0.95741
0.0071912 15.213 2.3253
0.0072442 11.924 1.2616
0.0072976 10.002 1.0898
0.0073513 10.68 0.97519
0.0074055 3.9328 0.72837
0.0074601 11.014 1.5343
0.0075151 6.3315 1.8426
0.0075704 6.3446 0.86863
0.0076262 7.5486 0.75989
0.0076824 7.2053 0.83756
0.007739 7.2853 0.93075
0.0077961 6.3387 0.63202
0.0078535 7.693 1.0853
0.0079114 5.8129 0.88209
0.0079697 12.367 2.0979
0.0080284 2.5061 0.73707
0.0080876 5.2784 0.65977
0.0081471 5.8365 0.60673
0.0082072 4.9806 0.69741
0.0082677 4.7426 0.60315
0.0083286 5.3694 0.72374
0.00839 11.653 1.4404
0.0084518 6.1017 0.85239
0.0085141 6.4182 0.72736
0.0085768 4.8909 0.61265
0.00864 4.2171 0.95154
0.0087037 5.2684 0.71725
0.0087678 3.7708 0.48876
0.0088324 5.517 0.57302
0.0088975 4.1107 0.66438
0.0089631 5.8083 0.6668
0.0090291 4.9537 0.72934
0.0090956 4.8892 0.69067
0.0091627 7.9365 2.0601
0.0092302 3.5881 0.45143
0.0092982 3.5018 0.39648
0.0093667 4.6099 0.5563
0.0094357 4.2039 1.0639
0.0095053 3.5298 0.44794
0.0095753 8.8187 1.0237
0.0096459 4.4952 0.56739
0.0097169 5.4499 0.69807
0.0097885 2.7374 0.37571
0.0098607 3.6091 0.49311
0.0099333 3.266 0.62549
0.010007 4.1681 0.42341
0.01008 3.7394 0.502
0.010155 3.1433 0.5827
0.010229 3.7643 0.58135
0.010305 2.8745 0.44106
0.010381 3.0196 0.43806
0.010457 2.4796 0.32219
0.010534 3.4799 0.41317
0.010612 3.5394 0.691
0.01069 2.277 0.39337
0.010769 3.6377 0.51144
0.010848 2.4362 0.35462
0.010928 3.1441 0.4021
0.011009 2.8922 0.35349
0.01109 3.1429 0.51107
0.011171 3.753 0.43873
0.011254 2.0788 0.35463
0.011337 3.5292 0.52096
0.01142 3.0048 0.38383
0.011504 2.4088 0.30028
0.011589 2.4036 0.33675
0.011675 2.0795 0.34517
0.011761 2.4294 0.38304
0.011847 2.9486 0.53849
0.011935 3.1031 0.34615
0.012023 2.0755 0.26597
0.012111 2.6129 0.37614
0.0122 2.6864 0.37228
0.01229 2.5673 0.35536
0.012381 1.9934 0.30065
0.012472 1.8361 0.302
0.012564 1.8318 0.27753
0.012657 2.0395 0.28686
0.01275 2.2288 0.28886
0.012844 1.6091 0.31276
0.012938 2.5273 0.32478
0.013034 2.3582 0.33355
0.01313 2.1788 0.23192
0.013227 1.9238 0.27862
0.013324 1.8285 0.34278
0.013422 1.5075 0.2433
0.013521 2.9304 0.39807
0.013621 1.9461 0.23034
0.013721 2.083 0.27023
0.013822 1.653 0.26915
0.013924 2.1119 0.2525
0.014027 2.6774 0.42576
0.01413 2.1407 0.25422
0.014234 1.9989 0.23921
0.014339 1.7332 0.22641
0.014445 1.4499 0.2429
0.014551 2.5807 0.40557
0.014658 1.9295 0.20712
0.014766 1.4332 0.20897
0.014875 1.7694 0.24985
0.014985 2.1129 0.2724
0.015095 1.6365 0.22312
0.015206 1.4255 0.21452
0.015319 1.8758 0.22322
0.015431 1.6271 0.19921
0.015545 1.5183 0.22126
0.01566 1.0901 0.2122
0.015775 1.5886 0.20596
0.015891 1.3496 0.17076
0.016008 1.5837 0.23273
0.016126 1.6593 0.21867
0.016245 1.9866 0.25228
0.016365 1.3158 0.16553
0.016486 1.715 0.21398
0.016607 1.661 0.1889
0.016729 1.4426 0.22983
0.016853 1.3134 0.17766
0.016977 1.8109 0.1968
0.017102 1.5044 0.18931
0.017228 1.3069 0.20894
0.017355 1.3822 0.162
0.017483 1.5701 0.18938
0.017612 1.4926 0.19061
0.017741 1.3217 0.17234
0.017872 1.4704 0.18529
0.018004 1.3794 0.1764
0.018136 1.5143 0.16117
0.01827 1.5222 0.19495
0.018405 1.3504 0.19798
0.01854 1.5035 0.14941
0.018677 1.5298 0.18676
0.018815 1.6082 0.18414
0.018953 1.5854 0.1795
0.019093 1.3893 0.15959
0.019234 1.3649 0.15326
0.019375 1.6736 0.18752
0.019518 1.4135 0.17454
0.019662 1.3 0.13827
0.019807 1.5915 0.17202
0.019953 1.3485 0.17076
0.0201 1.4385 0.1525
0.020248 1.6449 0.15929
0.020397 1.3561 0.15539
0.020547 1.6517 0.17806
0.020699 1.5948 0.16032
0.020851 1.4887 0.14379
0.021005 1.2877 0.15512
0.02116 1.2972 0.1451
0.021316 1.5762 0.14506
0.021473 1.7654 0.17356
0.021631 1.3929 0.14682
0.02179 1.5269 0.15146
0.021951 1.3194 0.13068
0.022113 1.5622 0.15879
0.022276 1.702 0.16299
0.02244 1.6168 0.13523
0.022605 1.7204 0.17416
0.022772 1.549 0.1439
0.02294 1.6311 0.13925
0.023109 1.5537 0.14332
0.023279 1.7386 0.17089
0.02345 1.4896 0.12978
0.023623 1.6937 0.14046
0.023797 1.4276 0.14969
0.023973 1.5731 0.12943
0.024149 1.7334 0.14592
0.024327 1.5769 0.13784
0.024507 1.6459 0.14079
0.024687 1.9322 0.14027
0.024869 1.8425 0.15381
0.025052 1.6931 0.13154
0.025237 1.7186 0.14367
0.025423 1.8923 0.14661
0.02561 1.6604 0.12868
0.025799 1.6361 0.12882
0.025989 1.7823 0.1505
0.026181 1.7853 0.12801
0.026373 1.8551 0.1363
0.026568 1.8681 0.13872
0.026764 1.9277 0.13396
0.026961 2.1193 0.14476
0.027159 1.8986 0.1398
0.02736 2.1605 0.13395
0.027561 1.9327 0.14378
0.027764 1.883 0.12336
0.027969 1.8117 0.13117
0.028175 2.0023 0.13265
0.028383 2.4482 0.14818
0.028592 2.4077 0.14404
0.028802 2.1277 0.13401
0.029015 2.1012 0.12739
0.029228 2.3414 0.14436
0.029444 2.0577 0.12516
0.029661 2.3312 0.13445
0.029879 2.4212 0.14325
0.0301 2.4861 0.13318
0.030321 2.7166 0.15527
0.030545 2.0799 0.11822
0.03077 2.4775 0.13664
0.030997 2.5804 0.14237
0.031225 2.4568 0.12517
0.031455 2.5616 0.14135
0.031687 2.8421 0.13488
0.03192 2.6479 0.13827
0.032156 2.4211 0.12808
0.032393 3.1334 0.14106
0.032631 2.52 0.13144
0.032872 2.8688 0.13355
0.033114 2.9785 0.13846
0.033358 2.6596 0.13055
0.033604 2.9296 0.13304
0.033851 2.9617 0.13086
0.034101 3.1445 0.14755
0.034352 2.9587 0.12432
0.034605 3.0959 0.13903
0.03486 3.1285 0.13265
0.035117 3.1834 0.13241
0.035376 3.0121 0.12955
0.035637 3.3311 0.13789
0.035899 2.9789 0.12503
0.036164 3.2002 0.1289
0.03643 3.2438 0.13579
0.036699 3.4377 0.12724
0.036969 3.165 0.12881
0.037241 3.2047 0.12745
0.037516 3.4078 0.13232
0.037792 3.603 0.12971
0.038071 3.4582 0.12819
0.038351 3.3411 0.12952
0.038634 3.205 0.11836
0.038919 3.6268 0.1298
0.039205 3.4707 0.12492
0.039494 3.6514 0.13166
0.039785 3.5276 0.11893
0.040079 3.4247 0.12358
0.040374 3.4856 0.11979
0.040671 3.3184 0.12241
0.040971 3.7826 0.12306
0.041273 3.3933 0.11754
0.041577 3.2619 0.11356
0.041883 3.4551 0.11815
0.042192 3.5269 0.12004
0.042503 3.4546 0.11239
0.042816 3.6383 0.11753
0.043132 3.3758 0.11057
0.04345 3.3237 0.1124
0.04377 3.5836 0.115
0.044092 3.2625 0.10802
0.044417 3.4311 0.11035
0.044744 2.9816 0.09943
0.045074 3.1958 0.10517
0.045406 3.1439 0.10335
0.045741 2.9464 0.099322
0.046078 2.9343 0.098819
0.046417 2.95 0.097591
0.04676 2.8272 0.096694
0.047104 2.9503 0.095337
0.047451 2.6887 0.089792
0.047801 2.6105 0.089271
0.048153 2.5423 0.087865
0.048508 2.3719 0.082628
0.048865 2.3489 0.083129
0.049225 2.4044 0.083867
0.049588 2.2617 0.079581
0.049954 2.2065 0.078737
0.050322 2.0561 0.077143
0.050693 2.0393 0.073417
0.051066 2.0465 0.074539
0.051442 1.9828 0.072495
0.051821 1.7964 0.0685
0.052203 1.8658 0.069618
0.052588 2.0247 0.071355
0.052975 2.0137 0.071345
0.053366 2.2769 0.074736
0.053759 2.4414 0.076896
0.054155 2.4125 0.076011
0.054554 2.3548 0.072908
0.054956 1.8575 0.065824
0.055361 1.733 0.062772
0.055769 1.4959 0.059048
0.05618 1.2121 0.052104
0.056594 1.1676 0.05086
0.057011 1.0934 0.048855
0.057431 1.0459 0.048206
0.057854 0.99948 0.046135
0.058281 1.0078 0.046579
0.05871 0.96832 0.04469
0.059143 1.0164 0.045671
0.059579 0.93696 0.043692
0.060018 0.79557 0.039799
0.06046 0.74323 0.03847
0.060905 0.72919 0.037761
0.061354 0.73206 0.037937
0.061806 0.71794 0.037068
0.062262 0.72362 0.036978
0.062721 0.65169 0.034675
0.063183 0.62353 0.034304
0.063648 0.68868 0.035292
0.064117 0.61703 0.032863
0.06459 0.63666 0.033427
0.065066 0.60241 0.032374
0.065545 0.63297 0.033179
0.066028 0.57207 0.031487
0.066515 0.5834 0.030861
0.067005 0.57117 0.030834
0.067499 0.56558 0.030832
0.067996 0.5159 0.028772
0.068497 0.55287 0.029276
0.069002 0.54715 0.029596
0.06951 0.54157 0.028741
0.070023 0.55956 0.02896
0.070539 0.53877 0.028673
0.071058 0.48095 0.026545
0.071582 0.53963 0.027791
0.072109 0.53339 0.027859
0.072641 0.4871 0.026286
0.073176 0.53125 0.027237
0.073715 0.50084 0.026307
0.074258 0.54024 0.026773
0.074806 0.63144 0.02901
0.075357 0.77053 0.031451
0.075912 0.79363 0.031686
0.076472 0.82211 0.031547
0.077035 0.81222 0.031727
0.077603 0.71032 0.029401
0.078175 0.55653 0.025952
0.078751 0.47363 0.024017
0.079331 0.47207 0.023822
0.079916 0.44733 0.023107
0.080504 0.49627 0.024166
0.081098 0.45409 0.022516
0.081695 0.40761 0.022004
0.082297 0.39246 0.020774
0.082904 0.40704 0.021404
0.083515 0.44763 0.02177
0.08413 0.40693 0.021044
0.08475 0.3595 0.019855
0.085374 0.38323 0.020084
0.086004 0.3924 0.020397
0.086637 0.373 0.01937
0.087276 0.38694 0.019535
0.087919 0.38663 0.01976
0.088567 0.35557 0.018791
0.089219 0.32822 0.018037
0.089877 0.37832 0.018927
0.090539 0.37874 0.018798
0.091206 0.42821 0.019681
0.091878 0.521 0.021582
0.092555 0.7672 0.025649
0.093237 0.90297 0.02714
0.093924 0.9051 0.027024
0.094616 0.76783 0.025167
0.095314 0.54166 0.020979
0.096016 0.41979 0.018578
0.096724 0.3634 0.017502
0.097436 0.34188 0.016866
0.098154 0.30777 0.015668
0.098878 0.28974 0.015394
0.099606 0.30549 0.01572
0.10034 0.27034 0.014526
0.10108 0.26246 0.014456
0.10182 0.29234 0.014974
0.10257 0.24914 0.013795
0.10333 0.23196 0.013486
0.10409 0.22869 0.013072
0.10486 0.23117 0.013228
0.10563 0.24402 0.013327
0.10641 0.22154 0.012739
0.10719 0.22036 0.012703
0.10798 0.22901 0.012596
0.10878 0.22007 0.012568
0.10958 0.21055 0.012
0.11039 0.20738 0.012049
0.1112 0.20483 0.011701
0.11202 0.19783 0.011695
0.11285 0.19857 0.011361
0.11368 0.18904 0.011237
0.11452 0.21004 0.011422
0.11536 0.19474 0.011225
0.11621 0.20599 0.011296
0.11707 0.18848 0.010828
0.11793 0.18666 0.010726
0.1188 0.18466 0.010542
0.11967 0.20746 0.011116
0.12056 0.20662 0.010853
0.12144 0.21516 0.010979
0.12234 0.19773 0.010683
0.12324 0.16248 0.0096248
0.12415 0.19468 0.010339
0.12506 0.19904 0.01049
0.12598 0.17055 0.0095847
0.12691 0.18469 0.0099127
0.12785 0.18098 0.0097776
0.12879 0.17447 0.0096028
0.12974 0.1835 0.009629
0.1307 0.18265 0.0095628
0.13166 0.20414 0.0099826
0.13263 0.2218 0.010241
0.13361 0.19117 0.0095136
0.13459 0.17029 0.0090436
0.13558 0.17291 0.0089901
0.13658 0.17991 0.0091871
0.13759 0.1686 0.008779
0.1386 0.19488 0.0092667
0.13962 0.16178 0.0085618
0.14065 0.16662 0.0085481
0.14169 0.21435 0.0094207
0.14273 0.22927 0.0096407
0.14378 0.2125 0.0092278
0.14484 0.20292 0.0090201
0.14591 0.18468 0.008609
0.14699 0.17816 0.0084661
0.14807 0.17323 0.0082793
0.14916 0.17809 0.0083044
0.15026 0.17601 0.0081811
0.15137 0.15995 0.0078579
0.15248 0.16849 0.0079214
0.15361 0.18286 0.0081513
0.15474 0.18366 0.0080972
0.15588 0.16794 0.0077724
0.15703 0.15433 0.0074454
0.15818 0.16238 0.0075445
0.15935 0.16171 0.0074864
0.16052 0.17578 0.0076481
0.16171 0.16593 0.0074503
0.1629 0.1671 0.007419
0.1641 0.16933 0.0073985
0.16531 0.15083 0.0070357
0.16653 0.14376 0.0068302
0.16775 0.14776 0.0068646
0.16899 0.14587 0.0067801
0.17023 0.13436 0.0065402
0.17149 0.13106 0.0064205
0.17275 0.1494 0.0066756
0.17403 0.12993 0.0063119
0.17531 0.12942 0.0062674
0.1766 0.12899 0.0061748
0.1779 0.13134 0.0062008
0.17921 0.12988 0.0061037
0.18053 0.13828 0.0062355
0.18186 0.13457 0.006103
0.1832 0.11321 0.0057002
0.18455 0.12109 0.005802
0.18591 0.1219 0.0057703
0.18728 0.11785 0.0056408
0.18866 0.11848 0.0056434
0.19005 0.10566 0.0053323
0.19145 0.11446 0.0054977
0.19286 0.098623 0.0051545
0.19429 0.10231 0.0051879
0.19572 0.11124 0.005325
