#
0.0050184 8.5798 0.49742
0.0050554 11.015 0.63006
0.0050926 8.4216 0.55098
0.0051301 8.0048 0.48044
0.0051679 10.199 0.49503
0.005206 8.5671 0.78583
0.0052444 7.6289 1.0489
0.005283 NaN NaN
0.005322 5.518 0.51501
0.0053612 10.906 0.62697
0.0054007 8.8068 0.46001
0.0054405 8.2927 0.34578
0.0054806 9.4782 0.47723
0.005521 7.8213 0.43355
0.0055616 7.9741 0.47957
0.0056026 7.4859 0.46462
0.0056439 6.9821 0.40962
0.0056855 7.2932 0.59209
0.0057274 7.4838 0.73463
0.0057696 8.855 0.56493
0.0058121 8.4212 0.55098
0.0058549 7.31 0.34222
0.0058981 7.0531 0.58227
0.0059416 7.8458 0.53181
0.0059853 6.9087 0.37727
0.0060294 6.3325 0.67577
0.0060739 6.8761 0.27618
0.0061186 7.8819 0.53302
0.0061637 6.8741 0.35199
0.0062091 6.5245 0.32335
0.0062549 6.2456 0.42447
0.006301 6.1882 0.66804
0.0063474 5.4505 0.31348
0.0063942 6.1184 0.46962
0.0064413 5.1794 0.61125
0.0064888 6.0449 0.66023
0.0065366 5.9119 0.2561
0.0065847 5.7681 0.26332
0.0066333 4.5639 0.24468
0.0066821 5.9218 0.34929
0.0067314 4.6329 0.36562
0.006781 3.9422 0.33727
0.006831 6.0444 0.46685
0.0068813 5.4314 0.31297
0.006932 5.571 0.33882
0.0069831 6.7668 0.57026
0.0070345 4.5426 0.30597
0.0070864 4.4598 0.20054
0.0071386 4.7621 0.24989
0.0071912 3.7411 0.42414
0.0072442 3.776 0.26098
0.0072976 5.8689 0.30667
0.0073513 4.3999 0.23001
0.0074055 3.6842 0.25785
0.0074601 3.3646 0.31168
0.0075151 3.4508 0.49909
0.0075704 4.0769 0.25563
0.0076262 3.4407 0.18836
0.0076824 4.7741 0.25023
0.007739 4.6525 0.27308
0.0077961 3.6128 0.17513
0.0078535 3.7175 0.2769
0.0079114 3.4706 0.25019
0.0079697 2.6834 0.35938
0.0080284 4.2006 0.34817
0.0080876 3.9842 0.21028
0.0081471 3.3244 0.16801
0.0082072 3.15 0.20333
0.0082677 2.7828 0.16941
0.0083286 2.7704 0.19071
0.00839 3.1389 0.27483
0.0084518 4.124 0.25713
0.0085141 3.1744 0.18775
0.0085768 2.8235 0.17066
0.00864 3.078 0.29806
0.0087037 2.7174 0.1889
0.0087678 2.8328 0.15512
0.0088324 2.9163 0.15292
0.0088975 3.2221 0.21563
0.0089631 2.7316 0.16784
0.0090291 2.6735 0.19649
0.0090956 2.784 0.19115
0.0091627 1.7232 0.35291
0.0092302 2.7608 0.14487
0.0092982 2.5513 0.1239
0.0093667 2.6233 0.15387
0.0094357 2.5503 0.3035
0.0095053 2.4193 0.13565
0.0095753 3.3554 0.23198
0.0096459 2.7315 0.16215
0.0097169 2.3949 0.16979
0.0097885 2.3192 0.12632
0.0098607 2.0286 0.13537
0.0099333 1.8831 0.1739
0.010007 2.8697 0.12874
0.01008 2.0462 0.13597
0.010155 2.1402 0.17587
0.010229 1.8785 0.15044
0.010305 2.2082 0.14123
0.010381 2.2904 0.13952
0.010457 2.2753 0.11248
0.010534 2.0299 0.11549
0.010612 1.4699 0.16308
0.01069 2.2804 0.14351
0.010769 2.4232 0.15278
0.010848 2.0245 0.11804
0.010928 1.695 0.10804
0.011009 1.7402 0.10032
0.01109 1.6558 0.13574
0.011171 2.3264 0.12651
0.011254 1.8744 0.1227
0.011337 1.7438 0.13418
0.01142 1.7822 0.10821
0.011504 1.8912 0.097101
0.011589 2.0231 0.11275
0.011675 2.1318 0.12734
0.011761 1.6257 0.11432
0.011847 1.9449 0.15988
0.011935 1.9433 0.10017
0.012023 1.7714 0.089483
0.012111 1.6217 0.1083
0.0122 1.5164 0.10222
0.01229 1.6967 0.1056
0.012381 1.8008 0.10415
0.012472 1.5584 0.10124
0.012564 1.4228 0.089008
0.012657 1.4608 0.08849
0.01275 1.6929 0.091877
0.012844 1.6507 0.11516
0.012938 1.506 0.091559
0.013034 1.4469 0.095413
0.01313 1.4837 0.069847
0.013227 1.5412 0.090871
0.013324 1.3663 0.10787
0.013422 1.6655 0.092763
0.013521 1.6863 0.11043
0.013621 1.409 0.071405
0.013721 1.4765 0.083009
0.013822 1.705 0.099319
0.013924 1.4426 0.076146
0.014027 1.3891 0.11211
0.01413 1.2824 0.071816
0.014234 1.3892 0.072733
0.014339 1.3717 0.073265
0.014445 1.4717 0.088812
0.014551 1.375 0.1082
0.014658 1.3845 0.063948
0.014766 1.2547 0.071031
0.014875 1.2667 0.076932
0.014985 1.5224 0.084301
0.015095 1.5183 0.078119
0.015206 1.1889 0.071161
0.015319 1.3258 0.068412
0.015431 1.3666 0.066315
0.015545 1.1167 0.068983
0.01566 1.2575 0.08215
0.015775 1.2834 0.06732
0.015891 1.3749 0.062471
0.016008 1.3266 0.077463
0.016126 1.366 0.072138
0.016245 1.3496 0.075804
0.016365 1.2194 0.057731
0.016486 1.2127 0.06546
0.016607 1.2815 0.060327
0.016729 1.348 0.080649
0.016853 1.1614 0.060492
0.016977 1.3046 0.060854
0.017102 1.2781 0.063421
0.017228 1.3558 0.077119
0.017355 1.4615 0.06039
0.017483 1.1611 0.059201
0.017612 1.3035 0.064751
0.017741 1.5433 0.067501
0.017872 1.2659 0.062449
0.018004 1.1983 0.059538
0.018136 1.3239 0.054728
0.01827 1.2638 0.0645
0.018405 1.3962 0.072932
0.01854 1.2336 0.04914
0.018677 1.3508 0.063816
0.018815 1.4369 0.063243
0.018953 1.2072 0.056913
0.019093 1.1487 0.052665
0.019234 1.3307 0.054867
0.019375 1.3876 0.062141
0.019518 1.3638 0.062216
0.019662 1.4305 0.05254
0.019807 1.1313 0.052716
0.019953 1.4963 0.065161
0.0201 1.4322 0.055211
0.020248 1.1664 0.048787
0.020397 1.5803 0.060732
0.020547 1.4269 0.060189
0.020699 1.2881 0.052374
0.020851 1.471 0.051906
0.021005 1.2513 0.055419
0.02116 1.5105 0.056696
0.021316 1.3995 0.049698
0.021473 1.4795 0.057836
0.021631 1.53 0.055833
0.02179 1.3081 0.050935
0.021951 1.4957 0.050455
0.022113 1.521 0.056894
0.022276 1.5231 0.056105
0.02244 1.5053 0.047392
0.022605 1.3879 0.056923
0.022772 1.5908 0.052975
0.02294 1.563 0.049574
0.023109 1.6738 0.054009
0.023279 1.6408 0.060421
0.02345 1.644 0.04951
0.023623 1.5184 0.048349
0.023797 1.8173 0.061267
0.023973 1.6762 0.048518
0.024149 1.6076 0.051117
0.024327 2.0201 0.056646
0.024507 1.5244 0.049236
0.024687 1.8627 0.050167
0.024869 1.8361 0.055886
0.025052 1.8559 0.050077
0.025237 1.8256 0.053856
0.025423 2.1638 0.057072
0.02561 1.8753 0.049653
0.025799 2.0159 0.051944
0.025989 1.972 0.057576
0.026181 1.9805 0.049048
0.026373 2.0688 0.052376
0.026568 2.2131 0.054929
0.026764 2.0036 0.049749
0.026961 2.4273 0.05646
0.027159 2.2036 0.054811
0.02736 2.2317 0.049616
0.027561 2.4131 0.058465
0.027764 2.2893 0.0495
0.027969 2.2876 0.053612
0.028175 2.4928 0.053891
0.028383 2.2939 0.05234
0.028592 2.6451 0.055068
0.028802 2.6036 0.053995
0.029015 2.548 0.051094
0.029228 2.7512 0.057069
0.029444 2.5246 0.0505
0.029661 2.8979 0.054673
0.029879 2.5094 0.053217
0.0301 2.9899 0.053295
0.030321 3.0512 0.060093
0.030545 2.7809 0.049792
0.03077 3.1062 0.05581
0.030997 2.9816 0.055857
0.031225 3.0932 0.051255
0.031455 3.0099 0.055918
0.031687 3.1967 0.052259
0.03192 3.345 0.056739
0.032156 3.2024 0.053754
0.032393 3.373 0.053518
0.032631 3.2659 0.054625
0.032872 3.4458 0.053468
0.033114 3.6702 0.056156
0.033358 3.3894 0.053808
0.033604 3.7744 0.055168
0.033851 3.5888 0.052633
0.034101 3.6688 0.058263
0.034352 3.6611 0.050527
0.034605 3.9782 0.057608
0.03486 3.5306 0.05152
0.035117 4.2362 0.055847
0.035376 3.7591 0.052885
0.035637 3.9992 0.055261
0.035899 4.2505 0.054567
0.036164 4.2019 0.053994
0.03643 4.0234 0.055283
0.036699 4.4126 0.052731
0.036969 4.2778 0.054742
0.037241 4.1323 0.052913
0.037516 4.5565 0.055954
0.037792 4.2075 0.051271
0.038071 4.1678 0.051475
0.038351 4.3765 0.054199
0.038634 4.401 0.050706
0.038919 4.6531 0.053795
0.039205 4.4608 0.05179
0.039494 4.4295 0.053063
0.039785 4.3442 0.048275
0.040079 4.6485 0.052648
0.040374 4.3362 0.048871
0.040671 4.437 0.051759
0.040971 4.4232 0.048711
0.041273 4.4583 0.049272
0.041577 4.2695 0.047507
0.041883 4.2921 0.048165
0.042192 4.4447 0.04929
0.042503 4.0839 0.044699
0.042816 4.3828 0.047192
0.043132 4.1404 0.04478
0.04345 4.1297 0.045811
0.04377 4.0513 0.044747
0.044092 3.9727 0.043575
0.044417 4.0491 0.043845
0.044744 3.8944 0.041524
0.045074 3.8658 0.04229
0.045406 3.7025 0.040997
0.045741 3.6999 0.040664
0.046078 3.5171 0.039526
0.046417 3.3874 0.038209
0.04676 3.4861 0.03923
0.047104 3.312 0.036911
0.047451 3.1871 0.035703
0.047801 3.1459 0.035772
0.048153 3.0326 0.035025
0.048508 2.9147 0.033415
0.048865 2.8175 0.033209
0.049225 2.73 0.032602
0.049588 2.5072 0.030555
0.049954 2.5475 0.030839
0.050322 2.4308 0.030563
0.050693 2.2881 0.02833
0.051066 2.2206 0.02829
0.051442 2.076 0.027021
0.051821 2.0705 0.026758
0.052203 1.9127 0.02566
0.052588 1.9067 0.025233
0.052975 1.7446 0.024197
0.053366 1.7065 0.023607
0.053759 1.6299 0.022943
0.054155 1.5346 0.022141
0.054554 1.4502 0.020891
0.054956 1.3804 0.020666
0.055361 1.3289 0.020002
0.055769 1.2738 0.019792
0.05618 1.1811 0.018614
0.056594 1.1479 0.018241
0.057011 1.0785 0.017527
0.057431 1.0601 0.017517
0.057854 0.98603 0.016523
0.058281 0.95139 0.016325
0.05871 0.8964 0.015496
0.059143 0.84789 0.015059
0.059579 0.82307 0.014757
0.060018 0.77894 0.014141
0.06046 0.7549 0.013887
0.060905 0.71755 0.013423
0.061354 0.68087 0.013103
0.061806 0.6645 0.012761
0.062262 0.63229 0.012378
0.062721 0.5992 0.011867
0.063183 0.57395 0.011731
0.063648 0.57032 0.011496
0.064117 0.56787 0.011242
0.06459 0.5279 0.010876
0.065066 0.52161 0.010738
0.065545 0.5157 0.010688
0.066028 0.50184 0.010496
0.066515 0.49568 0.010126
0.067005 0.48313 0.010091
0.067499 0.45402 0.0098295
0.067996 0.47002 0.0097388
0.068497 0.44989 0.0093903
0.069002 0.43823 0.0094211
0.06951 0.43017 0.0091056
0.070023 0.43995 0.0091358
0.070539 0.43492 0.0091551
0.071058 0.41924 0.0087729
0.071582 0.40364 0.0085518
0.072109 0.40633 0.0086448
0.072641 0.41275 0.0085679
0.073176 0.41077 0.0085116
0.073715 0.39236 0.0082574
0.074258 0.39418 0.0081371
0.074806 0.39696 0.0082279
0.075357 0.3974 0.0081328
0.075912 0.37283 0.0078291
0.076472 0.39343 0.0078755
0.077035 0.3642 0.0076664
0.077603 0.37894 0.0077161
0.078175 0.35734 0.0074104
0.078751 0.36744 0.0074851
0.079331 0.36126 0.0073735
0.079916 0.3524 0.0072428
0.080504 0.34955 0.0072017
0.081098 0.34817 0.0069701
0.081695 0.33906 0.0070541
0.082297 0.32475 0.0066308
0.082904 0.32854 0.0067675
0.083515 0.31693 0.0064746
0.08413 0.30512 0.0064155
0.08475 0.30973 0.0064401
0.085374 0.29294 0.0061613
0.086004 0.2798 0.0060626
0.086637 0.28254 0.0059094
0.087276 0.28172 0.0058604
0.087919 0.27782 0.0058855
0.088567 0.2738 0.0057684
0.089219 0.2556 0.0055478
0.089877 0.24861 0.0053946
0.090539 0.24346 0.0052987
0.091206 0.23968 0.0052162
0.091878 0.23254 0.005154
0.092555 0.2226 0.005005
0.093237 0.21929 0.0048686
0.093924 0.21929 0.0048416
0.094616 0.19962 0.0046572
0.095314 0.19931 0.0045645
0.096016 0.19674 0.0045087
0.096724 0.193 0.0044886
0.097436 0.19089 0.0044212
0.098154 0.18241 0.0042068
0.098878 0.17752 0.0041885
0.099606 0.16652 0.0040493
0.10034 0.16999 0.0039882
0.10108 0.16382 0.0039469
0.10182 0.15292 0.0037758
0.10257 0.15418 0.0037388
0.10333 0.15568 0.0037819
0.10409 0.14473 0.0035606
0.10486 0.14375 0.0035759
0.10563 0.13173 0.0033804
0.10641 0.13263 0.0033757
0.10719 0.1366 0.0034223
0.10798 0.13254 0.0032894
0.10878 0.12622 0.0032606
0.10958 0.12634 0.0031716
0.11039 0.12473 0.0031863
0.1112 0.12473 0.003108
0.11202 0.11652 0.0030529
0.11285 0.11486 0.0029409
0.11368 0.1149 0.0029689
0.11452 0.11064 0.00284
0.11536 0.11166 0.0028892
0.11621 0.10464 0.0027558
0.11707 0.10154 0.0027012
0.11793 0.10396 0.0027156
0.1188 0.10081 0.0026394
0.11967 0.10405 0.002697
0.12056 0.099483 0.0025816
0.12144 0.096059 0.0025275
0.12234 0.096285 0.0025482
0.12324 0.096512 0.0024844
0.12415 0.09118 0.0024188
0.12506 0.090533 0.0024246
0.12598 0.090075 0.0023507
0.12691 0.087613 0.0023261
0.12785 0.083588 0.0022604
0.12879 0.088558 0.0023132
0.12974 0.085074 0.0022348
0.1307 0.0812 0.0021751
0.13166 0.078544 0.0021369
0.13263 0.078721 0.0021219
0.13361 0.0814 0.0021282
0.13459 0.080908 0.0021122
0.13558 0.07484 0.0020136
0.13658 0.077106 0.002053
0.13759 0.079839 0.0020472
0.1386 0.076865 0.0020026
0.13962 0.073059 0.0019461
0.14065 0.067848 0.0018574
0.14169 0.069951 0.0018745
0.14273 0.068564 0.0018496
0.14378 0.066304 0.0017989
0.14484 0.067358 0.0018042
0.14591 0.063087 0.0017362
0.14699 0.065311 0.0017596
0.14807 0.063212 0.0017147
0.14916 0.061719 0.0016824
0.15026 0.06135 0.001662
0.15137 0.062551 0.0016717
0.15248 0.058684 0.0016048
0.15361 0.058956 0.0016022
0.15474 0.060187 0.0016022
0.15588 0.055125 0.0015326
0.15703 0.057863 0.0015509
0.15818 0.054689 0.0015021
0.15935 0.055494 0.0015024
0.16052 0.055085 0.0014806
0.16171 0.054296 0.0014649
0.1629 0.051759 0.001425
0.1641 0.050102 0.0013927
0.16531 0.053132 0.0014224
0.16653 0.051866 0.0013916
0.16775 0.050789 0.0013702
0.16899 0.049429 0.0013437
0.17023 0.048757 0.0013291
0.17149 0.048181 0.0013102
0.17275 0.046611 0.0012783
0.17403 0.045495 0.0012598
0.17531 0.047562 0.0012774
0.1766 0.044197 0.0012201
0.1779 0.04322 0.0012054
0.17921 0.042514 0.0011832
0.18053 0.042796 0.0011837
0.18186 0.042062 0.0011619
0.1832 0.04222 0.0011575
0.18455 0.038276 0.0011019
0.18591 0.038343 0.0010938
0.18728 0.036141 0.001056
0.18866 0.038146 0.0010793
0.19005 0.037125 0.0010494
0.19145 0.036355 0.0010424
0.19286 0.034046 0.0010006
0.19429 0.033743 0.00099092
0.19572 0.03239 0.00097006
