#
0.0050184 1.1781 1.5549
0.0050554 9.3713 4.3444
0.0050926 5.4656 3.3653
0.0051301 2.8022 2.1984
0.0051679 8.708 3.427
0.005206 11.375 6.7302
0.0052444 15.166 10.99
0.005283 NaN NaN
0.005322 12.692 5.7924
0.0053612 13.176 5.1404
0.0054007 3.5766 2.2436
0.0054405 5.8972 2.1982
0.0054806 7.4129 3.1728
0.005521 7.4129 3.1728
0.0055616 8.9169 3.8073
0.0056026 9.0083 3.8073
0.0056439 7.4756 3.1727
0.0056855 2.2411 2.591
0.0057274 3.4557 3.8863
0.0057696 3.59 2.7479
0.0058121 3.5027 2.748
0.0058549 9.1905 2.8639
0.0058981 -0.34925 NaN
0.0059416 7.4353 3.8858
0.0059853 6.2925 2.7196
0.0060294 11.294 6.7303
0.0060739 3.256 1.4645
0.0061186 1.6137 1.9433
0.0061637 6.5075 2.5702
0.0062091 9.1308 2.8639
0.0062549 7.3842 3.4756
0.006301 11.281 6.7303
0.0063474 2.575 1.6828
0.0063942 3.6303 2.7478
0.0064413 3.496 3.8862
0.0064888 3.5497 3.8861
0.0065366 5.0473 1.7935
0.0065847 3.5161 1.5865
0.0066333 8.7981 2.5474
0.0066821 4.1259 2.2206
0.0067314 2.7699 2.1984
0.006781 2.8183 2.1983
0.006831 3.5229 2.7479
0.0068813 3.4859 1.9431
0.006932 2.9697 1.9232
0.0069831 4.93 3.6636
0.0070345 1.8941 1.5704
0.0070864 3.0489 1.2853
0.0071386 1.8263 1.2239
0.0071912 4.921 3.6636
0.0072442 3.5632 1.9431
0.0072976 6.5763 2.4424
0.0073513 6.7832 2.148
0.0074055 2.5011 1.6829
0.0074601 1.1888 1.5548
0.0075151 -0.37612 NaN
0.0075704 3.1732 1.7272
0.0076262 2.4089 1.2415
0.0076824 3.1806 1.58
0.007739 3.1374 1.7272
0.0077961 3.333 1.2931
0.0078535 0.68799 1.1109
0.0079114 2.6354 1.6828
0.0079697 -0.32238 NaN
0.0080284 4.3188 2.6923
0.0080876 2.6913 1.3369
0.0081471 3.322 1.2931
0.0082072 1.0588 0.99952
0.0082677 1.339 0.96175
0.0083286 2.4864 1.4132
0.00839 2.2277 1.8321
0.0084518 4.8524 2.1153
0.0085141 3.2457 1.4645
0.0085768 5.1977 1.7555
0.00864 4.3833 2.6923
0.0087037 2.4546 1.4132
0.0087678 3.3172 1.2931
0.0088324 4.0352 1.3654
0.0088975 3.6062 1.7379
0.0089631 0.79737 0.78538
0.0090291 1.2157 1.0994
0.0090956 1.8043 1.2239
0.0091627 3.5766 3.8861
0.0092302 2.4883 1.0824
0.0092982 3.2383 1.0741
0.0093667 1.6187 0.97167
0.0094357 3.5094 2.748
0.0095053 3.2894 1.2272
0.0095753 -0.3403 NaN
0.0096459 1.2336 0.89765
0.0097169 4.8404 1.8319
0.0097885 1.8634 0.90669
0.0098607 3.5363 1.374
0.0099333 3.9979 1.931
0.010007 2.7818 0.98316
0.01008 2.0591 1.0863
0.010155 1.2023 1.0994
0.010229 0.29834 0.6482
0.010305 2.0557 1.0863
0.010381 2.4014 1.12
0.010457 2.5704 0.9454
0.010534 2.8128 1.0599
0.010612 0.59863 0.97204
0.01069 0.11965 0.48633
0.010769 1.1871 0.8977
0.010848 2.624 1.0469
0.010928 1.5036 0.82773
0.011009 2.7871 0.98316
0.01109 2.0357 1.1959
0.011171 3.3615 1.1704
0.011254 0.93848 0.74813
0.011337 1.3563 0.96174
0.01142 1.8153 0.86546
0.011504 1.5173 0.70922
0.011589 0.66438 0.58557
0.011675 1.284 0.81832
0.011761 0.90863 0.74816
0.011847 3.1709 1.58
0.011935 1.8519 0.78523
0.012023 1.8045 0.72877
0.012111 0.047365 0.38915
0.0122 2.2309 0.97931
0.01229 1.0918 0.70675
0.012381 1.6092 0.79338
0.012472 2.1087 0.93481
0.012564 1.1266 0.66862
0.012657 1.3707 0.70527
0.01275 1.5423 0.7092
0.012844 1.3926 0.86375
0.012938 2.3211 0.89689
0.013034 2.0217 0.89416
0.01313 1.7866 0.61199
0.013227 0.23733 0.40745
0.013324 2.3856 1.12
0.013422 1.5753 0.73455
0.013521 1.5895 0.86912
0.013621 1.7818 0.64454
0.013721 0.17465 0.35492
0.013822 1.817 0.82266
0.013924 1.1797 0.57134
0.014027 0.61543 0.68732
0.01413 0.95863 0.529
0.014234 1.7177 0.64688
0.014339 1.9488 0.69679
0.014445 1.6685 0.76173
0.014551 1.0237 0.79212
0.014658 0.29664 0.31748
0.014766 0.97132 0.52899
0.014875 1.8948 0.75226
0.014985 1.396 0.66348
0.015095 1.1611 0.57136
0.015206 0.35619 0.39622
0.015319 2.3299 0.70935
0.015431 0.83333 0.45715
0.015545 0.80542 0.51135
0.01566 0.76721 0.57598
0.015775 1.5586 0.59957
0.015891 1.0206 0.45733
0.016008 1.3692 0.64274
0.016126 2.5089 0.76536
0.016245 1.7118 0.6859
0.016365 1.1074 0.46387
0.016486 1.7239 0.62883
0.016607 1.4666 0.52803
0.016729 1.4712 0.68558
0.016853 0.30256 0.3382
0.016977 1.4951 0.52802
0.017102 0.85318 0.44719
0.017228 1.0686 0.57708
0.017355 0.71755 0.37919
0.017483 0.78349 0.42858
0.017612 2.7867 0.73281
0.017741 1.4079 0.52618
0.017872 1.8122 0.59633
0.018004 1.988 0.61442
0.018136 0.86207 0.38418
0.01827 0.169 0.30627
0.018405 1.0703 0.54131
0.01854 1.9513 0.49271
0.018677 1.9465 0.60593
0.018815 1.2864 0.49585
0.018953 0.6437 0.381
0.019093 1.7298 0.51824
0.019234 1.9562 0.52943
0.019375 2.0631 0.59794
0.019518 1.3353 0.50556
0.019662 1.8289 0.47497
0.019807 1.3517 0.47509
0.019953 0.70791 0.40339
0.0201 0.45073 0.3026
0.020248 1.2892 0.42408
0.020397 2.1347 0.5607
0.020547 1.567 0.51029
0.020699 2.1642 0.53617
0.020851 1.628 0.44006
0.021005 1.6352 0.51029
0.02116 1.019 0.39607
0.021316 1.5629 0.42397
0.021473 2.3314 0.56967
0.021631 1.3092 0.42407
0.02179 1.7858 0.47622
0.021951 1.5011 0.40901
0.022113 1.5833 0.47136
0.022276 1.442 0.44422
0.02244 1.5553 0.39262
0.022605 1.5365 0.48561
0.022772 1.7433 0.44465
0.02294 2.0314 0.44709
0.023109 2.08 0.47755
0.023279 1.5806 0.47839
0.02345 1.4272 0.37591
0.023623 2.5341 0.48922
0.023797 1.769 0.48406
0.023973 1.9088 0.41337
0.024149 1.2234 0.37061
0.024327 1.698 0.4185
0.024507 2.2872 0.4756
0.024687 2.6384 0.46515
0.024869 1.3904 0.39867
0.025052 1.6185 0.37751
0.025237 2.135 0.46001
0.025423 2.3275 0.46514
0.02561 1.461 0.36037
0.025799 1.9494 0.40717
0.025989 1.272 0.38354
0.026181 2.3313 0.41826
0.026373 1.9296 0.40343
0.026568 1.8424 0.40168
0.026764 2.4573 0.43056
0.026961 2.4107 0.44131
0.027159 2.2851 0.44
0.02736 1.8406 0.36096
0.027561 3.2225 0.52244
0.027764 2.8747 0.43088
0.027969 2.3537 0.4275
0.028175 2.5927 0.42976
0.028383 2.7899 0.44969
0.028592 2.7849 0.44057
0.028802 2.4093 0.4087
0.029015 2.892 0.42345
0.029228 2.4523 0.42264
0.029444 2.3683 0.38438
0.029661 2.7623 0.41549
0.029879 2.9323 0.44625
0.0301 3.2818 0.4309
0.030321 3.2815 0.48102
0.030545 2.9597 0.39857
0.03077 3.2021 0.43853
0.030997 2.9682 0.43266
0.031225 2.3114 0.34824
0.031455 3.616 0.47119
0.031687 3.2399 0.40621
0.03192 3.2291 0.43045
0.032156 2.3364 0.36031
0.032393 3.0024 0.39067
0.032631 3.6515 0.44276
0.032872 3.8941 0.43541
0.033114 3.577 0.42657
0.033358 3.6085 0.42653
0.033604 3.6856 0.41877
0.033851 3.1402 0.38098
0.034101 3.0917 0.41391
0.034352 3.9285 0.40093
0.034605 4.6006 0.47123
0.03486 3.5853 0.39873
0.035117 4.5379 0.43982
0.035376 3.815 0.40861
0.035637 4.1837 0.43134
0.035899 3.8775 0.39933
0.036164 3.7975 0.39372
0.03643 3.8151 0.41318
0.036699 3.7979 0.37492
0.036969 3.652 0.38849
0.037241 4.1801 0.40637
0.037516 4.279 0.41383
0.037792 4.1473 0.38953
0.038071 4.1365 0.39193
0.038351 3.5845 0.37747
0.038634 3.5254 0.34903
0.038919 4.9857 0.42247
0.039205 3.5909 0.35775
0.039494 4.1094 0.39043
0.039785 4.3297 0.36779
0.040079 4.2051 0.38276
0.040374 4.0434 0.36094
0.040671 3.8832 0.37083
0.040971 4.6899 0.38117
0.041273 3.7584 0.34708
0.041577 4.0128 0.3522
0.041883 4.1051 0.36012
0.042192 4.1836 0.3654
0.042503 3.8415 0.33227
0.042816 4.1906 0.35265
0.043132 4.0031 0.3371
0.04345 3.6436 0.33073
0.04377 4.2444 0.34913
0.044092 4.2209 0.34341
0.044417 3.4591 0.31214
0.044744 3.6837 0.30999
0.045074 3.8885 0.32486
0.045406 3.5833 0.31018
0.045741 2.8496 0.27757
0.046078 3.474 0.30256
0.046417 2.7326 0.26763
0.04676 2.8248 0.27417
0.047104 3.5923 0.29549
0.047451 2.6308 0.25298
0.047801 2.4507 0.24777
0.048153 3.352 0.28392
0.048508 2.7089 0.25087
0.048865 2.6028 0.24929
0.049225 2.7931 0.25664
0.049588 2.5581 0.24128
0.049954 2.3999 0.23514
0.050322 2.5332 0.24377
0.050693 1.9171 0.20672
0.051066 2.1562 0.22021
0.051442 1.8125 0.20198
0.051821 2.1511 0.21531
0.052203 2.0253 0.20944
0.052588 2.0267 0.2063
0.052975 2.2479 0.21647
0.053366 2.0865 0.20692
0.053759 1.5245 0.18037
0.054155 1.4416 0.17505
0.054554 1.7198 0.18289
0.054956 1.7265 0.18575
0.055361 1.5412 0.17486
0.055769 1.7511 0.18604
0.05618 1.4897 0.17026
0.056594 1.6416 0.17594
0.057011 1.4507 0.16595
0.057431 1.1389 0.15208
0.057854 1.4858 0.16525
0.058281 1.2394 0.15456
0.05871 1.3078 0.15453
0.059143 1.2116 0.14952
0.059579 1.2372 0.14991
0.060018 1.3616 0.15299
0.06046 0.96171 0.13392
0.060905 1.2317 0.14528
0.061354 1.1576 0.14264
0.061806 0.97805 0.13223
0.062262 1.0692 0.13572
0.062721 1.1243 0.13626
0.063183 1.1537 0.13895
0.063648 1.1622 0.13657
0.064117 0.99419 0.12622
0.06459 1.1279 0.13249
0.065066 0.89037 0.12076
0.065545 0.93137 0.12322
0.066028 1.1276 0.13128
0.066515 1.1013 0.12657
0.067005 0.99753 0.12294
0.067499 0.92895 0.12035
0.067996 0.91222 0.1162
0.068497 0.84967 0.11181
0.069002 1.0464 0.12235
0.06951 1.0061 0.11774
0.070023 1.1834 0.12437
0.070539 0.95487 0.11549
0.071058 0.93795 0.1117
0.071582 0.93019 0.1106
0.072109 1.0443 0.11644
0.072641 0.75243 0.1018
0.073176 0.9487 0.11009
0.073715 0.93779 0.10879
0.074258 0.95052 0.10741
0.074806 0.77486 0.10084
0.075357 0.91936 0.1057
0.075912 0.77662 0.099053
0.076472 0.88329 0.10118
0.077035 0.71544 0.095302
0.077603 0.7136 0.093968
0.078175 0.92266 0.10174
0.078751 0.71174 0.092561
0.079331 0.8725 0.098692
0.079916 0.60218 0.08644
0.080504 0.73191 0.091737
0.081098 0.98875 0.099209
0.081695 0.8413 0.096133
0.082297 0.72595 0.087741
0.082904 0.8044 0.091896
0.083515 0.70351 0.085692
0.08413 0.81293 0.090764
0.08475 0.73691 0.087569
0.085374 0.72032 0.085469
0.086004 0.808 0.089071
0.086637 0.55412 0.076623
0.087276 0.67819 0.080897
0.087919 0.75358 0.084995
0.088567 0.61801 0.078502
0.089219 0.71803 0.08195
0.089877 0.71931 0.080797
0.090539 0.62088 0.076479
0.091206 0.67494 0.077634
0.091878 0.70943 0.079199
0.092555 0.70673 0.078769
0.093237 0.67813 0.075882
0.093924 0.67777 0.075635
0.094616 0.58115 0.072354
0.095314 0.59542 0.071516
0.096016 0.53511 0.068955
0.096724 0.44716 0.06568
0.097436 0.64782 0.07275
0.098154 0.66027 0.071201
0.098878 0.495 0.065563
0.099606 0.62585 0.070531
0.10034 0.72388 0.071906
0.10108 0.65792 0.070231
0.10182 0.56144 0.066069
0.10257 0.63625 0.067784
0.10333 0.51859 0.064089
0.10409 0.51208 0.062253
0.10486 0.52618 0.063209
0.10563 0.50538 0.061433
0.10641 0.5563 0.062931
0.10719 0.51294 0.061321
0.10798 0.37006 0.054681
0.10878 0.58216 0.063186
0.10958 0.43371 0.056273
0.11039 0.57013 0.06162
0.1112 0.41497 0.054839
0.11202 0.4747 0.057658
0.11285 0.4684 0.05572
0.11368 0.45058 0.055554
0.11452 0.52919 0.056739
0.11536 0.51011 0.056921
0.11621 0.50031 0.055675
0.11707 0.42748 0.052825
0.11793 0.58402 0.057666
0.1188 0.42316 0.051813
0.11967 0.47705 0.053854
0.12056 0.47633 0.052678
0.12144 0.39322 0.04964
0.12234 0.40979 0.050569
0.12324 0.49391 0.051951
0.12415 0.42509 0.049767
0.12506 0.36659 0.048065
0.12598 0.45706 0.049622
0.12691 0.43189 0.048902
0.12785 0.41817 0.048289
0.12879 0.35938 0.046245
0.12974 0.45242 0.048244
0.1307 0.44451 0.047792
0.13166 0.36525 0.045276
0.13263 0.44868 0.047419
0.13361 0.37053 0.044379
0.13459 0.44871 0.046567
0.13558 0.37004 0.043624
0.13658 0.35961 0.04359
0.13759 0.38794 0.043537
0.1386 0.37212 0.042959
0.13962 0.37289 0.042753
0.14065 0.33758 0.041096
0.14169 0.39253 0.042655
0.14273 0.34223 0.040881
0.14378 0.32971 0.040017
0.14484 0.34003 0.040221
0.14591 0.27296 0.03784
0.14699 0.37747 0.040849
0.14807 0.29042 0.037832
0.14916 0.35539 0.039449
0.15026 0.28173 0.036825
0.15137 0.309 0.03756
0.15248 0.33958 0.037934
0.15361 0.37425 0.038732
0.15474 0.26837 0.035523
0.15588 0.26776 0.035232
0.15703 0.30271 0.035878
0.15818 0.33631 0.036576
0.15935 0.32263 0.035997
0.16052 0.30146 0.034993
0.16171 0.33664 0.035894
0.1629 0.29609 0.034482
0.1641 0.28409 0.033926
0.16531 0.28136 0.033649
0.16653 0.29613 0.03365
0.16775 0.29107 0.033389
0.16899 0.27666 0.032756
0.17023 0.23437 0.031424
0.17149 0.25923 0.031795
0.17275 0.26135 0.031495
0.17403 0.25713 0.03131
0.17531 0.21716 0.030072
0.1766 0.19194 0.02897
0.1779 0.28853 0.031429
0.17921 0.23233 0.029615
0.18053 0.23767 0.029728
0.18186 0.26018 0.029945
0.1832 0.23013 0.029039
0.18455 0.20039 0.028101
0.18591 0.20757 0.028084
0.18728 0.2257 0.028199
0.18866 0.22335 0.028093
0.19005 0.18528 0.026709
0.19145 0.20137 0.027184
0.19286 0.22472 0.027452
0.19429 0.13552 0.025018
0.19572 0.18092 0.026175
