#
0.0050184 8.7729 4.1232
0.0050554 4.2032 3.2599
0.0050926 8.7888 4.6099
0.0051301 7.0119 3.6879
0.0051679 14.94 4.8591
0.005206 13.494 7.9843
0.0052444 8.7729 9.2198
0.005283 NaN NaN
0.005322 8.911 5.3229
0.0053612 1.8028 2.3056
0.0054007 7.316 3.436
0.0054405 6.0741 2.4394
0.0054806 8.7941 3.764
0.005521 7.2576 3.4361
0.0055616 8.7346 4.1233
0.0056026 3.3115 2.608
0.0056439 2.7224 2.1734
0.0056855 8.8047 5.323
0.0057274 -0.50994 NaN
0.0057696 1.9542 2.3054
0.0058121 -0.45417 NaN
0.0058549 3.7326 2.049
0.0058981 -0.41433 NaN
0.0059416 18.04 6.5191
0.0059853 7.465 3.2263
0.0060294 8.7888 6.5194
0.0060739 5.9902 2.1277
0.0061186 1.9143 2.3054
0.0061637 3.1106 1.9963
0.0062091 6.7348 2.7104
0.0062549 1.3849 1.8446
0.006301 4.1633 4.6103
0.0063474 5.3595 2.5771
0.0063942 6.6115 3.9923
0.0064413 4.1474 4.6103
0.0064888 4.2111 4.6102
0.0065366 5.2786 2.006
0.0065847 4.9396 2.0329
0.0066333 4.5708 2.0532
0.0066821 6.2117 2.9452
0.0067314 5.1299 3.194
0.006781 5.1872 3.1939
0.006831 4.1793 3.26
0.0068813 7.5926 3.0492
0.006932 3.523 2.2816
0.0069831 2.7756 3.0735
0.0070345 3.564 2.2815
0.0070864 3.0408 1.4117
0.0071386 8.8714 2.7798
0.0071912 2.7649 3.0736
0.0072442 6.5319 2.823
0.0072976 2.6799 1.7746
0.0073513 1.9011 1.3311
0.0074055 8.7291 3.2597
0.0074601 1.4104 1.8446
0.0075151 4.1633 4.6103
0.0075704 4.7888 2.2908
0.0076262 2.8577 1.4728
0.0076824 4.6114 2.0532
0.007739 2.6977 1.7746
0.0077961 4.4964 1.6271
0.0078535 0.81618 1.3179
0.0079114 6.5837 2.823
0.0079697 -0.38246 NaN
0.0080284 6.9673 3.688
0.0080876 3.9019 1.7373
0.0081471 2.314 1.2129
0.0082072 2.0942 1.4521
0.0082677 7.5151 2.2813
0.0083286 2.1116 1.452
0.00839 1.1063 1.5373
0.0084518 5.7565 2.5094
0.0085141 3.8504 1.7374
0.0085768 1.5566 1.141
0.00864 -0.33146 NaN
0.0087037 3.7501 1.8744
0.0087678 2.3084 1.2129
0.0088324 3.2506 1.3553
0.0088975 5.2 2.2584
0.0089631 2.263 1.3173
0.0090291 3.2861 1.8442
0.0090956 3.8167 1.8743
0.0091627 -0.36652 NaN
0.0092302 1.4963 0.97082
0.0092982 2.3051 1.0166
0.0093667 1.9203 1.1527
0.0094357 1.8586 2.3056
0.0095053 2.9319 1.2841
0.0095753 3.6937 2.049
0.0096459 2.6927 1.3746
0.0097169 1.1328 1.087
0.0097885 3.9666 1.3885
0.0098607 1.3143 0.99841
0.0099333 0.64543 1.025
0.010007 0.71874 0.63911
0.01008 3.5951 1.5248
0.010155 0.5044 0.92263
0.010229 1.1222 1.087
0.010305 1.2864 0.99844
0.010381 0.13735 0.543
0.010457 1.631 0.8689
0.010534 1.6606 0.93736
0.010612 -0.44222 NaN
0.01069 2.4467 1.2887
0.010769 2.0229 1.2296
0.010848 0.91787 0.76078
0.010928 1.3447 0.87837
0.011009 1.0939 0.73786
0.01109 0.99665 1.0034
0.011171 3.1099 1.2419
0.011254 2.6499 1.2549
0.011337 3.5845 1.6133
0.01142 1.7345 0.93731
0.011504 1.8 0.84137
0.011589 1.5898 0.89661
0.011675 1.038 0.84084
0.011761 0.56575 0.72489
0.011847 1.2474 1.1858
0.011935 1.8677 0.87141
0.012023 0.70022 0.57659
0.012111 0.51715 0.65239
0.0122 3.5246 1.3173
0.01229 1.7143 0.93733
0.012381 2.2932 1.0166
0.012472 2.0826 1.0268
0.012564 0.98194 0.70954
0.012657 1.6261 0.83668
0.01275 1.8297 0.84135
0.012844 3.7008 1.4489
0.012938 0.98071 0.70955
0.013034 2.3984 1.0608
0.01313 0.86239 0.51351
0.013227 3.6961 1.183
0.013324 1.2032 0.93972
0.013422 1.8688 0.87142
0.013521 1.8857 1.0311
0.013621 1.6528 0.69168
0.013721 0.20719 0.42105
0.013822 1.418 0.82492
0.013924 1.3995 0.6778
0.014027 0.7301 0.81539
0.01413 0.62507 0.51252
0.014234 0.58211 0.48556
0.014339 2.0627 0.78817
0.014445 0.61357 0.59182
0.014551 0.67216 0.76744
0.014658 1.2927 0.56467
0.014766 1.1523 0.62756
0.014875 1.9504 0.84142
0.014985 1.3587 0.72877
0.015095 1.1213 0.62758
0.015206 1.7783 0.76718
0.015319 1.4149 0.63623
0.015431 1.1935 0.57974
0.015545 0.9555 0.60663
0.01566 3.3003 1.1327
0.015775 2.7485 0.84153
0.015891 2.1146 0.67657
0.016008 1.6243 0.7625
0.016126 0.55024 0.48559
0.016245 0.94613 0.60664
0.016365 1.1398 0.52209
0.016486 0.47111 0.45009
0.016607 0.47452 0.40455
0.016729 0.8234 0.61497
0.016853 0.75977 0.49124
0.016977 1.4121 0.57186
0.017102 1.6134 0.63399
0.017228 1.2677 0.68461
0.017355 0.53334 0.38965
0.017483 0.73741 0.47076
0.017612 1.0524 0.54229
0.017741 1.6703 0.62423
0.017872 1.7576 0.65078
0.018004 0.85327 0.4981
0.018136 1.3108 0.49922
0.01827 1.4577 0.62884
0.018405 0.056632 0.34363
0.01854 1.692 0.51386
0.018677 2.6933 0.76844
0.018815 0.63962 0.43458
0.018953 1.2758 0.54013
0.019093 2.2058 0.63371
0.019234 1.3123 0.49922
0.019375 2.4475 0.70935
0.019518 0.86106 0.47854
0.019662 0.44868 0.3255
0.019807 1.4473 0.54152
0.019953 2.8283 0.76712
0.0201 0.94145 0.42897
0.020248 1.7891 0.53556
0.020397 1.4915 0.53636
0.020547 1.6973 0.58337
0.020699 0.94052 0.42897
0.020851 1.8147 0.50885
0.021005 1.6273 0.5636
0.02116 1.6156 0.52528
0.021316 1.6293 0.47717
0.021473 1.9015 0.57639
0.021631 1.8129 0.53556
0.02179 1.1082 0.4377
0.021951 2.3231 0.54245
0.022113 1.2004 0.46988
0.022276 1.1839 0.45644
0.02244 1.3698 0.41447
0.022605 1.8229 0.5761
0.022772 1.1687 0.42087
0.02294 1.6083 0.44831
0.023109 1.3568 0.44449
0.023279 1.166 0.47063
0.02345 2.1683 0.49401
0.023623 1.7312 0.46019
0.023797 1.5717 0.51028
0.023973 2.0854 0.47378
0.024149 1.4514 0.43966
0.024327 1.0012 0.37927
0.024507 1.4977 0.44179
0.024687 1.9237 0.44786
0.024869 1.6495 0.47295
0.025052 1.4031 0.39501
0.025237 1.0132 0.37927
0.025423 1.9929 0.48033
0.02561 1.8171 0.43566
0.025799 2.398 0.49052
0.025989 1.2946 0.429
0.026181 1.6035 0.39519
0.026373 2.6274 0.50762
0.026568 2.2726 0.4844
0.026764 2.0483 0.43886
0.026961 2.5247 0.49598
0.027159 2.6239 0.51469
0.02736 2.4651 0.45076
0.027561 1.8344 0.45209
0.027764 2.864 0.47326
0.027969 2.712 0.50078
0.028175 2.5554 0.47036
0.028383 2.1668 0.44442
0.028592 2.4989 0.4629
0.028802 2.4294 0.45214
0.029015 2.8424 0.46247
0.029228 2.7581 0.48987
0.029444 2.6161 0.44212
0.029661 2.2891 0.42179
0.029879 2.7584 0.4779
0.0301 2.5589 0.4247
0.030321 2.835 0.49567
0.030545 2.8852 0.43353
0.03077 3.4146 0.49604
0.030997 2.9867 0.47722
0.031225 2.4167 0.39119
0.031455 3.7592 0.52657
0.031687 3.1344 0.43993
0.03192 3.2162 0.47222
0.032156 2.6565 0.41961
0.032393 3.8872 0.48213
0.032631 2.4062 0.40439
0.032872 2.3942 0.38586
0.033114 3.4751 0.46252
0.033358 3.3534 0.45326
0.033604 3.8573 0.46934
0.033851 2.4927 0.37881
0.034101 3.9633 0.5085
0.034352 2.7007 0.37274
0.034605 3.5392 0.45854
0.03486 3.9652 0.45817
0.035117 3.6429 0.43632
0.035376 4.0506 0.46086
0.035637 2.9632 0.40531
0.035899 3.2573 0.40538
0.036164 4.1948 0.45212
0.03643 3.701 0.44748
0.036699 4.4653 0.44295
0.036969 3.6163 0.42469
0.037241 2.7946 0.37245
0.037516 3.803 0.43026
0.037792 3.7226 0.40712
0.038071 4.0543 0.42607
0.038351 3.7378 0.42244
0.038634 3.6597 0.38979
0.038919 4.2853 0.43178
0.039205 3.1843 0.37255
0.039494 4.0221 0.42413
0.039785 3.8683 0.38329
0.040079 4.341 0.42604
0.040374 3.3187 0.3624
0.040671 3.7195 0.39913
0.040971 4.2612 0.39979
0.041273 4.1108 0.39678
0.041577 4.5241 0.40816
0.041883 3.834 0.38306
0.042192 3.8455 0.38584
0.042503 4.2135 0.38031
0.042816 3.7377 0.36738
0.043132 4.2849 0.38153
0.04345 3.381 0.35125
0.04377 3.4248 0.34741
0.044092 4.0915 0.3715
0.044417 3.8003 0.35766
0.044744 4.0306 0.35446
0.045074 3.0172 0.31837
0.045406 3.2941 0.32812
0.045741 3.3521 0.32805
0.046078 2.8162 0.30299
0.046417 3.0215 0.3078
0.04676 2.759 0.29849
0.047104 2.843 0.2926
0.047451 2.9167 0.29129
0.047801 2.5177 0.27618
0.048153 2.7368 0.28536
0.048508 2.5044 0.26688
0.048865 2.663 0.27721
0.049225 2.0459 0.24737
0.049588 2.512 0.26364
0.049954 2.2513 0.25223
0.050322 2.9562 0.28711
0.050693 2.3191 0.24728
0.051066 1.9141 0.23117
0.051442 2.0381 0.23431
0.051821 1.7578 0.21846
0.052203 1.744 0.21742
0.052588 1.9358 0.22343
0.052975 1.1049 0.18036
0.053366 1.7051 0.2103
0.053759 1.7263 0.20998
0.054155 1.6899 0.20666
0.054554 1.7719 0.20476
0.054956 1.5162 0.19513
0.055361 1.1957 0.17579
0.055769 1.0006 0.16622
0.05618 1.3006 0.17913
0.056594 1.0806 0.16607
0.057011 1.3586 0.17943
0.057431 1.2223 0.17373
0.057854 1.5867 0.18797
0.058281 0.74039 0.14362
0.05871 1.0751 0.15969
0.059143 1.3355 0.17243
0.059579 1.115 0.16032
0.060018 1.0939 0.15635
0.06046 0.94641 0.14862
0.060905 1.1108 0.15532
0.061354 1.3573 0.16846
0.061806 1.1603 0.15687
0.062262 0.96153 0.14565
0.062721 1.1553 0.15322
0.063183 0.9743 0.14557
0.063648 0.96827 0.14223
0.064117 0.55992 0.11704
0.06459 0.95556 0.13888
0.065066 1.0702 0.14394
0.065545 0.75504 0.12834
0.066028 0.75528 0.12719
0.066515 0.7317 0.12262
0.067005 0.99708 0.13709
0.067499 0.88725 0.13229
0.067996 0.71277 0.11958
0.068497 0.68655 0.11671
0.069002 0.9476 0.13159
0.06951 0.67102 0.11471
0.070023 0.72202 0.11667
0.070539 0.84115 0.1234
0.071058 0.91599 0.12363
0.071582 0.85238 0.11979
0.072109 0.81018 0.1188
0.072641 0.67969 0.11045
0.073176 0.86988 0.11924
0.073715 0.82805 0.11637
0.074258 0.82088 0.11399
0.074806 0.94072 0.12059
0.075357 0.66092 0.10593
0.075912 0.95235 0.11887
0.076472 0.85922 0.11195
0.077035 0.71683 0.10698
0.077603 0.72793 0.10609
0.078175 0.76619 0.10675
0.078751 0.58547 0.097854
0.079331 0.64718 0.10019
0.079916 0.7518 0.10424
0.080504 0.57915 0.095641
0.081098 0.76086 0.10118
0.081695 0.74924 0.10351
0.082297 0.61489 0.093501
0.082904 0.58669 0.093102
0.083515 0.48617 0.08628
0.08413 0.7192 0.097574
0.08475 0.59721 0.092016
0.085374 0.61113 0.091138
0.086004 0.62145 0.091619
0.086637 0.61097 0.088905
0.087276 0.69773 0.091625
0.087919 0.51967 0.085135
0.088567 0.61157 0.088029
0.089219 0.50595 0.082771
0.089877 0.50271 0.081404
0.090539 0.51365 0.081417
0.091206 0.475 0.078589
0.091878 0.37177 0.074048
0.092555 0.57942 0.083181
0.093237 0.54222 0.079626
0.093924 0.75088 0.087736
0.094616 0.54116 0.079803
0.095314 0.48591 0.075952
0.096016 0.39791 0.071936
0.096724 0.49168 0.076291
0.097436 0.44511 0.073469
0.098154 0.59731 0.077583
0.098878 0.48342 0.073592
0.099606 0.38454 0.069497
0.10034 0.45456 0.070305
0.10108 0.48757 0.072288
0.10182 0.43693 0.069505
0.10257 0.46505 0.069654
0.10333 0.45709 0.069912
0.10409 0.40887 0.066242
0.10486 0.47705 0.069432
0.10563 0.47241 0.068102
0.10641 0.37648 0.063919
0.10719 0.37767 0.063883
0.10798 0.4091 0.063709
0.10878 0.48019 0.06737
0.10958 0.45144 0.064425
0.11039 0.42344 0.063949
0.1112 0.3508 0.059709
0.11202 0.41742 0.063015
0.11285 0.44145 0.06203
0.11368 0.5066 0.064911
0.11452 0.38932 0.058971
0.11536 0.47835 0.063131
0.11621 0.3526 0.057506
0.11707 0.47681 0.061611
0.11793 0.37602 0.057651
0.1188 0.37722 0.057088
0.11967 0.36343 0.056811
0.12056 0.37563 0.056051
0.12144 0.39459 0.056399
0.12234 0.34032 0.054848
0.12324 0.37464 0.05465
0.12415 0.31228 0.052424
0.12506 0.38438 0.055273
0.12598 0.27069 0.04969
0.12691 0.33531 0.052082
0.12785 0.40521 0.054328
0.12879 0.24241 0.04844
0.12974 0.23572 0.047139
0.1307 0.37853 0.051957
0.13166 0.35068 0.050995
0.13263 0.30178 0.048818
0.13361 0.30397 0.048202
0.13459 0.26699 0.046719
0.13558 0.27895 0.046542
0.13658 0.32954 0.048581
0.13759 0.31058 0.046915
0.1386 0.27473 0.045635
0.13962 0.21622 0.043375
0.14065 0.2723 0.044663
0.14169 0.20323 0.042269
0.14273 0.28598 0.04473
0.14378 0.33119 0.045635
0.14484 0.40622 0.047799
0.14591 0.29601 0.04402
0.14699 0.2568 0.042659
0.14807 0.31203 0.04389
0.14916 0.26708 0.042172
0.15026 0.26093 0.041432
0.15137 0.19752 0.039317
0.15248 0.26307 0.040865
0.15361 0.26229 0.040655
0.15474 0.1997 0.038504
0.15588 0.27351 0.040481
0.15703 0.31344 0.041253
0.15818 0.25427 0.039237
0.15935 0.21415 0.0378
0.16052 0.26374 0.038837
0.16171 0.29505 0.039708
0.1629 0.18079 0.03593
0.1641 0.22465 0.037044
0.16531 0.25086 0.037584
0.16653 0.18478 0.035187
0.16775 0.26526 0.037422
0.16899 0.24936 0.036694
0.17023 0.23691 0.036127
0.17149 0.25299 0.036229
0.17275 0.22486 0.035032
0.17403 0.26183 0.035983
0.17531 0.21492 0.034494
0.1766 0.21448 0.034002
0.1779 0.17297 0.032735
0.17921 0.24435 0.034304
0.18053 0.19965 0.033064
0.18186 0.24779 0.033956
0.1832 0.16149 0.031455
0.18455 0.1522 0.031017
0.18591 0.18617 0.031732
0.18728 0.14974 0.030335
0.18866 0.15061 0.030306
0.19005 0.16615 0.030278
0.19145 0.18826 0.03094
0.19286 0.13786 0.029257
0.19429 0.1969 0.030621
0.19572 0.14777 0.029331
