#
0.0050184 8.1902 1.0616
0.0050554 18.301 1.7722
0.0050926 15.901 1.6522
0.0051301 8.1964 1.0616
0.0051679 10.933 1.1191
0.005206 9.5691 1.8131
0.0052444 18.469 3.5608
0.005283 NaN NaN
0.005322 10.028 1.5152
0.0053612 12.983 1.4935
0.0054007 13.678 1.2512
0.0054405 11.21 0.87759
0.0054806 12.646 1.2033
0.005521 11.961 1.1703
0.0055616 10.106 1.179
0.0056026 10.525 1.2027
0.0056439 14.479 1.2871
0.0056855 10.477 1.5493
0.0057274 12.297 2.0559
0.0057696 13.851 1.5419
0.0058121 11.445 1.4023
0.0058549 9.9475 0.87149
0.0058981 7.5073 1.3122
0.0059416 9.7356 1.2934
0.0059853 7.0161 0.83069
0.0060294 6.8208 1.5323
0.0060739 8.1942 0.6584
0.0061186 14.876 1.598
0.0061637 10.682 0.95771
0.0062091 8.191 0.7913
0.0062549 8.6004 1.0879
0.006301 9.9034 1.8452
0.0063474 7.1655 0.78509
0.0063942 6.8303 1.0835
0.0064413 6.8185 1.5323
0.0064888 4.4247 1.2354
0.0065366 9.4592 0.70724
0.0065847 6.3634 0.60437
0.0066333 7.8779 0.70207
0.0066821 8.4893 0.91313
0.0067314 5.1783 0.84488
0.006781 5.4567 0.86683
0.006831 6.1356 1.0279
0.0068813 6.8176 0.76618
0.006932 8.4853 0.91313
0.0069831 7.0591 1.2718
0.0070345 6.2367 0.78319
0.0070864 5.1087 0.46919
0.0071386 6.2663 0.6261
0.0071912 4.5456 1.0216
0.0072442 5.3682 0.67991
0.0072976 7.9657 0.78023
0.0073513 6.6515 0.61771
0.0074055 4.3323 0.61175
0.0074601 5.1759 0.84488
0.0075151 2.0227 0.83932
0.0075704 3.9347 0.54908
0.0076262 4.422 0.46695
0.0076824 7.8186 0.6993
0.007739 5.6066 0.65501
0.0077961 5.5343 0.47355
0.0078535 4.4661 0.66398
0.0079114 5.115 0.66353
0.0079697 6.3675 1.2087
0.0080284 5.4519 0.86683
0.0080876 6.563 0.58937
0.0081471 3.8806 0.39702
0.0082072 4.7658 0.54667
0.0082677 3.4466 0.41246
0.0083286 3.1473 0.44491
0.00839 4.8792 0.74896
0.0084518 7.2807 0.74605
0.0085141 3.5545 0.4347
0.0085768 4.8148 0.48704
0.00864 4.3612 0.77532
0.0087037 3.0822 0.44053
0.0087678 3.5577 0.3803
0.0088324 3.7061 0.37689
0.0088975 4.2926 0.54393
0.0089631 3.6925 0.42673
0.0090291 2.6428 0.42797
0.0090956 3.0871 0.44052
0.0091627 3.7418 1.1364
0.0092302 4.3311 0.39675
0.0092982 2.9981 0.29398
0.0093667 3.1837 0.37093
0.0094357 3.3933 0.76618
0.0095053 3.1033 0.33642
0.0095753 4.5386 0.58981
0.0096459 3.3982 0.39565
0.0097169 3.1109 0.42352
0.0097885 2.2202 0.27107
0.0098607 3.0958 0.36595
0.0099333 2.5607 0.44399
0.010007 3.8636 0.32665
0.01008 2.5372 0.33177
0.010155 3.1213 0.46479
0.010229 2.4819 0.37881
0.010305 3.1794 0.37093
0.010381 3.1142 0.35602
0.010457 3.0732 0.28632
0.010534 2.2727 0.26796
0.010612 2.1086 0.42832
0.01069 2.1521 0.30588
0.010769 3.5768 0.40607
0.010848 3.1357 0.3214
0.010928 2.1558 0.26712
0.011009 2.9321 0.28487
0.01109 1.6028 0.29351
0.011171 3.2007 0.3247
0.011254 1.9483 0.27454
0.011337 1.7839 0.29775
0.01142 2.3717 0.27334
0.011504 2.5677 0.24784
0.011589 2.3528 0.2665
0.011675 3.0708 0.33448
0.011761 2.2502 0.29491
0.011847 2.3355 0.38404
0.011935 2.415 0.24475
0.012023 1.9794 0.20763
0.012111 2.1628 0.27412
0.0122 1.8284 0.24638
0.01229 2.4013 0.27511
0.012381 2.0836 0.24563
0.012472 1.7746 0.23723
0.012564 2.1552 0.24013
0.012657 1.7453 0.21236
0.01275 1.7193 0.20328
0.012844 1.7218 0.25822
0.012938 1.8916 0.2252
0.013034 1.5191 0.21486
0.01313 1.8241 0.16991
0.013227 1.7215 0.21084
0.013324 2.1453 0.29623
0.013422 2.2927 0.23856
0.013521 2.059 0.26762
0.013621 1.8018 0.17722
0.013721 2.1818 0.22107
0.013822 2.0242 0.2374
0.013924 1.4365 0.16704
0.014027 1.5962 0.26403
0.01413 1.4361 0.16704
0.014234 1.8106 0.18214
0.014339 1.8573 0.18706
0.014445 1.5685 0.20146
0.014551 1.4609 0.24521
0.014658 1.8303 0.16129
0.014766 1.5705 0.17447
0.014875 1.5156 0.18496
0.014985 2.4 0.23186
0.015095 1.5872 0.17551
0.015206 1.6439 0.18363
0.015319 1.693 0.16964
0.015431 2.0075 0.17629
0.015545 1.4819 0.17456
0.01566 1.6413 0.20621
0.015775 1.7922 0.17451
0.015891 1.5815 0.1472
0.016008 1.577 0.18547
0.016126 1.8443 0.18392
0.016245 1.6022 0.18141
0.016365 1.5975 0.14514
0.016486 1.8235 0.1761
0.016607 1.7284 0.1538
0.016729 1.5689 0.19113
0.016853 1.2185 0.13655
0.016977 1.7309 0.1538
0.017102 1.5203 0.15193
0.017228 1.9009 0.20027
0.017355 2.0719 0.15764
0.017483 1.4682 0.1463
0.017612 1.3574 0.14528
0.017741 1.7325 0.15699
0.017872 1.6033 0.15431
0.018004 1.5179 0.14735
0.018136 1.5323 0.12939
0.01827 1.6347 0.16111
0.018405 1.501 0.16627
0.01854 1.5427 0.12075
0.018677 1.6279 0.15377
0.018815 1.7608 0.1537
0.018953 1.5162 0.14018
0.019093 1.6716 0.13942
0.019234 1.6609 0.1346
0.019375 1.3549 0.13505
0.019518 1.7974 0.15671
0.019662 1.5776 0.12122
0.019807 1.4782 0.13244
0.019953 1.648 0.15024
0.0201 1.4406 0.12178
0.020248 1.6966 0.12914
0.020397 1.9015 0.14623
0.020547 1.8094 0.14872
0.020699 1.7026 0.13218
0.020851 1.9045 0.12955
0.021005 1.4335 0.13039
0.02116 1.8837 0.13892
0.021316 1.7675 0.12255
0.021473 1.9189 0.14446
0.021631 1.8818 0.13582
0.02179 1.7722 0.13008
0.021951 1.6804 0.11739
0.022113 2.0041 0.14324
0.022276 2.046 0.14255
0.02244 1.9317 0.1178
0.022605 1.9704 0.14871
0.022772 1.867 0.12592
0.02294 1.8775 0.11919
0.023109 2.132 0.13365
0.023279 1.8896 0.14224
0.02345 1.7438 0.11194
0.023623 2.0024 0.12178
0.023797 2.163 0.14653
0.023973 2.3241 0.12519
0.024149 1.979 0.1244
0.024327 2.2885 0.13217
0.024507 2.3179 0.13303
0.024687 2.263 0.12119
0.024869 2.4204 0.14058
0.025052 2.4421 0.12584
0.025237 2.0183 0.12421
0.025423 2.404 0.13183
0.02561 2.4029 0.1232
0.025799 2.3802 0.1237
0.025989 2.71 0.1478
0.026181 2.5092 0.12094
0.026373 2.6474 0.12977
0.026568 2.4835 0.12752
0.026764 2.3722 0.11861
0.026961 2.7607 0.13187
0.027159 2.6583 0.13187
0.02736 2.8356 0.12247
0.027561 2.8844 0.13997
0.027764 2.8273 0.12046
0.027969 2.9608 0.13352
0.028175 3.0473 0.13044
0.028383 2.942 0.12978
0.028592 3.1827 0.13223
0.028802 3.2354 0.13175
0.029015 3.0887 0.12316
0.029228 3.1654 0.134
0.029444 3.0125 0.12077
0.029661 3.729 0.13566
0.029879 3.273 0.133
0.0301 3.5132 0.12641
0.030321 3.4352 0.13954
0.030545 3.3577 0.11973
0.03077 3.7376 0.13394
0.030997 3.8225 0.13834
0.031225 3.7716 0.1238
0.031455 3.7308 0.13619
0.031687 3.7084 0.12314
0.03192 4.1455 0.13813
0.032156 3.924 0.13014
0.032393 3.885 0.12562
0.032631 4.0046 0.13228
0.032872 4.1089 0.12769
0.033114 4.2072 0.1315
0.033358 4.0694 0.12895
0.033604 4.5213 0.13202
0.033851 4.0812 0.12276
0.034101 4.7055 0.14425
0.034352 4.2897 0.11961
0.034605 4.6644 0.13637
0.03486 4.2962 0.12427
0.035117 4.8235 0.13027
0.035376 4.3461 0.12435
0.035637 4.8763 0.13339
0.035899 4.7435 0.12603
0.036164 4.7963 0.12612
0.03643 4.6145 0.12946
0.036699 4.8661 0.12105
0.036969 4.8501 0.12743
0.037241 4.7318 0.12379
0.037516 5.0313 0.12853
0.037792 4.9526 0.12161
0.038071 4.951 0.12264
0.038351 5.1105 0.12803
0.038634 4.9253 0.11727
0.038919 5.0689 0.12273
0.039205 4.843 0.11799
0.039494 5.1177 0.12467
0.039785 4.7896 0.11083
0.040079 5.2393 0.12218
0.040374 4.7906 0.1123
0.040671 5.3466 0.12418
0.040971 5.1883 0.11531
0.041273 4.9843 0.11389
0.041577 4.8804 0.11104
0.041883 4.8594 0.11204
0.042192 5.1069 0.11549
0.042503 4.6184 0.10393
0.042816 4.8149 0.10815
0.043132 4.8472 0.10593
0.04345 4.815 0.10815
0.04377 4.7003 0.10537
0.044092 4.6798 0.10341
0.044417 4.6745 0.103
0.044744 4.6349 0.09904
0.045074 4.5652 0.10048
0.045406 4.3939 0.097661
0.045741 4.5144 0.098211
0.046078 4.2459 0.094974
0.046417 4.0936 0.091867
0.04676 4.0535 0.092514
0.047104 4.0719 0.089509
0.047451 3.8622 0.085967
0.047801 3.7919 0.085915
0.048153 3.6977 0.08461
0.048508 3.5442 0.080615
0.048865 3.4393 0.080284
0.049225 3.3834 0.079423
0.049588 3.2482 0.076108
0.049954 3.1748 0.075353
0.050322 3.0016 0.074342
0.050693 2.9158 0.070014
0.051066 3.0413 0.072461
0.051442 2.9316 0.070284
0.051821 2.8265 0.068443
0.052203 2.5793 0.065262
0.052588 2.6546 0.065194
0.052975 2.4725 0.063097
0.053366 2.4926 0.06249
0.053759 2.3163 0.059927
0.054155 2.244 0.058664
0.054554 2.0997 0.055102
0.054956 2.1325 0.056291
0.055361 2.007 0.053892
0.055769 1.9954 0.0543
0.05618 1.9089 0.051884
0.056594 1.8489 0.050764
0.057011 1.8531 0.050373
0.057431 1.756 0.049447
0.057854 1.778 0.048651
0.058281 1.6444 0.047087
0.05871 1.5938 0.045339
0.059143 1.6218 0.045676
0.059579 1.5488 0.044411
0.060018 1.5528 0.043787
0.06046 1.5293 0.043356
0.060905 1.4725 0.042177
0.061354 1.4291 0.041652
0.061806 1.4273 0.041032
0.062262 1.4186 0.040666
0.062721 1.3652 0.039296
0.063183 1.3645 0.039673
0.063648 1.2796 0.037787
0.064117 1.4116 0.038853
0.06459 1.3305 0.037853
0.065066 1.2824 0.03693
0.065545 1.242 0.036396
0.066028 1.3118 0.0372
0.066515 1.2206 0.034864
0.067005 1.2375 0.035422
0.067499 1.1706 0.034628
0.067996 1.2111 0.034287
0.068497 1.1869 0.033453
0.069002 1.2507 0.034877
0.06951 1.1862 0.033153
0.070023 1.2176 0.03332
0.070539 1.1808 0.033079
0.071058 1.0978 0.031148
0.071582 1.1664 0.031863
0.072109 1.2066 0.03264
0.072641 1.1735 0.031668
0.073176 1.1534 0.031271
0.073715 1.153 0.031024
0.074258 1.1775 0.030816
0.074806 1.1235 0.030353
0.075357 1.1142 0.029863
0.075912 1.1277 0.02984
0.076472 1.1023 0.028908
0.077035 1.1093 0.029322
0.077603 1.0947 0.028756
0.078175 1.0434 0.027771
0.078751 1.02 0.027366
0.079331 1.0868 0.028034
0.079916 1.0587 0.027521
0.080504 1.0421 0.027262
0.081098 1.0127 0.026073
0.081695 1.0085 0.026681
0.082297 0.98207 0.025289
0.082904 0.99345 0.025804
0.083515 1.0129 0.025366
0.08413 0.98807 0.025299
0.08475 0.96535 0.024928
0.085374 0.97662 0.024648
0.086004 0.96418 0.024646
0.086637 0.95706 0.023826
0.087276 0.93217 0.02336
0.087919 0.90351 0.023268
0.088567 0.9278 0.023264
0.089219 0.87652 0.02251
0.089877 0.86595 0.022057
0.090539 0.86882 0.021923
0.091206 0.84321 0.021432
0.091878 0.86372 0.021742
0.092555 0.83243 0.021189
0.093237 0.82759 0.020702
0.093924 0.80834 0.020356
0.094616 0.82375 0.020681
0.095314 0.81016 0.020123
0.096016 0.78254 0.019671
0.096724 0.77479 0.019672
0.097436 0.77505 0.019483
0.098154 0.78022 0.019011
0.098878 0.75042 0.018821
0.099606 0.72395 0.018446
0.10034 0.71325 0.017859
0.10108 0.70996 0.017952
0.10182 0.74054 0.018115
0.10257 0.70849 0.017491
0.10333 0.68717 0.017355
0.10409 0.71195 0.017211
0.10486 0.64768 0.016574
0.10563 0.68643 0.016796
0.10641 0.65699 0.016371
0.10719 0.6579 0.016376
0.10798 0.66415 0.016041
0.10878 0.67287 0.016376
0.10958 0.65466 0.015715
0.11039 0.67327 0.016099
0.1112 0.63395 0.015258
0.11202 0.60045 0.015085
0.11285 0.57657 0.014351
0.11368 0.60189 0.014785
0.11452 0.62968 0.014711
0.11536 0.60787 0.014652
0.11621 0.60942 0.014429
0.11707 0.59439 0.014175
0.11793 0.59347 0.014083
0.1188 0.57504 0.01368
0.11967 0.57864 0.013814
0.12056 0.58256 0.013548
0.12144 0.55875 0.01322
0.12234 0.56758 0.013413
0.12324 0.55044 0.012874
0.12415 0.53132 0.012658
0.12506 0.51928 0.012594
0.12598 0.537 0.012435
0.12691 0.54148 0.012515
0.12785 0.50809 0.01206
0.12879 0.49763 0.011897
0.12974 0.52199 0.01198
0.1307 0.50945 0.011778
0.13166 0.5256 0.011925
0.13263 0.48026 0.011337
0.13361 0.49092 0.011312
0.13459 0.50269 0.011385
0.13558 0.48802 0.011097
0.13658 0.48845 0.011164
0.13759 0.4611 0.010662
0.1386 0.47118 0.010722
0.13962 0.45518 0.010495
0.14065 0.43241 0.010117
0.14169 0.43925 0.010141
0.14273 0.43079 0.010009
0.14378 0.42785 0.0098531
0.14484 0.43247 0.0098598
0.14591 0.4235 0.0096806
0.14699 0.41538 0.0095705
0.14807 0.41041 0.0094134
0.14916 0.41398 0.0093747
0.15026 0.39299 0.0090653
0.15137 0.39399 0.0090483
0.15248 0.41836 0.0091961
0.15361 0.39691 0.0089403
0.15474 0.41179 0.0090078
0.15588 0.38559 0.0086966
0.15703 0.39368 0.0086936
0.15818 0.38215 0.0085183
0.15935 0.36909 0.0083288
0.16052 0.36687 0.0082127
0.16171 0.34692 0.0079683
0.1629 0.36324 0.0080904
0.1641 0.35919 0.0079799
0.16531 0.34145 0.0077568
0.16653 0.34065 0.007663
0.16775 0.31939 0.007393
0.16899 0.31625 0.007305
0.17023 0.31919 0.0073013
0.17149 0.30815 0.0071203
0.17275 0.30859 0.0070543
0.17403 0.30516 0.0069901
0.17531 0.31324 0.0070336
0.1766 0.2983 0.0067862
0.1779 0.30375 0.0068267
0.17921 0.29958 0.006707
0.18053 0.26936 0.0063755
0.18186 0.28164 0.0064342
0.1832 0.26476 0.0062229
0.18455 0.27054 0.006241
0.18591 0.26607 0.0061436
0.18728 0.24158 0.0058277
0.18866 0.25694 0.0059827
0.19005 0.24885 0.0058006
0.19145 0.23423 0.0056594
0.19286 0.22444 0.0054804
0.19429 0.23279 0.0055369
0.19572 0.21404 0.0053124
