#
0.0050184 5.6412 3.5432
0.0050554 4.6627 3.6163
0.0050926 22.533 7.6705
0.0051301 7.7785 4.0911
0.0051679 6.3465 3.4094
0.005206 14.969 8.8571
0.0052444 30.186 17.714
0.005283 NaN NaN
0.005322 6.4762 4.8214
0.0053612 14.784 6.2631
0.0054007 4.7069 2.9527
0.0054405 9.8062 3.2343
0.0054806 14.869 5.1137
0.005521 14.869 5.1137
0.0055616 15.826 5.7855
0.0056026 9.8097 4.5739
0.0056439 3.0201 2.411
0.0056855 13.176 6.8183
0.0057274 25.002 11.434
0.0057696 20.065 7.2318
0.0058121 7.1664 4.4289
0.0058549 15.504 4.2519
0.0058981 16.585 7.6231
0.0059416 7.2282 4.4288
0.0059853 6.8201 3.2672
0.0060294 4.6362 5.1143
0.0060739 12.939 3.2438
0.0061186 14.907 6.263
0.0061637 8.5641 3.3825
0.0062091 7.4711 3.0067
0.0062549 5.627 3.5432
0.006301 9.7319 7.2321
0.0063474 5.9455 2.8589
0.0063942 9.891 5.1138
0.0064413 -0.51265 NaN
0.0064888 20.012 10.227
0.0065366 9.0024 2.7254
0.0065847 8.0363 2.6953
0.0066333 6.9299 2.63
0.0066821 12.735 4.3832
0.0067314 5.6907 3.5432
0.006781 5.7543 3.5431
0.006831 9.7496 5.1139
0.0068813 7.1443 3.1317
0.006932 5.3692 2.9224
0.0069831 3.079 3.4095
0.0070345 6.8756 3.2672
0.0070864 6.5692 2.1202
0.0071386 6.1224 2.4601
0.0071912 13.294 6.8183
0.0072442 0.8541 1.2791
0.0072976 9.7909 3.4092
0.0073513 4.6656 2.0879
0.0074055 2.0131 1.8085
0.0074601 3.6099 2.8932
0.0075151 4.6185 5.1143
0.0075704 3.0397 1.9685
0.0076262 4.6311 1.933
0.0076824 4.1858 2.0793
0.007739 2.9926 1.9686
0.0077961 4.9879 1.805
0.0078535 6.7494 3.2673
0.0079114 3.4683 2.2146
0.0079697 -0.42427 NaN
0.0080284 5.6836 3.5432
0.0080876 5.9019 2.2253
0.0081471 4.9734 1.805
0.0082072 3.2528 1.8598
0.0082677 4.6842 1.933
0.0083286 1.4127 1.3154
0.00839 1.2272 1.7053
0.0084518 2.9769 1.9686
0.0085141 2.698 1.5738
0.0085768 3.1878 1.6338
0.00864 5.7685 3.5431
0.0087037 6.0195 2.4601
0.0087678 5.5687 1.9026
0.0088324 3.0378 1.392
0.0088975 -0.3677 NaN
0.0089631 3.2408 1.6338
0.0090291 5.6907 2.5054
0.0090956 5.1637 2.2776
0.0091627 -0.40659 NaN
0.0092302 4.3512 1.6151
0.0092982 3.8355 1.3478
0.0093667 2.7695 1.4296
0.0094357 2.0618 2.5576
0.0095053 4.8672 1.7024
0.0095753 4.0975 2.273
0.0096459 4.3507 1.8041
0.0097169 3.8134 1.906
0.0097885 2.9393 1.2888
0.0098607 1.4579 1.1076
0.0099333 4.125 2.273
0.010007 2.8427 1.1573
0.01008 3.9882 1.6914
0.010155 0.55954 1.0235
0.010229 1.2449 1.2058
0.010305 0.78781 0.90455
0.010381 1.3555 1.0424
0.010457 -0.15739 0.3943
0.010534 1.3773 0.93014
0.010612 2.0662 1.8085
0.01069 3.3534 1.566
0.010769 0.8804 0.9648
0.010848 2.9662 1.2888
0.010928 4.9007 1.6154
0.011009 1.6225 0.91506
0.01109 1.1056 1.1131
0.011171 2.9628 1.2888
0.011254 1.8032 1.1367
0.011337 5.4374 2.0664
0.01142 5.1782 1.6105
0.011504 2.7021 1.0582
0.011589 1.7636 0.99463
0.011675 2.228 1.204
0.011761 1.7639 1.1368
0.011847 2.3135 1.6108
0.011935 1.3414 0.8171
0.012023 0.77677 0.63962
0.012111 1.085 0.88613
0.0122 1.9619 1.0893
0.01229 1.4368 0.93009
0.012381 1.2655 0.85263
0.012472 0.91568 0.80565
0.012564 2.2693 1.041
0.012657 3.319 1.1981
0.01275 3.4403 1.1699
0.012844 1.2645 0.98454
0.012938 2.268 1.041
0.013034 1.7713 0.99463
0.01313 1.4215 0.65769
0.013227 -0.066443 0.37955
0.013324 1.9363 1.2036
0.013422 1.3426 0.8171
0.013521 2.0918 1.1438
0.013621 2.6005 0.88592
0.013721 1.8794 0.87313
0.013822 2.8003 1.1573
0.013924 1.2685 0.69617
0.014027 0.17073 0.64
0.01413 1.2616 0.69618
0.014234 2.7988 0.93252
0.014339 2.841 0.95774
0.014445 2.5745 1.0716
0.014551 1.3472 1.0424
0.014658 2.895 0.83506
0.014766 1.5624 0.7519
0.014875 1.5038 0.80844
0.014985 1.5073 0.80844
0.015095 2.0962 0.85252
0.015206 0.76956 0.60197
0.015319 2.5673 0.8643
0.015431 2.0058 0.75402
0.015545 3.1655 1.0422
0.01566 1.0097 0.758
0.015775 0.55452 0.49927
0.015891 1.5436 0.63439
0.016008 2.4411 0.95904
0.016126 1.1487 0.65957
0.016245 1.6512 0.79613
0.016365 2.6151 0.77206
0.016486 1.7698 0.7486
0.016607 1.7296 0.66534
0.016729 -0.1093 0.34168
0.016853 1.0652 0.58855
0.016977 1.9676 0.69488
0.017102 2.2345 0.77039
0.017228 1.7162 0.82025
0.017355 1.297 0.55786
0.017483 2.5226 0.79743
0.017612 0.71286 0.50852
0.017741 1.4354 0.62641
0.017872 1.7322 0.68835
0.018004 1.1553 0.59066
0.018136 2.4129 0.67816
0.01827 0.45484 0.46528
0.018405 1.6776 0.76152
0.01854 0.77131 0.41489
0.018677 1.4963 0.63944
0.018815 2.4796 0.76194
0.018953 2.1729 0.70886
0.019093 1.7651 0.6148
0.019234 1.9352 0.61911
0.019375 2.3217 0.7361
0.019518 2.1584 0.72325
0.019662 3.6341 0.74704
0.019807 2.1255 0.67157
0.019953 1.5332 0.6344
0.0201 1.3452 0.52123
0.020248 2.5608 0.66028
0.020397 1.9845 0.63909
0.020547 2.2417 0.69511
0.020699 3.149 0.73697
0.020851 2.272 0.59343
0.021005 2.1519 0.67156
0.02116 1.6418 0.56296
0.021316 1.1838 0.44991
0.021473 2.5887 0.69674
0.021631 2.1551 0.61132
0.02179 1.9298 0.57784
0.021951 1.9755 0.53826
0.022113 2.9861 0.72147
0.022276 1.6055 0.54688
0.02244 1.625 0.47171
0.022605 2.682 0.71921
0.022772 3.0425 0.66012
0.02294 2.1176 0.5333
0.023109 1.3819 0.47744
0.023279 2.8669 0.72121
0.02345 1.9836 0.50582
0.023623 2.3557 0.55494
0.023797 2.9124 0.70086
0.023973 2.3134 0.52557
0.024149 3.3337 0.66027
0.024327 2.347 0.56211
0.024507 2.3357 0.56211
0.024687 2.3252 0.51488
0.024869 3.9956 0.73203
0.025052 2.3212 0.51488
0.025237 3.5965 0.67447
0.025423 3.1696 0.62134
0.02561 3.1314 0.58078
0.025799 2.9443 0.56833
0.025989 3.9336 0.72352
0.026181 3.6696 0.59556
0.026373 3.0085 0.57088
0.026568 3.293 0.60269
0.026764 3.2338 0.56663
0.026961 3.8234 0.63072
0.027159 4.0685 0.6616
0.02736 3.7495 0.57383
0.027561 2.9374 0.58481
0.027764 4.465 0.6109
0.027969 4.2536 0.64757
0.028175 3.2471 0.55342
0.028383 3.9252 0.60964
0.028592 4.2332 0.61829
0.028802 5.1528 0.66816
0.029015 4.1686 0.5804
0.029228 3.8141 0.5988
0.029444 3.6889 0.5448
0.029661 4.5119 0.60252
0.029879 3.5394 0.56512
0.0301 5.5974 0.63843
0.030321 4.3186 0.63304
0.030545 4.2107 0.54319
0.03077 5.2795 0.63933
0.030997 5.4626 0.66299
0.031225 5.0273 0.574
0.031455 4.3173 0.59333
0.031687 4.4454 0.54476
0.03192 6.4997 0.68872
0.032156 4.7367 0.5754
0.032393 5.2147 0.58339
0.032631 6.4238 0.66654
0.032872 5.0659 0.56998
0.033114 4.6465 0.55807
0.033358 4.5673 0.55145
0.033604 5.9931 0.60747
0.033851 4.1873 0.50435
0.034101 4.5933 0.57541
0.034352 6.1089 0.5699
0.034605 6.4684 0.63957
0.03486 5.4641 0.56132
0.035117 5.9719 0.57882
0.035376 5.4952 0.56052
0.035637 5.7224 0.57788
0.035899 5.6491 0.55073
0.036164 6.4236 0.5819
0.03643 5.3976 0.5621
0.036699 6.2041 0.54526
0.036969 6.1963 0.57482
0.037241 6.5575 0.58029
0.037516 6.2157 0.57015
0.037792 6.3435 0.54954
0.038071 4.7679 0.48537
0.038351 5.8114 0.54665
0.038634 5.799 0.50892
0.038919 5.2387 0.50081
0.039205 6.1321 0.53065
0.039494 5.8587 0.53321
0.039785 6.4965 0.51443
0.040079 6.5907 0.54626
0.040374 5.5554 0.48453
0.040671 6.3087 0.53801
0.040971 7.731 0.55759
0.041273 4.869 0.45349
0.041577 6.4799 0.50966
0.041883 5.0193 0.45818
0.042192 6.0094 0.50075
0.042503 5.957 0.47166
0.042816 6.3793 0.49651
0.043132 5.6801 0.45929
0.04345 5.3353 0.45706
0.04377 6.1812 0.48163
0.044092 5.1145 0.43513
0.044417 4.6868 0.41626
0.044744 5.3812 0.42798
0.045074 5.4452 0.43991
0.045406 4.8765 0.41449
0.045741 5.3019 0.42729
0.046078 4.7922 0.40679
0.046417 4.7564 0.39934
0.04676 4.2493 0.38318
0.047104 4.4944 0.38003
0.047451 4.0289 0.35623
0.047801 3.1099 0.32093
0.048153 3.9529 0.35564
0.048508 3.7007 0.33568
0.048865 4.5065 0.37094
0.049225 4.1996 0.35849
0.049588 3.762 0.33354
0.049954 3.3697 0.31835
0.050322 3.5242 0.32879
0.050693 3.0692 0.29593
0.051066 3.0672 0.29973
0.051442 3.0822 0.29665
0.051821 2.9533 0.28859
0.052203 2.7872 0.28095
0.052588 2.5254 0.26525
0.052975 2.1751 0.25013
0.053366 2.6997 0.27035
0.053759 2.8283 0.27407
0.054155 2.2811 0.24847
0.054554 2.5398 0.2526
0.054956 2.2721 0.24445
0.055361 1.9431 0.22615
0.055769 2.3262 0.24579
0.05618 1.9605 0.22407
0.056594 2.2013 0.23335
0.057011 2.1503 0.22922
0.057431 2.2135 0.23378
0.057854 2.1115 0.22437
0.058281 1.9668 0.2191
0.05871 1.8721 0.21025
0.059143 2.0655 0.21816
0.059579 2.2058 0.2229
0.060018 2.2619 0.22143
0.06046 1.841 0.20348
0.060905 1.8506 0.20152
0.061354 1.9134 0.20531
0.061806 2.1999 0.21449
0.062262 2.071 0.20785
0.062721 2.1066 0.20616
0.063183 1.7034 0.19118
0.063648 1.6922 0.18694
0.064117 1.8551 0.19008
0.06459 1.9872 0.19572
0.065066 1.8538 0.18928
0.065545 1.6604 0.18178
0.066028 1.6686 0.1808
0.066515 1.6957 0.17696
0.067005 1.3423 0.16314
0.067499 1.7438 0.18124
0.067996 1.7234 0.17543
0.068497 1.8176 0.17676
0.069002 1.9014 0.18264
0.06951 1.6071 0.1668
0.070023 1.9024 0.17711
0.070539 1.8902 0.17788
0.071058 1.6452 0.16396
0.071582 1.6927 0.16468
0.072109 1.76 0.16864
0.072641 1.6864 0.16311
0.073176 1.9389 0.17176
0.073715 1.7682 0.16425
0.074258 1.7437 0.16052
0.074806 1.8416 0.16554
0.075357 1.6401 0.15606
0.075912 1.5612 0.15224
0.076472 1.5259 0.14742
0.077035 1.6732 0.15481
0.077603 1.8055 0.15746
0.078175 1.5893 0.14814
0.078751 1.7876 0.15456
0.079331 1.4211 0.14047
0.079916 1.5501 0.14423
0.080504 1.4185 0.13887
0.081098 1.5055 0.13796
0.081695 1.3832 0.13721
0.082297 1.4359 0.13365
0.082904 1.4178 0.13459
0.083515 1.4596 0.13278
0.08413 1.2762 0.12729
0.08475 1.3795 0.13075
0.085374 1.002 0.11462
0.086004 1.4282 0.13065
0.086637 1.527 0.13043
0.087276 1.4427 0.12646
0.087919 1.2599 0.12178
0.088567 1.513 0.12873
0.089219 1.3286 0.12178
0.089877 1.214 0.11607
0.090539 1.0644 0.11001
0.091206 1.3202 0.11761
0.091878 1.2969 0.11718
0.092555 1.3416 0.11808
0.093237 1.3475 0.11562
0.093924 1.2975 0.11357
0.094616 1.3031 0.11442
0.095314 1.3302 0.11309
0.096016 1.2085 0.10871
0.096724 1.3129 0.11255
0.097436 1.1972 0.10766
0.098154 1.3414 0.1092
0.098878 1.024 0.099843
0.099606 1.2342 0.10667
0.10034 1.1704 0.10173
0.10108 1.1323 0.10136
0.10182 1.2535 0.10407
0.10257 1.3318 0.10495
0.10333 1.1273 0.0995
0.10409 1.0967 0.096072
0.10486 0.97666 0.092942
0.10563 1.0177 0.092781
0.10641 0.98832 0.091384
0.10719 1.1232 0.095503
0.10798 1.0456 0.090929
0.10878 1.216 0.097344
0.10958 1.1467 0.092653
0.11039 1.1354 0.093245
0.1112 0.99602 0.086961
0.11202 0.94265 0.086435
0.11285 1.1892 0.090996
0.11368 1.0682 0.088319
0.11452 1.0884 0.086577
0.11536 0.83209 0.08012
0.11621 0.77992 0.077193
0.11707 0.86529 0.079293
0.11793 0.86357 0.078806
0.1188 0.87992 0.078359
0.11967 1.049 0.083633
0.12056 0.93094 0.078523
0.12144 0.96504 0.079063
0.12234 1.0291 0.081423
0.12324 0.9611 0.07746
0.12415 0.79372 0.072716
0.12506 0.85313 0.074826
0.12598 0.8376 0.072289
0.12691 0.85071 0.07278
0.12785 0.90515 0.073955
0.12879 0.84503 0.072059
0.12974 0.90601 0.072367
0.1307 0.704 0.066428
0.13166 0.96952 0.073602
0.13263 0.80857 0.068661
0.13361 0.9022 0.070229
0.13459 0.78674 0.066848
0.13558 0.79234 0.066184
0.13658 0.84655 0.068049
0.13759 0.83911 0.066477
0.1386 0.67468 0.061885
0.13962 0.76194 0.063915
0.14065 0.70883 0.061644
0.14169 0.68014 0.060713
0.14273 0.76539 0.06259
0.14378 0.75063 0.061454
0.14484 0.72365 0.060567
0.14591 0.67393 0.058744
0.14699 0.69635 0.059185
0.14807 0.65566 0.057451
0.14916 0.68052 0.057657
0.15026 0.71632 0.057897
0.15137 0.65766 0.056281
0.15248 0.64707 0.055286
0.15361 0.68288 0.055956
0.15474 0.68228 0.055571
0.15588 0.62983 0.053893
0.15703 0.69701 0.055006
0.15818 0.57154 0.05154
0.15935 0.58305 0.051535
0.16052 0.62029 0.051852
0.16171 0.65685 0.052624
0.1629 0.52651 0.048987
0.1641 0.61098 0.050725
0.16531 0.54942 0.048935
0.16653 0.50576 0.047286
0.16775 0.45081 0.045707
0.16899 0.49071 0.046365
0.17023 0.52058 0.046842
0.17149 0.52042 0.046395
0.17275 0.60547 0.047882
0.17403 0.47128 0.04458
0.17531 0.48177 0.04459
0.1766 0.49159 0.04421
0.1779 0.47364 0.043667
0.17921 0.47922 0.043277
0.18053 0.47511 0.043127
0.18186 0.49731 0.043135
0.1832 0.4246 0.041225
0.18455 0.43024 0.04111
0.18591 0.41977 0.040561
0.18728 0.41109 0.039882
0.18866 0.53457 0.042612
0.19005 0.43501 0.039753
0.19145 0.35923 0.038086
0.19286 0.39976 0.038582
0.19429 0.38748 0.038059
0.19572 0.36055 0.037388
