#
0.0050184 7.0021 3.291
0.0050554 7.0339 3.6794
0.0050926 8.8544 4.1137
0.0051301 7.0683 3.2909
0.0051679 7.0191 3.0042
0.005206 3.412 3.6796
0.0052444 14.36 10.407
0.005283 NaN NaN
0.005322 7.1124 4.2485
0.0053612 10.637 4.5063
0.0054007 11.971 3.8783
0.0054405 9.263 2.6532
0.0054806 7.0191 3.0042
0.005521 11.925 3.8783
0.0055616 4.0283 2.5494
0.0056026 2.6431 2.0816
0.0056439 7.0784 3.0042
0.0056855 11.933 5.4848
0.0057274 -0.40701 NaN
0.0057696 3.3993 2.6019
0.0058121 1.4771 1.8402
0.0058549 7.8847 2.5856
0.0058981 -0.3307 NaN
0.0059416 3.3612 2.6019
0.0059853 8.0606 2.9734
0.0060294 7.0149 5.2035
0.0060739 4.7811 1.6982
0.0061186 5.2071 3.1865
0.0061637 12.6 3.4416
0.0062091 7.8282 2.5856
0.0062549 9.9353 3.8939
0.006301 7.0021 5.2035
0.0063474 4.2778 2.0569
0.0063942 7.1166 3.6793
0.0064413 3.3103 3.6798
0.0064888 3.3612 3.6797
0.0065366 8.1753 2.1923
0.0065847 6.3953 2.0339
0.0066333 1.6414 1.159
0.0066821 8.1115 2.9734
0.0067314 2.6228 2.0816
0.006781 4.1402 2.5493
0.006831 3.3357 2.602
0.0068813 6.9799 2.6018
0.006932 5.9655 2.5751
0.0069831 4.6681 3.469
0.0070345 5.9982 2.5751
0.0070864 3.8067 1.3799
0.0071386 0.39143 0.66941
0.0071912 4.6596 3.469
0.0072442 3.3739 1.8398
0.0072976 4.5918 2.0029
0.0073513 5.8097 1.9393
0.0074055 2.3682 1.5935
0.0074601 2.5974 2.0817
0.0075151 3.323 3.6798
0.0075704 3.0047 1.6354
0.0076262 4.3833 1.577
0.0076824 7.6942 2.3174
0.007739 6.2411 2.3127
0.0077961 2.7231 1.1454
0.0078535 1.7026 1.4871
0.0079114 3.4152 1.8398
0.0079697 2.1475 2.4533
0.0080284 2.6177 2.0816
0.0080876 4.8124 1.6982
0.0081471 5.7425 1.6197
0.0082072 1.0025 0.94643
0.0082677 0.74229 0.74368
0.0083286 5.03 1.8922
0.00839 3.3357 2.1245
0.0084518 4.5946 2.0029
0.0085141 0.80917 0.80087
0.0085768 1.768 1.0515
0.00864 -0.26456 NaN
0.0087037 5 1.8923
0.0087678 4.4395 1.4357
0.0088324 5.0472 1.4741
0.0088975 4.1504 1.8026
0.0089631 2.8574 1.2876
0.0090291 3.3586 1.6456
0.0090956 3.7153 1.6388
0.0091627 -0.29254 NaN
0.0092302 3.518 1.2249
0.0092982 2.453 0.91996
0.0093667 3.3723 1.301
0.0094357 1.4834 1.8402
0.0095053 2.7274 1.0956
0.0095753 2.1305 1.4164
0.0096459 3.6209 1.3877
0.0097169 2.7437 1.3714
0.0097885 2.8156 1.0514
0.0098607 3.3485 1.301
0.0099333 1.3327 1.1566
0.010007 3.8113 1.1014
0.01008 2.4096 1.1268
0.010155 2.6101 1.472
0.010229 0.89569 0.86759
0.010305 3.3262 1.301
0.010381 3.5724 1.2987
0.010457 2.9999 0.98058
0.010534 1.9944 0.88515
0.010612 1.4866 1.3012
0.01069 1.9529 1.0286
0.010769 0.63345 0.69417
0.010848 2.835 1.0514
0.010928 0.72291 0.60723
0.011009 1.1674 0.65838
0.01109 0.79548 0.80089
0.011171 1.431 0.78376
0.011254 1.7062 0.91436
0.011337 1.2842 0.91065
0.01142 2.0534 0.88511
0.011504 3.2128 0.94955
0.011589 3.5084 1.1084
0.011675 1.9903 0.94888
0.011761 0.86036 0.70842
0.011847 2.3335 1.3382
0.011935 1.4907 0.69553
0.012023 1.2487 0.60862
0.012111 1.1486 0.73611
0.0122 -0.34039 NaN
0.01229 1.0338 0.6692
0.012381 3.9765 1.1473
0.012472 0.32436 0.47343
0.012564 1.3498 0.69348
0.012657 3.2056 0.98279
0.01275 1.7141 0.71787
0.012844 0.092229 0.40934
0.012938 2.1978 0.84924
0.013034 2.5542 0.95997
0.01313 2.3607 0.66908
0.013227 1.0423 0.60965
0.013324 0.96035 0.75005
0.013422 1.7544 0.74352
0.013521 1.1372 0.73613
0.013621 1.6871 0.6103
0.013721 1.3522 0.62822
0.013822 0.83748 0.58896
0.013924 0.91265 0.5009
0.014027 1.9624 1.0286
0.01413 1.9297 0.67808
0.014234 1.4328 0.5811
0.014339 1.2486 0.56271
0.014445 1.8524 0.77104
0.014551 0.10364 0.43341
0.014658 1.0317 0.4507
0.014766 1.9417 0.67808
0.014875 2.981 0.88831
0.014985 1.3218 0.62824
0.015095 1.5082 0.61339
0.015206 1.4194 0.61233
0.015319 1.4882 0.56771
0.015431 1.7702 0.58975
0.015545 0.76264 0.48418
0.01566 0.99899 0.60968
0.015775 0.57845 0.40156
0.015891 1.6878 0.54001
0.016008 1.9863 0.72734
0.016126 1.4074 0.58112
0.016245 1.4044 0.61234
0.016365 1.4651 0.50075
0.016486 1.6323 0.59543
0.016607 1.3887 0.49998
0.016729 0.90248 0.54872
0.016853 1.4062 0.53073
0.016977 0.98281 0.43303
0.017102 2.2476 0.64
0.017228 1.9038 0.70531
0.017355 0.93317 0.40138
0.017483 1.5084 0.53122
0.017612 0.67643 0.40076
0.017741 1.183 0.47506
0.017872 1.716 0.56465
0.018004 1.7323 0.56207
0.018136 1.1612 0.41471
0.01827 0.99621 0.47323
0.018405 1.0134 0.51256
0.01854 1.5493 0.43358
0.018677 1.2299 0.48495
0.018815 1.3596 0.49037
0.018953 1.8359 0.54522
0.019093 1.3926 0.45903
0.019234 1.7373 0.48794
0.019375 1.246 0.4695
0.019518 0.83155 0.40829
0.019662 1.7317 0.44974
0.019807 1.1552 0.43221
0.019953 1.2474 0.47871
0.0201 1.6171 0.45925
0.020248 0.90976 0.35919
0.020397 1.6652 0.4895
0.020547 2.6457 0.61924
0.020699 2.2657 0.53025
0.020851 1.821 0.44683
0.021005 2.0472 0.54377
0.02116 1.8306 0.48408
0.021316 2.108 0.4664
0.021473 1.7476 0.48794
0.021631 2.0688 0.49716
0.02179 1.6909 0.45093
0.021951 1.7677 0.42422
0.022113 1.4992 0.44632
0.022276 1.2603 0.40728
0.02244 1.7761 0.40154
0.022605 2.167 0.54401
0.022772 2.1891 0.47496
0.02294 1.4436 0.37528
0.023109 2.3241 0.4857
0.023279 2.2891 0.54305
0.02345 1.8824 0.40863
0.023623 2.8692 0.50135
0.023797 2.8313 0.57588
0.023973 1.7359 0.38484
0.024149 1.7372 0.41352
0.024327 2.2547 0.45754
0.024507 1.2762 0.36177
0.024687 2.1544 0.41273
0.024869 1.836 0.43298
0.025052 2.0827 0.40696
0.025237 1.6982 0.40443
0.025423 2.0506 0.42689
0.02561 2.9889 0.47312
0.025799 2.936 0.47214
0.025989 2.3168 0.47652
0.026181 2.0219 0.38129
0.026373 3.1098 0.48221
0.026568 2.161 0.41663
0.026764 2.0123 0.38267
0.026961 1.8813 0.3844
0.027159 1.6083 0.36746
0.02736 2.4731 0.39729
0.027561 2.0413 0.41454
0.027764 1.9044 0.34912
0.027969 1.5887 0.35059
0.028175 2.9891 0.44417
0.028383 2.5201 0.41702
0.028592 2.4033 0.40048
0.028802 2.1672 0.37848
0.029015 2.4253 0.38003
0.029228 2.0808 0.38158
0.029444 1.7793 0.3296
0.029661 2.3527 0.37545
0.029879 2.2592 0.38575
0.0301 1.6551 0.31009
0.030321 3.3485 0.47118
0.030545 3.3476 0.40889
0.03077 4.003 0.47121
0.030997 2.5439 0.39194
0.031225 3.4873 0.40613
0.031455 3.318 0.43984
0.031687 3.2855 0.39677
0.03192 2.7142 0.38637
0.032156 2.9941 0.39033
0.032393 2.6698 0.35964
0.032631 2.9918 0.39252
0.032872 2.7145 0.35893
0.033114 2.3795 0.34498
0.033358 3.0249 0.38216
0.033604 2.9965 0.37007
0.033851 3.0128 0.36288
0.034101 3.3049 0.41401
0.034352 4.0043 0.39272
0.034605 2.9525 0.37333
0.03486 2.8582 0.34925
0.035117 3.4332 0.37552
0.035376 3.233 0.36784
0.035637 3.5721 0.38943
0.035899 3.5644 0.37302
0.036164 3.8788 0.38601
0.03643 3.6125 0.39123
0.036699 3.9175 0.36926
0.036969 3.3508 0.36262
0.037241 3.7507 0.37536
0.037516 3.9115 0.38553
0.037792 3.8633 0.36607
0.038071 3.3981 0.34771
0.038351 3.0518 0.34063
0.038634 3.6063 0.34236
0.038919 3.8961 0.36587
0.039205 3.5535 0.34561
0.039494 3.113 0.33384
0.039785 3.4705 0.32259
0.040079 3.3127 0.33318
0.040374 3.2949 0.31908
0.040671 4.262 0.37591
0.040971 3.62 0.32834
0.041273 3.4477 0.32391
0.041577 3.6379 0.32689
0.041883 3.2255 0.31311
0.042192 3.7105 0.33573
0.042503 3.3879 0.30457
0.042816 3.5533 0.31742
0.043132 3.5188 0.3085
0.04345 3.7869 0.32681
0.04377 2.9352 0.28631
0.044092 3.8261 0.31872
0.044417 3.7111 0.31289
0.044744 3.9395 0.3104
0.045074 2.8092 0.27208
0.045406 3.6244 0.30268
0.045741 3.4502 0.29361
0.046078 3.3801 0.29004
0.046417 2.9389 0.26822
0.04676 3.305 0.28562
0.047104 3.1289 0.26938
0.047451 2.858 0.25468
0.047801 3.0461 0.26473
0.048153 2.7204 0.25085
0.048508 2.8969 0.25081
0.048865 2.6839 0.24514
0.049225 2.486 0.23644
0.049588 2.3654 0.22609
0.049954 2.1773 0.21855
0.050322 2.2225 0.22323
0.050693 2.1011 0.20838
0.051066 2.4087 0.22409
0.051442 2.4684 0.22371
0.051821 1.7023 0.18887
0.052203 2.1806 0.2096
0.052588 2.089 0.2026
0.052975 1.5479 0.17916
0.053366 1.7098 0.18431
0.053759 1.8871 0.19094
0.054155 2.0149 0.19502
0.054554 1.6743 0.17519
0.054956 1.6348 0.17588
0.055361 1.444 0.16486
0.055769 1.2987 0.15942
0.05618 1.3808 0.15983
0.056594 1.3041 0.15515
0.057011 1.2579 0.15172
0.057431 1.3282 0.15623
0.057854 1.2804 0.15069
0.058281 1.3725 0.15571
0.05871 0.99388 0.1345
0.059143 1.0795 0.13829
0.059579 1.1849 0.14258
0.060018 1.0942 0.13583
0.06046 1.1047 0.13635
0.060905 1.09 0.13399
0.061354 0.98126 0.12953
0.061806 0.765 0.11697
0.062262 0.97566 0.12675
0.062721 0.92211 0.12229
0.063183 1.2014 0.13649
0.063648 1.159 0.13193
0.064117 1.0313 0.12367
0.06459 0.90968 0.1181
0.065066 1.055 0.12425
0.065545 0.82604 0.11397
0.066028 0.65818 0.10449
0.066515 0.77169 0.1074
0.067005 1.0401 0.1207
0.067499 0.8046 0.11037
0.067996 0.68075 0.10122
0.068497 0.80454 0.10587
0.069002 0.93986 0.11359
0.06951 0.90414 0.10935
0.070023 0.70995 0.099739
0.070539 0.86535 0.10762
0.071058 0.88813 0.10577
0.071582 0.653 0.094298
0.072109 0.80388 0.1022
0.072641 0.83769 0.10204
0.073176 0.85396 0.10234
0.073715 0.77444 0.098077
0.074258 0.70584 0.093302
0.074806 0.74227 0.095871
0.075357 0.92908 0.10251
0.075912 0.77663 0.09559
0.076472 0.7175 0.090752
0.077035 0.84752 0.097574
0.077603 0.70726 0.090365
0.078175 0.78885 0.092878
0.078751 0.81935 0.093778
0.079331 0.71288 0.088755
0.079916 0.69713 0.087447
0.080504 0.59625 0.082613
0.081098 0.80325 0.088847
0.081695 0.67156 0.085826
0.082297 0.61281 0.07998
0.082904 0.75468 0.086734
0.083515 0.70586 0.082745
0.08413 0.75625 0.085411
0.08475 0.69776 0.082917
0.085374 0.75977 0.083981
0.086004 0.79789 0.085607
0.086637 0.56789 0.074368
0.087276 0.62998 0.076113
0.087919 0.78202 0.083085
0.088567 0.62157 0.075802
0.089219 0.69789 0.078289
0.089877 0.65195 0.075386
0.090539 0.70269 0.07683
0.091206 0.57692 0.07108
0.091878 0.67174 0.074992
0.092555 0.74182 0.077257
0.093237 0.69578 0.073829
0.093924 0.63646 0.07142
0.094616 0.66324 0.07281
0.095314 0.51722 0.065913
0.096016 0.66511 0.071223
0.096724 0.48534 0.064709
0.097436 0.53242 0.065843
0.098154 0.72575 0.0709
0.098878 0.62955 0.068103
0.099606 0.6265 0.068002
0.10034 0.45959 0.059957
0.10108 0.56686 0.064497
0.10182 0.5499 0.063224
0.10257 0.5135 0.061023
0.10333 0.54964 0.062823
0.10409 0.41633 0.056399
0.10486 0.54609 0.061566
0.10563 0.46585 0.057707
0.10641 0.48485 0.058096
0.10719 0.46476 0.057304
0.10798 0.47376 0.056317
0.10878 0.49388 0.057832
0.10958 0.58495 0.05928
0.11039 0.44089 0.054887
0.1112 0.46068 0.054326
0.11202 0.39133 0.05249
0.11285 0.48363 0.054129
0.11368 0.58647 0.057975
0.11452 0.50813 0.053956
0.11536 0.51193 0.054858
0.11621 0.45625 0.052134
0.11707 0.52923 0.054149
0.11793 0.37189 0.048606
0.1188 0.43389 0.050172
0.11967 0.48202 0.051985
0.12056 0.4832 0.050907
0.12144 0.51261 0.051542
0.12234 0.39772 0.048209
0.12324 0.39408 0.046841
0.12415 0.33814 0.044981
0.12506 0.42155 0.04798
0.12598 0.35664 0.04455
0.12691 0.38834 0.045644
0.12785 0.39015 0.04554
0.12879 0.43816 0.046895
0.12974 0.36134 0.043583
0.1307 0.43195 0.045589
0.13166 0.31837 0.041981
0.13263 0.34909 0.042556
0.13361 0.43796 0.044674
0.13459 0.45625 0.045013
0.13558 0.35805 0.041543
0.13658 0.36891 0.042154
0.13759 0.34494 0.040543
0.1386 0.33017 0.04
0.13962 0.34576 0.040261
0.14065 0.31251 0.038694
0.14169 0.34815 0.039697
0.14273 0.36611 0.039959
0.14378 0.28941 0.0372
0.14484 0.31971 0.038017
0.14591 0.29398 0.036913
0.14699 0.37067 0.039056
0.14807 0.29229 0.036341
0.14916 0.33226 0.037232
0.15026 0.29183 0.035612
0.15137 0.25522 0.034457
0.15248 0.32763 0.03609
0.15361 0.34027 0.036285
0.15474 0.32515 0.035659
0.15588 0.29659 0.0346
0.15703 0.32116 0.034933
0.15818 0.28057 0.033582
0.15935 0.35409 0.035392
0.16052 0.3019 0.033584
0.16171 0.26988 0.03266
0.1629 0.2553 0.031955
0.1641 0.24438 0.031443
0.16531 0.30647 0.032939
0.16653 0.22757 0.030417
0.16775 0.26384 0.031301
0.16899 0.30834 0.032231
0.17023 0.2531 0.030603
0.17149 0.22611 0.029583
0.17275 0.22375 0.029186
0.17403 0.25758 0.030017
0.17531 0.25211 0.029713
0.1766 0.21342 0.028289
0.1779 0.1801 0.027309
0.17921 0.18182 0.027024
0.18053 0.20607 0.027652
0.18186 0.21064 0.027439
0.1832 0.24898 0.028284
0.18455 0.21761 0.027328
0.18591 0.20887 0.026908
0.18728 0.18814 0.026049
0.18866 0.18464 0.025915
0.19005 0.23254 0.026715
0.19145 0.21805 0.026424
0.19286 0.15316 0.024496
0.19429 0.17973 0.025013
0.19572 0.18744 0.025186
