#
0.0050184 10.233 4.8095
0.0050554 10.279 5.3771
0.0050926 4.8748 3.8025
0.0051301 8.1789 4.3017
0.0051679 21.011 6.2087
0.005206 4.9864 5.3774
0.0052444 10.233 10.754
0.005283 NaN NaN
0.005322 10.394 6.2089
0.0053612 7.4796 4.657
0.0054007 10.326 4.3904
0.0054405 9.2357 3.2263
0.0054806 12.05 4.7421
0.005521 13.842 5.0695
0.0055616 10.188 4.8095
0.0056026 8.1641 4.3018
0.0056439 12.137 4.7421
0.0056855 10.27 6.209
0.0057274 10.159 7.6046
0.0057696 4.9678 3.8024
0.0058121 4.847 3.8026
0.0058549 1.9642 1.6903
0.0058981 3.1012 3.5853
0.0059416 7.6004 4.6568
0.0059853 5.635 3.0729
0.0060294 -0.50187 NaN
0.0060739 4.5056 2.0265
0.0061186 7.6097 4.6568
0.0061637 4.9724 2.6887
0.0062091 1.8816 1.6904
0.0062549 3.766 3.0422
0.006301 -0.52046 NaN
0.0063474 6.2516 3.006
0.0063942 10.4 5.377
0.0064413 4.8377 5.3777
0.0064888 4.912 5.3775
0.0065366 6.1571 2.3399
0.0065847 4.8656 2.1954
0.0066333 7.2867 2.7654
0.0066821 2.6369 2.1731
0.0067314 8.1343 4.3018
0.006781 1.7492 2.1514
0.006831 2.1865 2.6892
0.0068813 -0.55299 NaN
0.006932 2.5732 2.1731
0.0069831 6.822 5.0697
0.0070345 4.1572 2.6612
0.0070864 4.8911 1.9013
0.0071386 0.57203 0.97829
0.0071912 -0.35937 NaN
0.0072442 7.619 3.2929
0.0072976 5.5156 2.6721
0.0073513 7.5942 2.6886
0.0074055 6.1493 3.0061
0.0074601 1.6451 2.1516
0.0075151 -0.52046 NaN
0.0075704 4.391 2.39
0.0076262 2.5652 1.5366
0.0076824 4.4013 2.1863
0.007739 0.75698 1.1956
0.0077961 3.9796 1.6739
0.0078535 2.4882 2.1732
0.0079114 2.3027 1.9014
0.0079697 -0.44611 NaN
0.0080284 -0.47585 NaN
0.0080876 5.3785 2.1888
0.0081471 2.0666 1.2655
0.0082072 1.4651 1.3831
0.0082677 3.3891 1.7179
0.0083286 2.463 1.6937
0.00839 -0.50187 NaN
0.0084518 -0.45437 NaN
0.0085141 0.35534 0.82801
0.0085768 3.3519 1.7179
0.00864 8.2162 4.3017
0.0087037 7.307 2.7654
0.0087678 3.3252 1.5498
0.0088324 3.7916 1.5809
0.0088975 1.7641 1.5212
0.0089631 4.1758 1.8818
0.0090291 2.7576 1.863
0.0090956 1.5192 1.3831
0.0091627 15.703 9.3132
0.0092302 4.5753 1.6982
0.0092982 1.3446 0.89651
0.0093667 2.2399 1.3446
0.0094357 2.1679 2.6893
0.0095053 1.1559 0.98084
0.0095753 3.1136 2.07
0.0096459 2.424 1.4342
0.0097169 -0.4709 NaN
0.0097885 0.018162 0.51292
0.0098607 0.18881 0.67293
0.0099333 1.9477 1.6903
0.010007 2.1288 1.0539
0.01008 0.16092 0.67298
0.010155 4.8897 2.4049
0.010229 0.41284 0.89696
0.010305 1.5005 1.1646
0.010381 2.0579 1.2655
0.010457 1.4889 0.92528
0.010534 0.47065 0.69188
0.010612 3.5168 2.3287
0.01069 1.5098 1.1646
0.010769 1.6426 1.2422
0.010848 2.6068 1.2546
0.010928 2.5927 1.2547
0.011009 1.2759 0.86067
0.01109 3.6441 1.85
0.011171 3.6275 1.4486
0.011254 1.8961 1.1953
0.011337 0.34058 0.76885
0.01142 1.5344 0.97796
0.011504 1.3579 0.82954
0.011589 2.322 1.1456
0.011675 0.078773 0.56682
0.011761 0.062496 0.59834
0.011847 1.455 1.3831
0.011935 2.1785 1.0164
0.012023 0.14466 0.47589
0.012111 1.6786 1.0758
0.0122 1.0388 0.88743
0.01229 2.4884 1.1976
0.012381 1.7787 1.0023
0.012472 1.4516 0.97803
0.012564 0.73177 0.71688
0.012657 1.8968 0.97593
0.01275 2.1342 0.98138
0.012844 0.7322 0.84545
0.012938 1.9711 1.0135
0.013034 0.92743 0.81029
0.01313 0.51712 0.4892
0.013227 3.9129 1.3212
0.013324 1.4035 1.0961
0.013422 1.4118 0.85917
0.013521 1.1242 0.93178
0.013621 0.85254 0.60152
0.013721 0.93545 0.69417
0.013822 1.2239 0.86072
0.013924 1.3338 0.73201
0.014027 -0.49259 NaN
0.01413 1.0278 0.6683
0.014234 2.6599 0.93881
0.014339 1.2435 0.71227
0.014445 1.5122 0.89096
0.014551 1.4166 1.0961
0.014658 1.9467 0.72812
0.014766 1.9415 0.84516
0.014875 0.54059 0.60133
0.014985 1.238 0.77606
0.015095 0.1131 0.42303
0.015206 0.80918 0.63296
0.015319 1.6503 0.74212
0.015431 2.109 0.79284
0.015545 1.7471 0.83711
0.01566 1.0616 0.79703
0.015775 1.1076 0.64279
0.015891 0.5688 0.47186
0.016008 0.88647 0.6725
0.016126 1.2078 0.69353
0.016245 1.7362 0.83712
0.016365 0.92367 0.53715
0.016486 0.81181 0.58687
0.016607 2.4512 0.78918
0.016729 0.96044 0.71732
0.016853 0.1849 0.40543
0.016977 1.0146 0.55818
0.017102 1.1806 0.61881
0.017228 0.82694 0.65215
0.017355 0.4367 0.41497
0.017483 0.41207 0.44849
0.017612 0.98853 0.58567
0.017741 1.9483 0.72812
0.017872 0.44852 0.45801
0.018004 1.8731 0.72816
0.018136 0.68882 0.44488
0.01827 0.96707 0.59901
0.018405 1.481 0.74906
0.01854 2.2642 0.63364
0.018677 2.9175 0.86789
0.018815 1.5733 0.65424
0.018953 1.0899 0.56357
0.019093 1.1391 0.53796
0.019234 0.8586 0.47555
0.019375 3.0617 0.85286
0.019518 1.8478 0.69958
0.019662 1.2403 0.49694
0.019807 1.8704 0.65741
0.019953 1.823 0.6996
0.0201 1.0981 0.50036
0.020248 2.0868 0.6247
0.020397 0.87251 0.4909
0.020547 1.0364 0.53391
0.020699 2.3622 0.67115
0.020851 1.3 0.49103
0.021005 0.98682 0.51582
0.02116 1.5682 0.57043
0.021316 2.1627 0.58667
0.021473 0.53765 0.41192
0.021631 2.2661 0.64279
0.02179 1.5872 0.55142
0.021951 1.9507 0.55165
0.022113 2.191 0.65226
0.022276 1.8418 0.5952
0.02244 2.4848 0.57624
0.022605 1.259 0.54876
0.022772 1.8877 0.55659
0.02294 1.759 0.5097
0.023109 1.7121 0.53442
0.023279 2.0218 0.64097
0.02345 1.6423 0.48344
0.023623 1.6761 0.49887
0.023797 1.987 0.61472
0.023973 0.97082 0.39088
0.024149 2.0554 0.5539
0.024327 1.5224 0.48745
0.024507 0.91968 0.40962
0.024687 2.2439 0.52239
0.024869 1.1649 0.4564
0.025052 1.0336 0.38947
0.025237 1.7727 0.51531
0.025423 2.5486 0.58224
0.02561 1.1418 0.40331
0.025799 1.5027 0.4455
0.025989 2.2604 0.5867
0.026181 2.5933 0.52709
0.026373 2.1768 0.51282
0.026568 2.6509 0.56502
0.026764 2.3893 0.51191
0.026961 1.5762 0.44819
0.027159 2.7562 0.57406
0.02736 2.1366 0.46454
0.027561 1.5071 0.45977
0.027764 2.5441 0.4912
0.027969 1.4802 0.42872
0.028175 3.2409 0.56884
0.028383 2.4386 0.51071
0.028592 2.6587 0.51931
0.028802 2.1668 0.47174
0.029015 1.7138 0.41089
0.029228 2.8645 0.54353
0.029444 2.5251 0.47577
0.029661 2.9006 0.50967
0.029879 2.5454 0.50424
0.0301 2.631 0.46944
0.030321 3.395 0.58485
0.030545 1.6394 0.37568
0.03077 2.564 0.47834
0.030997 2.4707 0.48053
0.031225 2.6291 0.44294
0.031455 2.5279 0.48331
0.031687 3.4651 0.50117
0.03192 3.0345 0.50199
0.032156 2.6953 0.46092
0.032393 3.0792 0.47351
0.032631 3.2831 0.5049
0.032872 3.3489 0.48678
0.033114 3.2213 0.48763
0.033358 3.9115 0.5287
0.033604 3.3577 0.48075
0.033851 2.505 0.41483
0.034101 3.7267 0.53854
0.034352 3.1502 0.43478
0.034605 3.9418 0.52391
0.03486 3.5609 0.47539
0.035117 2.9323 0.43215
0.035376 2.6737 0.41865
0.035637 4.1392 0.51222
0.035899 3.1208 0.43376
0.036164 4.3759 0.50139
0.03643 4.0906 0.50953
0.036699 2.8603 0.39582
0.036969 3.2785 0.44309
0.037241 3.5121 0.44887
0.037516 3.4629 0.44949
0.037792 4.0629 0.46098
0.038071 3.3077 0.42386
0.038351 3.4094 0.44188
0.038634 3.3544 0.40855
0.038919 3.3296 0.41987
0.039205 3.1765 0.40589
0.039494 3.1754 0.41584
0.039785 4.1922 0.43254
0.040079 3.8635 0.44004
0.040374 3.9942 0.42865
0.040671 3.5285 0.42462
0.040971 3.6111 0.40387
0.041273 3.6586 0.40997
0.041577 3.6224 0.40184
0.041883 3.3039 0.39063
0.042192 4.0782 0.43122
0.042503 3.7481 0.39274
0.042816 3.5266 0.38998
0.043132 3.807 0.39379
0.04345 3.7543 0.40086
0.04377 3.295 0.37208
0.044092 3.5259 0.37866
0.044417 2.7699 0.33943
0.044744 3.1179 0.34452
0.045074 3.0712 0.34994
0.045406 2.9968 0.34334
0.045741 3.1441 0.34773
0.046078 2.954 0.33757
0.046417 3.0428 0.33681
0.04676 3.0209 0.33872
0.047104 2.734 0.31407
0.047451 3.5213 0.34496
0.047801 2.4217 0.29694
0.048153 2.3186 0.29063
0.048508 2.6074 0.29657
0.048865 2.2317 0.28118
0.049225 2.5314 0.29574
0.049588 2.5974 0.29214
0.049954 2.5705 0.29157
0.050322 2.3039 0.28182
0.050693 2.209 0.26503
0.051066 1.8571 0.25027
0.051442 2.2465 0.26697
0.051821 2.1533 0.25996
0.052203 1.855 0.24439
0.052588 2.0344 0.24973
0.052975 1.5134 0.22331
0.053366 1.4305 0.2159
0.053759 1.7495 0.23162
0.054155 1.8999 0.23753
0.054554 1.5524 0.21341
0.054956 1.6536 0.22173
0.055361 0.90267 0.17619
0.055769 1.601 0.21794
0.05618 1.4953 0.2078
0.056594 1.1529 0.18764
0.057011 0.88735 0.17048
0.057431 1.4042 0.2015
0.057854 1.3786 0.19591
0.058281 1.1543 0.18467
0.05871 1.2143 0.18414
0.059143 1.0625 0.17505
0.059579 1.2417 0.18389
0.060018 1.0099 0.16794
0.06046 1.1228 0.17439
0.060905 0.9055 0.15991
0.061354 0.83744 0.15719
0.061806 0.99121 0.16408
0.062262 1.0321 0.16511
0.062721 1.0006 0.16099
0.063183 0.87107 0.15535
0.063648 0.88998 0.15306
0.064117 0.93231 0.15239
0.06459 1.3129 0.17181
0.065066 1.0854 0.15978
0.065545 0.83173 0.14701
0.066028 0.88098 0.14835
0.066515 0.91443 0.14624
0.067005 0.6818 0.13453
0.067499 0.94096 0.14947
0.067996 0.81654 0.13868
0.068497 0.55566 0.12246
0.069002 0.80731 0.13827
0.06951 0.93861 0.14182
0.070023 0.84218 0.13609
0.070539 0.64097 0.12608
0.071058 0.82547 0.13234
0.071582 0.90104 0.13521
0.072109 0.75581 0.12902
0.072641 0.80589 0.12949
0.073176 0.7943 0.1284
0.073715 0.68509 0.12183
0.074258 0.85879 0.1283
0.074806 0.70902 0.12216
0.075357 0.73424 0.12173
0.075912 0.5319 0.11064
0.076472 0.50423 0.10623
0.077035 0.5639 0.11112
0.077603 0.61844 0.11248
0.078175 0.84864 0.12246
0.078751 0.73884 0.11685
0.079331 0.60039 0.10933
0.079916 0.75689 0.11608
0.080504 0.6429 0.10996
0.081098 0.61134 0.10538
0.081695 0.79869 0.11734
0.082297 0.64787 0.10587
0.082904 0.69455 0.10908
0.083515 0.62514 0.10339
0.08413 0.81917 0.11296
0.08475 0.53016 0.09945
0.085374 0.58035 0.10024
0.086004 0.53307 0.097883
0.086637 0.36088 0.08707
0.087276 0.74265 0.10387
0.087919 0.59707 0.098887
0.088567 0.50062 0.093046
0.089219 0.39721 0.087345
0.089877 0.47562 0.089845
0.090539 0.56559 0.093475
0.091206 0.56231 0.09204
0.091878 0.54159 0.091413
0.092555 0.45539 0.087257
0.093237 0.42852 0.083825
0.093924 0.50368 0.087107
0.094616 0.56048 0.090047
0.095314 0.48359 0.084967
0.096016 0.35957 0.079119
0.096724 0.50564 0.086064
0.097436 0.54877 0.086964
0.098154 0.35383 0.076092
0.098878 0.46416 0.081598
0.099606 0.53345 0.084689
0.10034 0.281 0.071038
0.10108 0.40471 0.077388
0.10182 0.43616 0.077986
0.10257 0.38645 0.074748
0.10333 0.31578 0.072236
0.10409 0.42057 0.074948
0.10486 0.32121 0.071158
0.10563 0.27297 0.067764
0.10641 0.4024 0.073033
0.10719 0.37933 0.071959
0.10798 0.43066 0.072469
0.10878 0.26075 0.066204
0.10958 0.23792 0.063352
0.11039 0.32038 0.067529
0.1112 0.4642 0.071786
0.11202 0.44157 0.071735
0.11285 0.32305 0.064903
0.11368 0.52573 0.073339
0.11452 0.33564 0.064197
0.11536 0.41005 0.068127
0.11621 0.29375 0.06244
0.11707 0.28839 0.061738
0.11793 0.2738 0.06082
0.1188 0.36721 0.063883
0.11967 0.40916 0.065716
0.12056 0.26417 0.058793
0.12144 0.22729 0.056941
0.12234 0.31192 0.060755
0.12324 0.37874 0.061664
0.12415 0.3105 0.059148
0.12506 0.40757 0.063022
0.12598 0.29006 0.057004
0.12691 0.30507 0.057623
0.12785 0.37089 0.059869
0.12879 0.35006 0.058954
0.12974 0.36885 0.058366
0.1307 0.30428 0.055847
0.13166 0.34881 0.057413
0.13263 0.35596 0.05708
0.13361 0.33913 0.055692
0.13459 0.21208 0.050893
0.13558 0.30297 0.053512
0.13658 0.27494 0.052896
0.13759 0.19862 0.048985
0.1386 0.34566 0.054076
0.13962 0.30212 0.052323
0.14065 0.31066 0.051864
0.14169 0.16138 0.04659
0.14273 0.28577 0.050586
0.14378 0.19982 0.047036
0.14484 0.25604 0.048887
0.14591 0.29012 0.049574
0.14699 0.27694 0.04902
0.14807 0.33868 0.050408
0.14916 0.20275 0.045625
0.15026 0.24939 0.04656
0.15137 0.15152 0.043173
0.15248 0.14677 0.042397
0.15361 0.22941 0.044983
0.15474 0.25889 0.045738
0.15588 0.23895 0.044728
0.15703 0.18898 0.042664
0.15818 0.22741 0.043626
0.15935 0.28803 0.045261
0.16052 0.28359 0.044586
0.16171 0.23835 0.04319
0.1629 0.16117 0.040329
0.1641 0.31344 0.044712
0.16531 0.18316 0.040538
0.16653 0.20059 0.040587
0.16775 0.24799 0.041886
0.16899 0.1069 0.037237
0.17023 0.22117 0.04054
0.17149 0.14194 0.037749
0.17275 0.1791 0.038438
0.17403 0.24814 0.040379
0.17531 0.18049 0.038208
0.1766 0.12452 0.036001
0.1779 0.2215 0.038747
0.17921 0.20133 0.037703
0.18053 0.22861 0.038448
0.18186 0.18045 0.036634
0.1832 0.1863 0.036632
0.18455 0.17753 0.03618
0.18591 0.11304 0.034082
0.18728 0.097977 0.033185
0.18866 0.19137 0.035783
0.19005 0.15588 0.034284
0.19145 0.19292 0.035379
0.19286 0.1608 0.034127
0.19429 0.18386 0.034522
0.19572 0.16148 0.033924
