#
0.0050184 11.046 0.54253
0.0050554 13.643 0.67406
0.0050926 12.344 0.6412
0.0051301 9.7153 0.5088
0.0051679 11.246 0.49971
0.005206 10.848 0.85002
0.0052444 14.907 1.4092
0.005283 NaN NaN
0.005322 8.8727 0.62771
0.0053612 11.777 0.62634
0.0054007 11.824 0.51236
0.0054405 11.113 0.38478
0.0054806 11.645 0.5085
0.005521 10.003 0.47131
0.0055616 10.459 0.52795
0.0056026 8.3569 0.47191
0.0056439 9.9152 0.46921
0.0056855 9.4482 0.64779
0.0057274 9.58 0.79895
0.0057696 12.412 0.64293
0.0058121 8.7486 0.53986
0.0058549 9.1086 0.36721
0.0058981 8.8712 0.62771
0.0059416 8.5163 0.53263
0.0059853 10.133 0.43917
0.0060294 7.3175 0.69829
0.0060739 8.4447 0.29421
0.0061186 10.281 0.58518
0.0061637 9.2994 0.39353
0.0062091 7.6873 0.33739
0.0062549 7.5035 0.44722
0.006301 8.7154 0.76203
0.0063474 7.0016 0.34152
0.0063942 7.6189 0.50376
0.0064413 5.6525 0.61383
0.0064888 8.1169 0.73539
0.0065366 8.0555 0.28735
0.0065847 7.0177 0.27918
0.0066333 6.6997 0.28492
0.0066821 7.7939 0.38518
0.0067314 5.5069 0.38316
0.006781 4.9751 0.36418
0.006831 6.9513 0.48126
0.0068813 7.0672 0.34314
0.006932 6.8039 0.35992
0.0069831 7.5413 0.57872
0.0070345 5.8724 0.33439
0.0070864 5.4119 0.21234
0.0071386 5.5997 0.26047
0.0071912 4.8336 0.4634
0.0072442 4.9047 0.28588
0.0072976 6.4599 0.30929
0.0073513 5.2761 0.2421
0.0074055 4.6535 0.27852
0.0074601 4.6276 0.3513
0.0075151 5.1867 0.58801
0.0075704 4.5965 0.26092
0.0076262 4.6447 0.21033
0.0076824 7.0635 0.29254
0.007739 4.9362 0.2704
0.0077961 4.3808 0.18536
0.0078535 3.569 0.26083
0.0079114 4.3894 0.27045
0.0079697 4.2555 0.43489
0.0080284 3.4296 0.30248
0.0080876 5.1983 0.23086
0.0081471 4.1378 0.18016
0.0082072 4.2066 0.22582
0.0082677 4.2269 0.20064
0.0083286 3.0084 0.19102
0.00839 3.9663 0.29692
0.0084518 4.8473 0.26796
0.0085141 3.2514 0.18266
0.0085768 3.9126 0.19306
0.00864 3.191 0.29174
0.0087037 3.4315 0.204
0.0087678 3.6913 0.17017
0.0088324 3.9529 0.17111
0.0088975 3.4573 0.21471
0.0089631 3.4187 0.18046
0.0090291 2.8571 0.19525
0.0090956 3.8078 0.21485
0.0091627 2.1918 0.38247
0.0092302 4.0094 0.16776
0.0092982 3.1403 0.13211
0.0093667 3.0072 0.15834
0.0094357 2.1574 0.26839
0.0095053 2.8317 0.14104
0.0095753 3.7078 0.2344
0.0096459 3.3323 0.17214
0.0097169 2.5464 0.16829
0.0097885 2.7648 0.13255
0.0098607 2.4158 0.14197
0.0099333 2.1399 0.17816
0.010007 3.1849 0.13036
0.01008 2.4488 0.14294
0.010155 2.5639 0.18499
0.010229 2.3465 0.16157
0.010305 2.9314 0.15636
0.010381 2.9315 0.15168
0.010457 2.5587 0.11463
0.010534 2.3058 0.1183
0.010612 2.3738 0.19904
0.01069 2.5487 0.14582
0.010769 2.6924 0.15478
0.010848 2.6384 0.12949
0.010928 2.3148 0.12131
0.011009 1.9812 0.10287
0.01109 2.0015 0.1434
0.011171 2.9047 0.13585
0.011254 1.7545 0.11413
0.011337 2.3535 0.14979
0.01142 2.5188 0.1236
0.011504 2.2943 0.10278
0.011589 2.2577 0.11448
0.011675 2.1736 0.12359
0.011761 1.6949 0.11219
0.011847 2.2575 0.16554
0.011935 2.324 0.10527
0.012023 2.1199 0.094066
0.012111 1.865 0.11161
0.0122 1.8073 0.10724
0.01229 2.2461 0.11674
0.012381 2.0083 0.10571
0.012472 2.0517 0.11161
0.012564 1.9194 0.09931
0.012657 1.9272 0.097646
0.01275 2.0376 0.096862
0.012844 1.8289 0.1165
0.012938 1.7965 0.096089
0.013034 1.8873 0.10469
0.01313 1.8797 0.075538
0.013227 1.6316 0.089863
0.013324 1.5683 0.11105
0.013422 1.8484 0.093918
0.013521 1.5186 0.10075
0.013621 1.6251 0.073691
0.013721 1.7255 0.086231
0.013822 1.7249 0.096023
0.013924 1.681 0.078987
0.014027 1.6085 0.11592
0.01413 1.7808 0.081292
0.014234 1.7395 0.0782
0.014339 1.6349 0.076852
0.014445 1.5131 0.086554
0.014551 1.5685 0.11105
0.014658 1.6057 0.066177
0.014766 1.4666 0.073793
0.014875 1.5273 0.081161
0.014985 1.6906 0.085372
0.015095 1.4292 0.07286
0.015206 1.5531 0.078134
0.015319 1.5502 0.071082
0.015431 1.4968 0.066696
0.015545 1.506 0.076947
0.01566 1.3102 0.080588
0.015775 1.5175 0.070336
0.015891 1.3256 0.058965
0.016008 1.3717 0.075708
0.016126 1.3676 0.069381
0.016245 1.4745 0.076146
0.016365 1.4285 0.060037
0.016486 1.5268 0.070561
0.016607 1.4116 0.060843
0.016729 1.3524 0.077646
0.016853 1.3802 0.063356
0.016977 1.5635 0.06401
0.017102 1.4418 0.06473
0.017228 1.475 0.077303
0.017355 1.5276 0.059339
0.017483 1.3894 0.062219
0.017612 1.3912 0.064289
0.017741 1.478 0.063501
0.017872 1.425 0.063669
0.018004 1.4554 0.063034
0.018136 1.4171 0.054416
0.01827 1.386 0.064909
0.018405 1.371 0.06947
0.01854 1.3057 0.048586
0.018677 1.4121 0.062712
0.018815 1.4458 0.060978
0.018953 1.3944 0.058771
0.019093 1.3524 0.054904
0.019234 1.4588 0.055206
0.019375 1.4259 0.060546
0.019518 1.5007 0.062719
0.019662 1.4837 0.051428
0.019807 1.436 0.057053
0.019953 1.6492 0.065744
0.0201 1.4294 0.053018
0.020248 1.3612 0.05064
0.020397 1.7226 0.060938
0.020547 1.4262 0.057842
0.020699 1.4314 0.053055
0.020851 1.6174 0.052308
0.021005 1.5537 0.05933
0.02116 1.6389 0.056757
0.021316 1.4948 0.049364
0.021473 1.5422 0.056753
0.021631 1.6842 0.056298
0.02179 1.5775 0.053743
0.021951 1.5469 0.049318
0.022113 1.674 0.057362
0.022276 1.7768 0.058232
0.02244 1.6905 0.048264
0.022605 1.6415 0.059483
0.022772 1.7805 0.05386
0.02294 1.6617 0.049128
0.023109 1.7202 0.052628
0.023279 1.7459 0.059904
0.02345 1.7748 0.049441
0.023623 1.6966 0.049115
0.023797 1.9422 0.060875
0.023973 1.8686 0.049231
0.024149 1.8344 0.052475
0.024327 2.009 0.054302
0.024507 1.8069 0.051509
0.024687 1.9668 0.049548
0.024869 2.1231 0.057754
0.025052 1.8945 0.048633
0.025237 2.0048 0.054243
0.025423 2.2024 0.055347
0.02561 2.1508 0.051104
0.025799 2.0864 0.050794
0.025989 2.2082 0.058555
0.026181 2.2389 0.05012
0.026373 2.358 0.053741
0.026568 2.377 0.054717
0.026764 2.15 0.049534
0.026961 2.4238 0.054235
0.027159 2.3093 0.053933
0.02736 2.5088 0.050562
0.027561 2.6794 0.059213
0.027764 2.3131 0.047829
0.027969 2.5983 0.054915
0.028175 2.6841 0.05375
0.028383 2.5967 0.053522
0.028592 2.8707 0.055141
0.028802 2.7738 0.053571
0.029015 2.7818 0.051314
0.029228 3.023 0.057501
0.029444 2.73 0.050477
0.029661 3.0779 0.05416
0.029879 2.8405 0.054419
0.0301 3.0508 0.05175
0.030321 3.2665 0.059767
0.030545 3.0273 0.049935
0.03077 3.4072 0.056184
0.030997 3.3415 0.056836
0.031225 3.2364 0.050397
0.031455 3.236 0.055732
0.031687 3.4289 0.052025
0.03192 3.468 0.055535
0.032156 3.4925 0.053959
0.032393 3.4457 0.051997
0.032631 3.5225 0.054532
0.032872 3.6753 0.05308
0.033114 3.8131 0.055022
0.033358 3.7685 0.054537
0.033604 3.9407 0.054188
0.033851 3.8047 0.052094
0.034101 4.1301 0.05942
0.034352 3.8836 0.050024
0.034605 4.2395 0.057166
0.03486 3.9123 0.052131
0.035117 4.3617 0.054475
0.035376 3.9981 0.052428
0.035637 4.2846 0.054983
0.035899 4.2549 0.052484
0.036164 4.3215 0.052638
0.03643 4.1391 0.053902
0.036699 4.5273 0.051344
0.036969 4.4812 0.05386
0.037241 4.4257 0.052638
0.037516 4.6 0.054046
0.037792 4.5039 0.050991
0.038071 4.4392 0.051068
0.038351 4.7046 0.054018
0.038634 4.3856 0.04866
0.038919 4.7316 0.052149
0.039205 4.6145 0.050636
0.039494 4.7069 0.052582
0.039785 4.4081 0.046748
0.040079 4.5786 0.05023
0.040374 4.4631 0.047662
0.040671 4.5572 0.050425
0.040971 4.3618 0.046501
0.041273 4.3819 0.046959
0.041577 4.3295 0.045988
0.041883 4.2088 0.045851
0.042192 4.3304 0.046771
0.042503 3.9632 0.042331
0.042816 4.2852 0.044859
0.043132 4.0515 0.042584
0.04345 3.904 0.042821
0.04377 3.9176 0.042302
0.044092 3.8049 0.040996
0.044417 3.7616 0.040627
0.044744 3.6917 0.038866
0.045074 3.5831 0.039142
0.045406 3.4161 0.037858
0.045741 3.3384 0.037135
0.046078 3.1949 0.036218
0.046417 3.1772 0.035575
0.04676 3.0668 0.035376
0.047104 2.9176 0.033307
0.047451 2.8279 0.032334
0.047801 2.7991 0.032441
0.048153 2.5939 0.031144
0.048508 2.4512 0.029462
0.048865 2.4033 0.029489
0.049225 2.3634 0.029165
0.049588 2.1364 0.027118
0.049954 2.1463 0.027217
0.050322 2.0228 0.026807
0.050693 1.933 0.025037
0.051066 1.8438 0.024786
0.051442 1.7858 0.024096
0.051821 1.7234 0.023473
0.052203 1.5956 0.022536
0.052588 1.5137 0.02162
0.052975 1.4041 0.020875
0.053366 1.3638 0.020294
0.053759 1.3295 0.019926
0.054155 1.2511 0.019224
0.054554 1.193 0.018222
0.054956 1.1182 0.017887
0.055361 1.1086 0.017568
0.055769 1.0741 0.017476
0.05618 0.99699 0.016445
0.056594 0.95197 0.015975
0.057011 0.90359 0.015428
0.057431 0.86629 0.015229
0.057854 0.80304 0.014341
0.058281 0.77903 0.014208
0.05871 0.73706 0.013514
0.059143 0.7135 0.013285
0.059579 0.68841 0.01298
0.060018 0.65239 0.012446
0.06046 0.67476 0.012624
0.060905 0.63696 0.012161
0.061354 0.57134 0.011545
0.061806 0.57671 0.011432
0.062262 0.55335 0.011135
0.062721 0.51706 0.010602
0.063183 0.5252 0.010789
0.063648 0.50848 0.010437
0.064117 0.4915 0.010058
0.06459 0.47849 0.0099553
0.065066 0.49198 0.010025
0.065545 0.4736 0.0098471
0.066028 0.46783 0.0097418
0.066515 0.47888 0.0095655
0.067005 0.44364 0.0092968
0.067499 0.41904 0.0090786
0.067996 0.44084 0.0090665
0.068497 0.43402 0.0088642
0.069002 0.41407 0.0088026
0.06951 0.39144 0.0083515
0.070023 0.40887 0.0084666
0.070539 0.40127 0.0084542
0.071058 0.41339 0.008371
0.071582 0.39663 0.0081461
0.072109 0.39011 0.0081409
0.072641 0.39523 0.0080581
0.073176 0.39955 0.0080672
0.073715 0.37907 0.0078001
0.074258 0.37562 0.0076346
0.074806 0.36115 0.0075458
0.075357 0.35745 0.0074169
0.075912 0.36146 0.0074081
0.076472 0.3576 0.0072193
0.077035 0.35508 0.0072741
0.077603 0.34437 0.0070726
0.078175 0.33724 0.0069196
0.078751 0.35608 0.0070811
0.079331 0.32829 0.0067585
0.079916 0.32043 0.0066406
0.080504 0.31 0.0065225
0.081098 0.31267 0.0063517
0.081695 0.30059 0.0063878
0.082297 0.31364 0.0062621
0.082904 0.29139 0.0061296
0.083515 0.28776 0.0059323
0.08413 0.27907 0.0058992
0.08475 0.26396 0.0057204
0.085374 0.26864 0.0056727
0.086004 0.26395 0.0056596
0.086637 0.24639 0.0053088
0.087276 0.24142 0.00522
0.087919 0.24483 0.0053145
0.088567 0.23319 0.0051227
0.089219 0.2307 0.0050685
0.089877 0.22724 0.004959
0.090539 0.2166 0.0048072
0.091206 0.22367 0.0048437
0.091878 0.21307 0.0047435
0.092555 0.20745 0.0046446
0.093237 0.19889 0.0044587
0.093924 0.1948 0.0043895
0.094616 0.18294 0.0042867
0.095314 0.18908 0.0042724
0.096016 0.17841 0.004129
0.096724 0.16456 0.0039899
0.097436 0.16663 0.0039749
0.098154 0.15369 0.0037183
0.098878 0.15578 0.0037755
0.099606 0.14838 0.0036773
0.10034 0.14493 0.0035456
0.10108 0.14904 0.0036202
0.10182 0.13711 0.0034394
0.10257 0.13839 0.0034073
0.10333 0.12961 0.0033247
0.10409 0.12873 0.0032309
0.10486 0.12845 0.0032521
0.10563 0.12581 0.0031736
0.10641 0.12349 0.003131
0.10719 0.11268 0.0029962
0.10798 0.11674 0.0029712
0.10878 0.11392 0.0029796
0.10958 0.10625 0.0028028
0.11039 0.1122 0.0029072
0.1112 0.10724 0.0027756
0.11202 0.11022 0.0028528
0.11285 0.10504 0.0027044
0.11368 0.096103 0.0026174
0.11452 0.096137 0.0025493
0.11536 0.094828 0.0025657
0.11621 0.091842 0.0024857
0.11707 0.091597 0.0024681
0.11793 0.092438 0.0024645
0.1188 0.09239 0.0024298
0.11967 0.084955 0.0023517
0.12056 0.082397 0.0022665
0.12144 0.083358 0.0022681
0.12234 0.084309 0.0022962
0.12324 0.085593 0.0022522
0.12415 0.079946 0.0021812
0.12506 0.085638 0.0022654
0.12598 0.077209 0.0020976
0.12691 0.080762 0.0021472
0.12785 0.077045 0.0020865
0.12879 0.077577 0.0020853
0.12974 0.07514 0.0020224
0.1307 0.076198 0.0020245
0.13166 0.074334 0.0019967
0.13263 0.072953 0.0019636
0.13361 0.069739 0.001899
0.13459 0.070047 0.0018939
0.13558 0.069216 0.0018616
0.13658 0.069207 0.001872
0.13759 0.070413 0.0018515
0.1386 0.064218 0.0017667
0.13962 0.0677 0.0018008
0.14065 0.064602 0.0017403
0.14169 0.0592 0.0016641
0.14273 0.060536 0.001674
0.14378 0.059053 0.0016348
0.14484 0.058046 0.0016151
0.14591 0.05887 0.0016117
0.14699 0.056244 0.0015748
0.14807 0.054745 0.0015387
0.14916 0.053695 0.0015129
0.15026 0.057571 0.0015467
0.15137 0.052853 0.0014835
0.15248 0.054018 0.0014805
0.15361 0.052193 0.0014523
0.15474 0.051949 0.0014357
0.15588 0.050771 0.0014142
0.15703 0.048688 0.0013741
0.15818 0.047599 0.0013514
0.15935 0.046081 0.0013236
0.16052 0.045222 0.0012979
0.16171 0.046973 0.0013145
0.1629 0.043756 0.0012658
0.1641 0.041373 0.0012247
0.16531 0.041825 0.0012243
0.16653 0.04251 0.0012194
0.16775 0.043685 0.0012266
0.16899 0.041278 0.0011875
0.17023 0.041469 0.0011842
0.17149 0.041496 0.0011738
0.17275 0.039932 0.0011427
0.17403 0.040829 0.0011494
0.17531 0.037902 0.0011063
0.1766 0.039484 0.001111
0.1779 0.039674 0.0011108
0.17921 0.036238 0.0010557
0.18053 0.035961 0.0010497
0.18186 0.034919 0.0010251
0.1832 0.034291 0.0010117
0.18455 0.035124 0.0010153
0.18591 0.034694 0.0010017
0.18728 0.031455 0.00095143
0.18866 0.032293 0.00096079
0.19005 0.031659 0.0009372
0.19145 0.030675 0.00092695
0.19286 0.028184 0.0008831
0.19429 0.029258 0.00089163
0.19572 0.027982 0.00087175
