#
0.0050184 1.9528 2.5773
0.0050554 12.313 6.441
0.0050926 12.28 6.4411
0.0051301 4.6448 3.6439
0.0051679 16.581 6.0726
0.005206 25.295 12.882
0.0052444 -0.62343 NaN
0.005283 NaN NaN
0.005322 -0.43047 NaN
0.0053612 2.5189 3.2215
0.0054007 3.7816 3.0367
0.0054405 4.6225 2.5767
0.0054806 3.7 3.0368
0.005521 7.9937 4.2942
0.0055616 4.4756 3.6442
0.0056026 2.0508 2.5771
0.0056439 10.244 4.8009
0.0056855 12.302 7.4375
0.0057274 5.7281 6.4418
0.0057696 12.391 6.441
0.0058121 9.0263 5.5783
0.0058549 13.803 4.5262
0.0058981 3.7148 4.2947
0.0059416 -0.55664 NaN
0.0059853 8.5901 4.1152
0.0060294 5.8394 6.4416
0.0060739 10.351 3.2866
0.0061186 9.1153 5.5782
0.0061637 5.9563 3.2207
0.0062091 6.5476 3.2008
0.0062549 -0.64125 NaN
0.006301 -0.62343 NaN
0.0063474 12.319 4.5545
0.0063942 6.0175 4.5547
0.0064413 -0.6457 NaN
0.0064888 5.8839 6.4415
0.0065366 4.4028 2.216
0.0065847 3.6814 2.1474
0.0066333 5.2154 2.619
0.0066821 8.6792 4.1151
0.0067314 2.0151 2.5772
0.006781 7.2477 4.4626
0.006831 12.28 6.4411
0.0068813 7.3883 3.6009
0.006932 -0.59799 NaN
0.0069831 -0.41562 NaN
0.0070345 8.6601 4.1151
0.0070864 5.0538 2.1304
0.0071386 4.1983 2.3424
0.0071912 8.157 6.0728
0.0072442 1.0758 1.6111
0.0072976 10.901 4.0485
0.0073513 8.0234 3.0365
0.0074055 5.7559 3.2209
0.0074601 -0.60562 NaN
0.0075151 5.8171 6.4416
0.0075704 0.96614 1.432
0.0076262 3.0728 1.8407
0.0076824 1.7591 1.6568
0.007739 0.90676 1.4321
0.0077961 6.2824 2.2735
0.0078535 -0.69977 NaN
0.0079114 4.3684 2.7893
0.0079697 -0.53437 NaN
0.0080284 -0.57 NaN
0.0080876 4.461 2.216
0.0081471 2.4755 1.5159
0.0082072 5.2681 2.6189
0.0082677 1.2994 1.3019
0.0083286 0.6083 1.172
0.00839 1.5457 2.1479
0.0084518 2.3182 2.0247
0.0085141 -0.5652 NaN
0.0085768 4.0151 2.0578
0.00864 2.1131 2.577
0.0087037 5.2397 2.6189
0.0087678 1.71 1.313
0.0088324 4.5418 1.8937
0.0088975 4.6893 2.5766
0.0089631 7.7623 2.7605
0.0090291 2.0151 1.8224
0.0090956 2.9908 2.0288
0.0091627 -0.51211 NaN
0.0092302 2.0907 1.3564
0.0092982 3.7575 1.5184
0.0093667 2.6831 1.6106
0.0094357 2.5969 3.2214
0.0095053 2.0626 1.3565
0.0095753 2.2984 2.0248
0.0096459 2.0448 1.4879
0.0097169 -0.56406 NaN
0.0097885 1.2485 1.063
0.0098607 2.6414 1.6106
0.0099333 5.1955 2.8629
0.010007 3.5805 1.4577
0.01008 2.608 1.6107
0.010155 0.70476 1.2891
0.010229 1.568 1.5188
0.010305 0.99228 1.1393
0.010381 0.94963 1.0723
0.010457 1.7835 1.1084
0.010534 2.9058 1.4346
0.010612 5.8227 3.2208
0.01069 9.0542 2.7892
0.010769 2.8264 1.718
0.010848 0.05569 0.61435
0.010928 1.2655 1.063
0.011009 2.0436 1.1525
0.01109 3.3743 1.9822
0.011171 4.3452 1.7353
0.011254 0.83997 1.0128
0.011337 2.2482 1.5941
0.01142 3.5946 1.5494
0.011504 0.2941 0.62889
0.011589 1.6613 1.1206
0.011675 2.8062 1.5164
0.011761 2.9374 1.6007
0.011847 4.0849 2.3426
0.011935 0.30937 0.65135
0.012023 2.186 1.0654
0.012111 2.0107 1.2886
0.0122 1.2443 1.063
0.01229 6.4938 2.0285
0.012381 0.52051 0.75971
0.012472 1.1533 1.0147
0.012564 0.87656 0.85872
0.012657 1.3179 0.95468
0.01275 2.5565 1.1756
0.012844 0.87708 1.0127
0.012938 3.352 1.4017
0.013034 0.55088 0.79273
0.01313 0.9122 0.65505
0.013227 2.3017 1.169
0.013324 0.92344 1.0723
0.013422 0.77101 0.79743
0.013521 2.6347 1.4406
0.013621 1.0212 0.72054
0.013721 1.9516 1.0182
0.013822 1.4661 1.031
0.013924 2.3133 1.0124
0.014027 2.6303 1.6107
0.01413 0.87337 0.71611
0.014234 -0.2036 0.33992
0.014339 1.1413 0.77894
0.014445 3.7198 1.4316
0.014551 0.18143 0.75872
0.014658 3.1206 0.98388
0.014766 0.17878 0.50668
0.014875 1.8941 1.0183
0.014985 1.0674 0.83157
0.015095 1.5667 0.87687
0.015206 1.3481 0.84759
0.015319 1.3485 0.76996
0.015431 0.52255 0.57304
0.015545 0.95619 0.75821
0.01566 0.79462 0.82697
0.015775 1.0126 0.70296
0.015891 1.1865 0.66863
0.016008 1.0619 0.80556
0.016126 0.09085 0.48011
0.016245 0.18536 0.53649
0.016365 1.8356 0.7689
0.016486 1.6008 0.83163
0.016607 1.6733 0.75807
0.016729 1.1505 0.85925
0.016853 1.6216 0.79242
0.016977 0.96274 0.61907
0.017102 1.1342 0.68632
0.017228 1.3809 0.87328
0.017355 0.7452 0.54443
0.017483 1.2987 0.7104
0.017612 1.1841 0.70155
0.017741 1.5451 0.7439
0.017872 0.53727 0.54863
0.018004 0.14067 0.45598
0.018136 1.6302 0.66785
0.01827 0.86566 0.65509
0.018405 2.452 1.0173
0.01854 0.9715 0.52256
0.018677 1.8846 0.8054
0.018815 1.1414 0.65579
0.018953 1.7826 0.75468
0.019093 1.1497 0.60759
0.019234 1.0285 0.56964
0.019375 0.44708 0.49591
0.019518 1.7083 0.75806
0.019662 2.688 0.74888
0.019807 2.2405 0.78749
0.019953 0.41568 0.50567
0.0201 1.126 0.56864
0.020248 1.2297 0.57405
0.020397 0.83738 0.5501
0.020547 1.4675 0.6783
0.020699 0.74581 0.50158
0.020851 1.2311 0.5411
0.021005 0.52708 0.48864
0.02116 0.93132 0.53616
0.021316 2.2764 0.66671
0.021473 1.0466 0.56964
0.021631 1.263 0.57404
0.02179 1.3719 0.58555
0.021951 1.7305 0.58719
0.022113 1.2984 0.59937
0.022276 2.2062 0.71297
0.02244 1.6484 0.54781
0.022605 2.5469 0.80494
0.022772 1.0045 0.49708
0.02294 1.1269 0.48531
0.023109 2.0509 0.64016
0.023279 2.0255 0.71481
0.02345 1.3032 0.49715
0.023623 2.0078 0.59758
0.023797 2.012 0.68882
0.023973 1.6632 0.53085
0.024149 2.1726 0.63113
0.024327 1.9652 0.60082
0.024507 1.951 0.60082
0.024687 1.3635 0.48181
0.024869 1.6985 0.58721
0.025052 1.5993 0.51101
0.025237 1.5572 0.54851
0.025423 2.1136 0.60032
0.02561 2.0704 0.56185
0.025799 0.84578 0.41348
0.025989 2.408 0.6701
0.026181 1.1579 0.43325
0.026373 2.3711 0.59111
0.026568 2.0816 0.57023
0.026764 2.0913 0.53958
0.026961 2.4736 0.59733
0.027159 2.5724 0.61987
0.02736 1.6743 0.47181
0.027561 3.0683 0.6803
0.027764 1.4253 0.4375
0.027969 1.9971 0.53742
0.028175 1.4927 0.46482
0.028383 1.75 0.49957
0.028592 2.4691 0.56017
0.028802 1.5969 0.46861
0.029015 1.322 0.4189
0.029228 2.0586 0.52815
0.029444 1.5834 0.44153
0.029661 2.9224 0.56738
0.029879 2.6465 0.56949
0.0301 2.643 0.5226
0.030321 3.9611 0.69256
0.030545 2.9975 0.53358
0.03077 3.5186 0.6069
0.030997 2.8663 0.56799
0.031225 3.5282 0.55698
0.031455 1.916 0.48176
0.031687 3.7696 0.57563
0.03192 2.089 0.47835
0.032156 2.9871 0.53422
0.032393 3.3096 0.5413
0.032631 2.4651 0.49611
0.032872 3.4193 0.54419
0.033114 2.2484 0.4666
0.033358 3.1609 0.53373
0.033604 2.7986 0.49354
0.033851 2.9318 0.49211
0.034101 2.8951 0.53533
0.034352 3.2757 0.49016
0.034605 3.0835 0.5214
0.03486 3.5274 0.52416
0.035117 3.5125 0.51766
0.035376 3.1363 0.49706
0.035637 3.5949 0.53248
0.035899 3.1129 0.48048
0.036164 4.3127 0.55061
0.03643 3.5439 0.52969
0.036699 3.2013 0.4606
0.036969 3.1142 0.48049
0.037241 2.9974 0.4647
0.037516 2.7985 0.45509
0.037792 3.4725 0.47662
0.038071 2.6569 0.4286
0.038351 2.8257 0.45252
0.038634 3.5486 0.46369
0.038919 3.2666 0.46138
0.039205 3.5903 0.47419
0.039494 3.4632 0.47832
0.039785 3.2497 0.42847
0.040079 3.6165 0.47328
0.040374 2.8176 0.40857
0.040671 3.472 0.46693
0.040971 3.5114 0.44165
0.041273 3.0212 0.41832
0.041577 4.056 0.46726
0.041883 4.1989 0.4802
0.042192 3.8603 0.46563
0.042503 4.0093 0.4476
0.042816 3.7254 0.44225
0.043132 3.0904 0.39869
0.04345 3.6353 0.43758
0.04377 2.6233 0.37449
0.044092 3.0718 0.39572
0.044417 3.2756 0.40438
0.044744 3.1025 0.38122
0.045074 3.4724 0.40888
0.045406 2.9415 0.378
0.045741 2.8089 0.36785
0.046078 2.8646 0.36986
0.046417 2.9142 0.36698
0.04676 2.87 0.3676
0.047104 3.3116 0.378
0.047451 2.2194 0.31531
0.047801 2.3928 0.32875
0.048153 2.4887 0.33283
0.048508 2.0297 0.29804
0.048865 2.2892 0.31628
0.049225 2.7197 0.33858
0.049588 1.9159 0.28769
0.049954 1.6475 0.27263
0.050322 1.9374 0.29288
0.050693 1.4578 0.25225
0.051066 1.9997 0.28749
0.051442 1.9072 0.27874
0.051821 1.932 0.27752
0.052203 1.3938 0.24554
0.052588 1.8715 0.26956
0.052975 1.3047 0.2374
0.053366 1.7426 0.26025
0.053759 1.7793 0.26054
0.054155 1.5363 0.24479
0.054554 1.5917 0.24119
0.054956 1.0172 0.2098
0.055361 1.0009 0.20589
0.055769 1.699 0.24933
0.05618 0.90439 0.19705
0.056594 0.76256 0.18597
0.057011 1.1895 0.21191
0.057431 1.2192 0.2153
0.057854 1.2579 0.21307
0.058281 1.1091 0.20524
0.05871 0.88401 0.18732
0.059143 0.65576 0.17125
0.059579 1.1119 0.19927
0.060018 0.98211 0.18785
0.06046 0.48447 0.1554
0.060905 1.0402 0.18895
0.061354 0.57884 0.16118
0.061806 0.9921 0.18546
0.062262 1.1505 0.19307
0.062721 0.49193 0.15001
0.063183 0.68313 0.1643
0.063648 0.57442 0.15344
0.064117 0.48724 0.1447
0.06459 0.76111 0.16214
0.065066 0.69488 0.15753
0.065545 0.46834 0.14383
0.066028 0.49334 0.14384
0.066515 0.94934 0.1674
0.067005 0.37043 0.13293
0.067499 0.56442 0.14663
0.067996 0.69332 0.15009
0.068497 0.4065 0.13055
0.069002 0.75287 0.15365
0.06951 0.66591 0.14518
0.070023 0.65782 0.1439
0.070539 0.46218 0.13273
0.071058 0.69775 0.14291
0.071582 0.37755 0.12264
0.072109 0.66251 0.14125
0.072641 0.58954 0.13482
0.073176 0.51672 0.13002
0.073715 0.36202 0.11953
0.074258 0.60012 0.13147
0.074806 0.8043 0.14401
0.075357 0.64521 0.13353
0.075912 0.27594 0.11111
0.076472 0.67337 0.13098
0.077035 0.71801 0.13535
0.077603 0.40929 0.11651
0.078175 0.38227 0.11383
0.078751 0.45631 0.11767
0.079331 0.46803 0.1176
0.079916 0.26615 0.1047
0.080504 0.35309 0.10915
0.081098 0.38926 0.10831
0.081695 0.46744 0.11599
0.082297 0.44376 0.11017
0.082904 0.1594 0.094057
0.083515 0.45907 0.10945
0.08413 0.41417 0.10774
0.08475 0.38877 0.10631
0.085374 0.32108 0.10087
0.086004 0.3973 0.10477
0.086637 0.36746 0.10088
0.087276 0.48445 0.10564
0.087919 0.25757 0.095103
0.088567 0.41917 0.1025
0.089219 0.60187 0.11078
0.089877 0.44725 0.10165
0.090539 0.30576 0.09382
0.091206 0.47571 0.10098
0.091878 0.41004 0.098061
0.092555 0.43791 0.099361
0.093237 0.42875 0.096373
0.093924 0.44546 0.09706
0.094616 0.46421 0.098406
0.095314 0.46151 0.096395
0.096016 0.28758 0.087757
0.096724 0.34369 0.090891
0.097436 0.19661 0.082275
0.098154 0.13884 0.076933
0.098878 0.34269 0.087941
0.099606 0.50338 0.095612
0.10034 0.38501 0.087359
0.10108 0.29651 0.083976
0.10182 0.31438 0.084031
0.10257 0.33835 0.083946
0.10333 0.33881 0.08471
0.10409 0.21126 0.076589
0.10486 0.42285 0.086921
0.10563 0.20115 0.075216
0.10641 0.306 0.079763
0.10719 0.27113 0.078015
0.10798 0.35565 0.080122
0.10878 0.14022 0.071095
0.10958 0.11551 0.067894
0.11039 0.32141 0.078174
0.1112 0.32542 0.076646
0.11202 0.074202 0.065553
0.11285 0.22099 0.070602
0.11368 0.29141 0.074271
0.11452 0.14289 0.065683
0.11536 0.30134 0.07388
0.11621 0.26619 0.071202
0.11707 0.21231 0.068289
0.11793 0.20236 0.067499
0.1188 0.46312 0.077401
0.11967 0.23664 0.068574
0.12056 0.3615 0.072204
0.12144 0.27227 0.068207
0.12234 0.2661 0.068467
0.12324 0.34633 0.069855
0.12415 0.29683 0.067947
0.12506 0.20591 0.064547
0.12598 0.21416 0.06308
0.12691 0.21083 0.062988
0.12785 0.21066 0.0629
0.12879 0.24799 0.064216
0.12974 0.10929 0.057113
0.1307 0.1759 0.059694
0.13166 0.21579 0.061302
0.13263 0.23694 0.061463
0.13361 0.21678 0.059791
0.13459 0.21286 0.059397
0.13558 0.27348 0.0609
0.13658 0.13947 0.056181
0.13759 0.22921 0.058353
0.1386 0.28032 0.060157
0.13962 0.16975 0.055747
0.14065 0.29299 0.059413
0.14169 0.23452 0.057309
0.14273 0.19507 0.055403
0.14378 0.17553 0.054036
0.14484 0.10512 0.051307
0.14591 0.14156 0.05221
0.14699 0.12676 0.051528
0.14807 0.14076 0.051412
0.14916 0.1647 0.051922
0.15026 0.11587 0.049413
0.15137 0.22875 0.053349
0.15248 0.10124 0.048108
0.15361 0.13376 0.049052
0.15474 0.20303 0.051301
0.15588 0.18345 0.050184
0.15703 0.11219 0.047205
0.15818 0.23263 0.050981
0.15935 0.19779 0.049575
0.16052 0.22452 0.049838
0.16171 0.18095 0.048428
0.1629 0.077113 0.044388
0.1641 0.079902 0.044256
0.16531 0.12793 0.045596
0.16653 0.19852 0.047319
0.16775 0.10577 0.044209
0.16899 0.13095 0.044699
0.17023 0.15576 0.045216
0.17149 0.18697 0.045743
0.17275 0.10382 0.042586
0.17403 0.1326 0.043448
0.17531 0.20807 0.045527
0.1766 0.14388 0.042962
0.1779 0.094465 0.041292
0.17921 0.20519 0.044127
0.18053 0.051502 0.039406
0.18186 0.14862 0.041913
0.1832 0.16629 0.042246
0.18455 0.1712 0.042156
0.18591 0.14981 0.041246
0.18728 0.046705 0.037599
0.18866 0.12116 0.039791
0.19005 0.13448 0.039596
0.19145 0.16263 0.040494
0.19286 0.14377 0.03953
0.19429 0.14561 0.039322
0.19572 0.15651 0.039636
