#
0.0050184 14.379 5.6296
0.0050554 15.488 6.5149
0.0050926 2.1631 2.6604
0.0051301 14.474 5.6295
0.0051679 15.467 5.3194
0.005206 4.933 5.3198
0.0052444 10.123 10.639
0.005283 NaN NaN
0.005322 10.283 6.1424
0.0053612 7.3995 4.6071
0.0054007 10.215 4.3434
0.0054405 9.1368 3.1917
0.0054806 15.467 5.3194
0.005521 10.148 4.3434
0.0055616 10.079 4.758
0.0056026 3.8213 3.0095
0.0056439 17.326 5.6071
0.0056855 13.706 7.0926
0.0057274 4.7307 5.3202
0.0057696 4.9146 3.7617
0.0058121 2.1355 2.6605
0.0058549 7.8533 3.1276
0.0058981 10.16 6.1425
0.0059416 7.519 4.607
0.0059853 13.173 4.5596
0.0060294 10.142 7.523
0.0060739 9.3673 2.835
0.0061186 4.8686 3.7618
0.0061637 6.249 2.9738
0.0062091 5.4075 2.6435
0.0062549 5.8534 3.6857
0.006301 10.123 7.523
0.0063474 3.525 2.3037
0.0063942 15.608 6.5148
0.0064413 -0.53328 NaN
0.0064888 4.8594 5.3199
0.0065366 4.4545 2.0048
0.0065847 6.5865 2.5078
0.0066333 4.3073 2.1629
0.0066821 4.1284 2.6327
0.0067314 12.303 5.212
0.006781 10.241 4.7579
0.006831 2.1631 2.6604
0.0068813 3.4423 2.3038
0.006932 8.6247 3.723
0.0069831 3.2028 3.5467
0.0070345 8.672 3.7229
0.0070864 2.8441 1.4871
0.0071386 6.3686 2.559
0.0071912 6.7367 5.0154
0.0072442 6.2076 2.9738
0.0072976 3.0925 2.0478
0.0073513 4.8533 2.1719
0.0074055 6.0835 2.9739
0.0074601 -0.50018 NaN
0.0075151 4.8043 5.32
0.0075704 4.344 2.3644
0.0076262 5.5773 2.1496
0.0076824 6.2884 2.5591
0.007739 3.1129 2.0478
0.0077961 2.6854 1.3996
0.0078535 0.94182 1.5208
0.0079114 3.6078 2.3036
0.0079697 6.6509 5.0155
0.0080284 14.423 5.6296
0.0080876 3.6843 1.8302
0.0081471 3.9218 1.656
0.0082072 4.3508 2.1629
0.0082677 1.8331 1.3166
0.0083286 2.4366 1.6756
0.00839 -0.4965 NaN
0.0084518 4.2786 2.3645
0.0085141 1.1699 1.1579
0.0085768 1.0364 1.0752
0.00864 1.7452 2.1283
0.0087037 4.3274 2.1629
0.0087678 4.5411 1.7703
0.0088324 3.1599 1.448
0.0088975 8.1282 3.0092
0.0089631 4.1311 1.8616
0.0090291 1.6643 1.5051
0.0090956 5.3714 2.3693
0.0091627 10.215 7.523
0.0092302 3.4064 1.4817
0.0092982 1.3302 0.88691
0.0093667 1.5511 1.1521
0.0094357 -0.51489 NaN
0.0095053 3.3832 1.4817
0.0095753 1.8982 1.6722
0.0096459 2.398 1.4188
0.0097169 2.1937 1.536
0.0097885 3.0575 1.3406
0.0098607 2.8464 1.4871
0.0099333 1.9268 1.6722
0.010007 2.9571 1.2039
0.01008 0.1592 0.66577
0.010155 1.6459 1.5051
0.010229 2.1815 1.536
0.010305 0.1546 0.66578
0.010381 3.2874 1.5332
0.010457 0.65462 0.70927
0.010534 1.4327 0.96756
0.010612 0.8195 1.3307
0.01069 4.1532 1.7595
0.010769 1.625 1.2289
0.010848 1.5658 1.0136
0.010928 0.53857 0.717
0.011009 1.6878 0.95186
0.01109 0.33174 0.81918
0.011171 4.6018 1.6022
0.011254 1.8758 1.1825
0.011337 -0.42295 NaN
0.01142 2.9687 1.2797
0.011504 2.8108 1.1008
0.011589 3.2222 1.3085
0.011675 1.1978 0.97028
0.011761 3.0169 1.4481
0.011847 2.4065 1.6756
0.011935 1.0154 0.76032
0.012023 1.1405 0.74378
0.012111 2.7244 1.3033
0.0122 1.5342 1.0136
0.01229 2.4617 1.1848
0.012381 1.7597 0.99153
0.012472 3.8539 1.451
0.012564 1.9514 1.0026
0.012657 1.0884 0.78845
0.01275 2.1113 0.97087
0.012844 1.3154 1.0241
0.012938 2.7684 1.1576
0.013034 1.8426 1.0346
0.01313 3.1712 0.93662
0.013227 2.295 1.0428
0.013324 3.8916 1.656
0.013422 3.2964 1.2018
0.013521 0.58021 0.75284
0.013621 1.3753 0.70398
0.013721 1.6118 0.84092
0.013822 2.4874 1.1262
0.013924 1.9105 0.83611
0.014027 0.17759 0.66574
0.01413 0.7213 0.59142
0.014234 0.95168 0.62635
0.014339 0.65509 0.57548
0.014445 1.4961 0.88141
0.014551 2.0272 1.252
0.014658 1.0574 0.57472
0.014766 1.6252 0.78214
0.014875 2.2507 0.97095
0.014985 2.2542 0.97095
0.015095 1.885 0.83613
0.015206 1.4263 0.76675
0.015319 1.3732 0.6868
0.015431 1.1408 0.62582
0.015545 1.4155 0.76676
0.01566 0.26224 0.55787
0.015775 0.8363 0.58056
0.015891 1.1885 0.5903
0.016008 1.2094 0.74374
0.016126 2.3147 0.88558
0.016245 1.7176 0.82816
0.016365 1.9174 0.69558
0.016486 0.024686 0.36756
0.016607 1.1734 0.59031
0.016729 3.4325 1.1764
0.016853 1.5705 0.69411
0.016977 2.2553 0.75233
0.017102 2.3243 0.80138
0.017228 1.4628 0.79
0.017355 1.1657 0.55055
0.017483 1.5158 0.66518
0.017612 2.3964 0.81918
0.017741 1.276 0.61437
0.017872 2.4809 0.81635
0.018004 0.5504 0.48589
0.018136 1.6788 0.59957
0.01827 1.6821 0.72564
0.018405 2.305 0.88559
0.01854 2.0962 0.61014
0.018677 0.66991 0.49593
0.018815 0.94268 0.54161
0.018953 2.6543 0.78826
0.019093 1.4815 0.58831
0.019234 0.18449 0.33287
0.019375 2.4151 0.76571
0.019518 0.99362 0.55221
0.019662 0.80145 0.42582
0.019807 2.0307 0.67491
0.019953 0.9691 0.55223
0.0201 1.3993 0.5422
0.020248 0.86577 0.4498
0.020397 1.8927 0.64227
0.020547 2.7051 0.76974
0.020699 1.3982 0.5422
0.020851 1.69 0.53887
0.021005 1.5172 0.59828
0.02116 1.395 0.5422
0.021316 1.6206 0.51916
0.021473 1.5293 0.57607
0.021631 1.4926 0.54048
0.02179 1.716 0.56464
0.021951 1.5543 0.50084
0.022113 1.2288 0.51915
0.022276 1.6701 0.56888
0.02244 1.142 0.425
0.022605 1.4171 0.56935
0.022772 1.4783 0.50269
0.02294 1.7402 0.50424
0.023109 1.5656 0.51292
0.023279 1.6728 0.59035
0.02345 2.3925 0.55941
0.023623 1.7714 0.50634
0.023797 1.6617 0.56888
0.023973 1.9933 0.50618
0.024149 2.392 0.58578
0.024327 2.6752 0.60764
0.024507 1.8451 0.52303
0.024687 1.5238 0.44484
0.024869 2.4041 0.60043
0.025052 2.1163 0.50715
0.025237 2.9228 0.62973
0.025423 1.3023 0.44349
0.02561 1.9033 0.48376
0.025799 1.6836 0.46222
0.025989 1.6176 0.51026
0.026181 3.102 0.56556
0.026373 1.6655 0.45798
0.026568 2.221 0.52169
0.026764 2.0909 0.48131
0.026961 2.1396 0.50272
0.027159 3.1282 0.60234
0.02736 2.2761 0.4737
0.027561 2.7427 0.58089
0.027764 1.6499 0.40965
0.027969 1.7419 0.45339
0.028175 1.8334 0.44598
0.028383 1.797 0.4485
0.028592 2.1236 0.47028
0.028802 3.2158 0.55337
0.029015 1.9972 0.4336
0.029228 3.0083 0.55167
0.029444 2.3493 0.45876
0.029661 2.1096 0.44326
0.029879 1.9363 0.44776
0.0301 3.3027 0.51446
0.030321 2.5738 0.51606
0.030545 2.3442 0.43078
0.03077 3.2014 0.52255
0.030997 2.9069 0.51152
0.031225 3.8527 0.51995
0.031455 2.3478 0.46572
0.031687 3.3021 0.48774
0.03192 1.9381 0.41372
0.032156 2.9989 0.47961
0.032393 2.7959 0.45141
0.032631 2.5746 0.45183
0.032872 3.8634 0.51532
0.033114 2.1736 0.41055
0.033358 2.8624 0.45843
0.033604 2.6679 0.43283
0.033851 2.5351 0.41432
0.034101 3.073 0.49192
0.034352 3.0137 0.42394
0.034605 3.6536 0.50349
0.03486 3.1902 0.45028
0.035117 2.9552 0.43096
0.035376 3.5773 0.47187
0.035637 3.8134 0.49085
0.035899 3.0357 0.426
0.036164 3.2037 0.43413
0.03643 3.2628 0.45846
0.036699 3.7589 0.44329
0.036969 2.7785 0.41005
0.037241 3.1249 0.42394
0.037516 3.0205 0.42095
0.037792 3.8351 0.44665
0.038071 2.9911 0.40329
0.038351 3.8678 0.46432
0.038634 3.1031 0.39253
0.038919 2.9271 0.3946
0.039205 2.7435 0.37887
0.039494 3.0946 0.40871
0.039785 3.2772 0.3856
0.040079 3.6902 0.42861
0.040374 3.3016 0.39171
0.040671 3.8914 0.44079
0.040971 3.1769 0.37947
0.041273 4.1413 0.43064
0.041577 2.999 0.36777
0.041883 3.2287 0.38438
0.042192 3.8733 0.41892
0.042503 3.203 0.36435
0.042816 3.7511 0.39833
0.043132 3.2664 0.36595
0.04345 2.5902 0.33935
0.04377 3.7334 0.39083
0.044092 3.1006 0.35591
0.044417 2.5653 0.32655
0.044744 2.7255 0.32319
0.045074 2.6291 0.32541
0.045406 2.6636 0.32449
0.045741 2.7481 0.32619
0.046078 2.1366 0.29292
0.046417 3.042 0.33471
0.04676 2.6957 0.32056
0.047104 2.25 0.28768
0.047451 2.8646 0.3134
0.047801 2.6056 0.30428
0.048153 2.3236 0.28906
0.048508 1.8456 0.25567
0.048865 2.5827 0.29697
0.049225 2.1888 0.27667
0.049588 1.9662 0.25881
0.049954 1.938 0.25802
0.050322 2.1661 0.273
0.050693 1.9529 0.25049
0.051066 2.0495 0.25872
0.051442 1.834 0.24433
0.051821 1.9011 0.24558
0.052203 1.5818 0.22811
0.052588 1.7914 0.2358
0.052975 1.8676 0.24072
0.053366 0.93473 0.18461
0.053759 1.422 0.21254
0.054155 1.3158 0.20488
0.054554 1.2924 0.19797
0.054956 1.4995 0.21217
0.055361 1.0479 0.18387
0.055769 1.0416 0.18503
0.05618 1.1993 0.19034
0.056594 1.3534 0.19746
0.057011 1.1496 0.18473
0.057431 0.94316 0.17396
0.057854 0.8155 0.16257
0.058281 0.87492 0.167
0.05871 1.3191 0.18841
0.059143 1.0903 0.17538
0.059579 0.70508 0.1515
0.060018 0.7923 0.154
0.06046 0.97989 0.16527
0.060905 1.0612 0.16753
0.061354 0.71781 0.1488
0.061806 1.0164 0.16429
0.062262 0.40127 0.12533
0.062721 0.85255 0.15169
0.063183 0.6692 0.1423
0.063648 0.8297 0.14856
0.064117 1.0686 0.15845
0.06459 0.8738 0.14812
0.065066 0.86413 0.14699
0.065545 0.80667 0.14454
0.066028 0.45545 0.12199
0.066515 0.79911 0.13907
0.067005 0.59771 0.12859
0.067499 0.65204 0.13246
0.067996 0.6314 0.1274
0.068497 0.80651 0.13543
0.069002 0.79867 0.13679
0.06951 0.74627 0.13088
0.070023 0.79175 0.13249
0.070539 0.59204 0.12234
0.071058 0.74986 0.12747
0.071582 0.73332 0.12574
0.072109 0.614 0.12043
0.072641 0.7326 0.1248
0.073176 0.64474 0.1197
0.073715 0.58938 0.11581
0.074258 0.50783 0.10926
0.074806 0.51556 0.11092
0.075357 0.678 0.11797
0.075912 0.51427 0.1088
0.076472 0.46446 0.1032
0.077035 0.71009 0.11776
0.077603 0.63464 0.11244
0.078175 0.66122 0.11265
0.078751 0.56495 0.10736
0.079331 0.50662 0.10366
0.079916 0.31697 0.092332
0.080504 0.61449 0.10771
0.081098 0.53397 0.10076
0.081695 0.23717 0.087143
0.082297 0.49391 0.097609
0.082904 0.43462 0.095363
0.083515 0.61845 0.10229
0.08413 0.63477 0.1038
0.08475 0.63103 0.1035
0.085374 0.33071 0.086913
0.086004 0.40402 0.090591
0.086637 0.34809 0.085674
0.087276 0.49695 0.092006
0.087919 0.49169 0.093164
0.088567 0.38126 0.086449
0.089219 0.29752 0.081477
0.089877 0.5801 0.093935
0.090539 0.35209 0.082644
0.091206 0.4419 0.085769
0.091878 0.29757 0.078876
0.092555 0.43436 0.085564
0.093237 0.37737 0.08072
0.093924 0.42158 0.082689
0.094616 0.3756 0.080899
0.095314 0.43352 0.082035
0.096016 0.31139 0.07615
0.096724 0.38831 0.080089
0.097436 0.22092 0.071032
0.098154 0.48158 0.0811
0.098878 0.36053 0.076296
0.099606 0.33173 0.075148
0.10034 0.4579 0.078344
0.10108 0.4139 0.077154
0.10182 0.35878 0.073971
0.10257 0.29229 0.069924
0.10333 0.36453 0.073801
0.10409 0.32934 0.070429
0.10486 0.34293 0.071511
0.10563 0.37397 0.07162
0.10641 0.36781 0.07097
0.10719 0.27235 0.066668
0.10798 0.35125 0.068627
0.10878 0.31126 0.067862
0.10958 0.33616 0.067024
0.11039 0.26544 0.064562
0.1112 0.29597 0.064459
0.11202 0.17899 0.059924
0.11285 0.19305 0.058784
0.11368 0.25679 0.062041
0.11452 0.29128 0.061852
0.11536 0.19661 0.058735
0.11621 0.27544 0.061148
0.11707 0.35528 0.063876
0.11793 0.21653 0.057894
0.1188 0.20007 0.056663
0.11967 0.2782 0.060086
0.12056 0.35438 0.061771
0.12144 0.1465 0.053028
0.12234 0.18705 0.055176
0.12324 0.29046 0.057862
0.12415 0.30275 0.058347
0.12506 0.19695 0.054428
0.12598 0.34624 0.058577
0.12691 0.25073 0.055066
0.12785 0.16559 0.051608
0.12879 0.2173 0.053522
0.12974 0.23566 0.053029
0.1307 0.2531 0.053489
0.13166 0.19411 0.051248
0.13263 0.26218 0.053262
0.13361 0.25154 0.052107
0.13459 0.32699 0.05457
0.13558 0.27387 0.052029
0.13658 0.25333 0.051659
0.13759 0.1749 0.047653
0.1386 0.22795 0.049555
0.13962 0.26009 0.050424
0.14065 0.26262 0.049787
0.14169 0.15965 0.046091
0.14273 0.22528 0.048067
0.14378 0.22074 0.047342
0.14484 0.24351 0.048032
0.14591 0.22603 0.047005
0.14699 0.1494 0.044202
0.14807 0.18189 0.044811
0.14916 0.18828 0.044716
0.15026 0.14704 0.042667
0.15137 0.17091 0.043442
0.15248 0.20679 0.044044
0.15361 0.27937 0.046184
0.15474 0.17909 0.042751
0.15588 0.15151 0.041446
0.15703 0.16476 0.041472
0.15818 0.21402 0.04281
0.15935 0.1039 0.038932
0.16052 0.12992 0.039338
0.16171 0.2358 0.042727
0.1629 0.16463 0.040065
0.1641 0.19312 0.040733
0.16531 0.16861 0.039706
0.16653 0.14671 0.038533
0.16775 0.099503 0.036914
0.16899 0.14646 0.038139
0.17023 0.1666 0.03853
0.17149 0.22434 0.039878
0.17275 0.069735 0.034647
0.17403 0.19336 0.03844
0.17531 0.14719 0.036858
0.1766 0.14282 0.036211
0.1779 0.14966 0.036311
0.17921 0.19706 0.037239
0.18053 0.12485 0.035113
0.18186 0.10414 0.034056
0.1832 0.17205 0.035892
0.18455 0.12326 0.034287
0.18591 0.13362 0.034351
0.18728 0.1689 0.034897
0.18866 0.21261 0.036032
0.19005 0.14858 0.033761
0.19145 0.11169 0.032799
0.19286 0.18109 0.034354
0.19429 0.10212 0.031965
0.19572 0.12926 0.032735
