#
0.0050184 2.2117 1.7796
0.0050554 9.1583 3.8522
0.0050926 10.715 4.1609
0.0051301 6.0424 2.8133
0.0051679 10.194 3.3155
0.005206 -0.22834 NaN
0.0052444 5.9859 6.2909
0.005283 NaN NaN
0.005322 3.9833 2.9656
0.0053612 9.093 3.8523
0.0054007 10.234 3.3154
0.0054405 8.5477 2.3538
0.0054806 13.339 3.7802
0.005521 3.9036 2.097
0.0055616 7.2179 3.0819
0.0056026 4.7757 2.5164
0.0056439 6.0511 2.5682
0.0056855 3.9109 2.9656
0.0057274 9.0876 5.4479
0.0057696 4.4786 2.724
0.0058121 7.5531 3.5167
0.0058549 3.2458 1.563
0.0058981 1.8141 2.0973
0.0059416 6.0185 3.1454
0.0059853 9.5866 2.9805
0.0060294 9.142 5.4479
0.0060739 6.9905 1.8742
0.0061186 1.3062 1.573
0.0061637 7.6264 2.4866
0.0062091 5.9932 2.097
0.0062549 3.4611 2.1794
0.006301 9.1311 5.4479
0.0063474 6.0158 2.2241
0.0063942 4.5112 2.724
0.0064413 5.975 4.4483
0.0064888 12.309 6.2906
0.0065366 6.9888 1.8742
0.0065847 6.5155 1.8902
0.0066333 4.8343 1.7157
0.0066821 2.4411 1.5567
0.0067314 3.5002 2.1793
0.006781 6.0555 2.8133
0.006831 1.279 1.5731
0.0068813 5.1806 2.0806
0.006932 1.5052 1.2712
0.0069831 3.9906 2.9656
0.0070345 6.0263 2.3777
0.0070864 2.468 1.0404
0.0071386 4.3376 1.6176
0.0071912 3.9834 2.9656
0.0072442 2.8842 1.5728
0.0072976 3.9254 1.7122
0.0073513 4.4423 1.5727
0.0074055 5.956 2.2242
0.0074601 5.9946 2.8134
0.0075151 2.8407 3.1457
0.0075704 2.5686 1.3981
0.0076262 2.8485 1.189
0.0076824 5.4338 1.8085
0.007739 4.6364 1.8494
0.0077961 2.6979 1.0467
0.0078535 2.3541 1.5568
0.0079114 3.7059 1.7584
0.0079697 1.8358 2.0972
0.0080284 0.97972 1.2586
0.0080876 4.114 1.4518
0.0081471 1.9489 0.90656
0.0082072 2.0007 1.144
0.0082677 2.4318 1.1008
0.0083286 1.4408 0.99075
0.00839 2.8516 1.8162
0.0084518 5.3257 1.977
0.0085141 2.1434 1.0822
0.0085768 3.758 1.3481
0.00864 1.0319 1.2585
0.0087037 2.5588 1.2789
0.0087678 1.5751 0.82761
0.0088324 1.519 0.7816
0.0088975 2.919 1.4067
0.0089631 3.7906 1.3481
0.0090291 2.8712 1.4068
0.0090956 0.31683 0.57229
0.0091627 -0.25008 NaN
0.0092302 0.35884 0.46858
0.0092982 2.3591 0.82897
0.0093667 2.0966 0.9632
0.0094357 -0.30445 NaN
0.0095053 2.3315 0.93661
0.0095753 1.8213 1.2109
0.0096459 2.2566 1.0274
0.0097169 1.8213 1.0486
0.0097885 2.7065 0.94739
0.0098607 2.0762 0.96321
0.0099333 3.935 1.7122
0.010007 3.5098 0.97462
0.01008 2.453 1.0404
0.010155 4.1184 1.6645
0.010229 1.8141 1.0486
0.010305 2.4503 1.0404
0.010381 3.0539 1.1102
0.010457 1.5968 0.68451
0.010534 1.419 0.70058
0.010612 0.48457 0.78682
0.01069 2.0626 0.96323
0.010769 2.6383 1.1097
0.010848 2.124 0.8474
0.010928 2.1157 0.84741
0.011009 0.99799 0.56283
0.01109 1.1639 0.83839
0.011171 1.8224 0.7927
0.011254 1.4586 0.78165
0.011337 1.9965 1.0049
0.01142 3.185 0.9906
0.011504 2.0958 0.71956
0.011589 2.1788 0.82065
0.011675 2.6947 0.99339
0.011761 2.1334 0.92481
0.011847 1.423 0.99077
0.011935 2.847 0.84073
0.012023 2.8367 0.78643
0.012111 1.6109 0.77061
0.0122 2.7044 0.9474
0.01229 1.1697 0.63956
0.012381 1.8268 0.7415
0.012472 1.421 0.70059
0.012564 2.1216 0.76524
0.012657 0.41059 0.40382
0.01275 1.4653 0.61368
0.012844 1.1272 0.69917
0.012938 2.6047 0.83825
0.013034 1.0895 0.61177
0.01313 1.3032 0.4743
0.013227 1.823 0.69909
0.013324 0.82097 0.64119
0.013422 1.7245 0.67415
0.013521 0.34307 0.44515
0.013621 2.0713 0.6092
0.013721 1.5618 0.6089
0.013822 2.7289 0.87177
0.013924 1.8286 0.60543
0.014027 2.0708 0.96323
0.01413 1.1254 0.49439
0.014234 1.556 0.54917
0.014339 0.55736 0.38038
0.014445 2.2825 0.77285
0.014551 2.3088 0.97918
0.014658 1.7806 0.51362
0.014766 2.1841 0.65392
0.014875 0.72206 0.45396
0.014985 0.92708 0.49725
0.015095 1.8135 0.60544
0.015206 1.5834 0.58521
0.015319 2.6531 0.66887
0.015431 1.2337 0.46378
0.015545 1.392 0.5552
0.01566 2.4849 0.80722
0.015775 2.3356 0.63271
0.015891 1.4428 0.46164
0.016008 1.3049 0.55617
0.016126 2.0308 0.61952
0.016245 1.5706 0.58522
0.016365 1.8459 0.50367
0.016486 1.5489 0.53163
0.016607 1.5572 0.47784
0.016729 0.14246 0.29687
0.016853 1.6124 0.51181
0.016977 1.4569 0.46163
0.017102 1.6479 0.51179
0.017228 1.6275 0.60295
0.017355 1.34 0.42018
0.017483 1.5516 0.49048
0.017612 1.5568 0.50414
0.017741 2.5518 0.60225
0.017872 1.0654 0.42339
0.018004 0.32545 0.28731
0.018136 1.9756 0.47148
0.01827 0.70866 0.37844
0.018405 1.694 0.57359
0.01854 1.6645 0.40778
0.018677 1.1824 0.43479
0.018815 1.4042 0.45277
0.018953 1.686 0.48043
0.019093 1.9244 0.48055
0.019234 1.4851 0.41712
0.019375 2.3958 0.56751
0.019518 0.58752 0.32652
0.019662 2.0675 0.44391
0.019807 3.0133 0.59372
0.019953 1.8065 0.50868
0.0201 1.845 0.44376
0.020248 1.7523 0.42501
0.020397 1.0177 0.36597
0.020547 1.8202 0.48116
0.020699 1.1043 0.35841
0.020851 1.7956 0.40612
0.021005 1.7501 0.46486
0.02116 1.8424 0.44376
0.021316 1.8788 0.40602
0.021473 1.7889 0.45053
0.021631 1.8572 0.43414
0.02179 2.6519 0.50255
0.021951 1.4371 0.35502
0.022113 1.9292 0.4533
0.022276 1.1673 0.35958
0.02244 1.7129 0.36117
0.022605 1.3452 0.40597
0.022772 1.5645 0.37592
0.02294 2.0546 0.39878
0.023109 1.5321 0.3714
0.023279 1.6666 0.43291
0.02345 1.9335 0.37823
0.023623 1.7166 0.36664
0.023797 1.342 0.38138
0.023973 2.5833 0.41878
0.024149 3.0401 0.48464
0.024327 1.7201 0.37236
0.024507 1.8514 0.38498
0.024687 1.9005 0.35769
0.024869 3.1977 0.50744
0.025052 1.4865 0.3221
0.025237 2.143 0.40905
0.025423 2.8014 0.44931
0.02561 2.498 0.40039
0.025799 2.2769 0.38644
0.025989 1.9074 0.40074
0.026181 1.8342 0.33441
0.026373 2.8893 0.42808
0.026568 1.61 0.3358
0.026764 2.5267 0.38778
0.026961 1.6654 0.33355
0.027159 1.8497 0.35616
0.02736 2.7385 0.38122
0.027561 2.7935 0.43617
0.027764 2.7929 0.37863
0.027969 2.5616 0.39453
0.028175 2.7582 0.39303
0.028383 2.7262 0.39601
0.028592 2.3042 0.3601
0.028802 2.5842 0.37464
0.029015 2.4302 0.34852
0.029228 3.0679 0.41578
0.029444 3.5447 0.41038
0.029661 3.1796 0.39435
0.029879 3.0617 0.40534
0.0301 2.9876 0.36791
0.030321 3.9969 0.46983
0.030545 2.6288 0.33636
0.03077 3.0288 0.38091
0.030997 2.904 0.38146
0.031225 3.3512 0.36638
0.031455 3.3796 0.40738
0.031687 2.9948 0.34925
0.03192 3.7043 0.40882
0.032156 3.346 0.37718
0.032393 3.7995 0.38816
0.032631 4.3493 0.42888
0.032872 4.6345 0.42168
0.033114 3.5694 0.38009
0.033358 3.6654 0.3833
0.033604 3.8268 0.3802
0.033851 3.1811 0.34147
0.034101 3.6318 0.39722
0.034352 3.4231 0.33573
0.034605 3.324 0.36187
0.03486 3.6557 0.35897
0.035117 4.4114 0.38787
0.035376 3.7691 0.3626
0.035637 4.2853 0.38964
0.035899 3.5968 0.3442
0.036164 4.193 0.36799
0.03643 4.0153 0.37757
0.036699 4.338 0.35612
0.036969 3.628 0.34556
0.037241 4.3287 0.36894
0.037516 4.1826 0.36572
0.037792 3.929 0.33911
0.038071 3.9303 0.34172
0.038351 4.6279 0.37931
0.038634 3.6687 0.31714
0.038919 4.4696 0.35876
0.039205 3.7455 0.32534
0.039494 4.4627 0.36245
0.039785 4.2531 0.32578
0.040079 3.7678 0.32474
0.040374 3.7532 0.31127
0.040671 4.749 0.36383
0.040971 4.8721 0.34693
0.041273 4.1106 0.32294
0.041577 4.3082 0.32513
0.041883 3.4407 0.29622
0.042192 4.3397 0.33196
0.042503 3.6853 0.29089
0.042816 4.4333 0.32334
0.043132 4.1482 0.30598
0.04345 3.5032 0.28972
0.04377 3.8019 0.29624
0.044092 3.5417 0.28262
0.044417 4.1452 0.30278
0.044744 4.1011 0.2908
0.045074 3.934 0.29156
0.045406 3.6919 0.28053
0.045741 3.9818 0.28829
0.046078 3.0637 0.25466
0.046417 3.2824 0.25891
0.04676 2.7868 0.24265
0.047104 3.2842 0.25289
0.047451 2.9661 0.23772
0.047801 3.0471 0.24304
0.048153 3.1187 0.24487
0.048508 3.144 0.23898
0.048865 2.3456 0.21163
0.049225 2.9562 0.23441
0.049588 2.395 0.20833
0.049954 2.9831 0.23053
0.050322 2.5358 0.21693
0.050693 2.2543 0.1968
0.051066 2.1533 0.19538
0.051442 2.3704 0.20139
0.051821 2.3283 0.19802
0.052203 1.924 0.18167
0.052588 2.2072 0.19005
0.052975 1.9948 0.18237
0.053366 2.1008 0.18413
0.053759 2.2031 0.18689
0.054155 2.3337 0.19048
0.054554 1.7191 0.16184
0.054956 1.7067 0.1636
0.055361 1.5876 0.15647
0.055769 1.698 0.16256
0.05618 1.7918 0.16265
0.056594 1.354 0.14353
0.057011 1.4462 0.14631
0.057431 1.6755 0.1569
0.057854 1.2747 0.13696
0.058281 1.5741 0.15029
0.05871 1.4998 0.14411
0.059143 1.34 0.13715
0.059579 1.1619 0.1287
0.060018 1.1689 0.1268
0.06046 0.99963 0.11915
0.060905 1.2796 0.13
0.061354 0.9479 0.11597
0.061806 1.2472 0.1276
0.062262 1.3052 0.12912
0.062721 1.2247 0.12393
0.063183 1.203 0.12424
0.063648 1.2609 0.12419
0.064117 1.3331 0.12456
0.06459 1.0966 0.11523
0.065066 1.1212 0.11564
0.065545 1.1836 0.11854
0.066028 1.3197 0.12305
0.066515 1.0875 0.11065
0.067005 0.94367 0.10555
0.067499 1.2557 0.11876
0.067996 1.1556 0.11169
0.068497 1.1433 0.1097
0.069002 1.0649 0.1082
0.06951 1.1875 0.11034
0.070023 1.064 0.10488
0.070539 1.0383 0.10459
0.071058 1.3041 0.1117
0.071582 1.0723 0.10248
0.072109 1.13 0.10552
0.072641 0.98375 0.098262
0.073176 1.0788 0.10148
0.073715 0.91587 0.09447
0.074258 1.0942 0.099518
0.074806 1.1254 0.10155
0.075357 0.99449 0.095453
0.075912 1.0238 0.096002
0.076472 0.95887 0.09143
0.077035 1.0499 0.095973
0.077603 1.0768 0.095671
0.078175 0.87866 0.087468
0.078751 0.96867 0.090454
0.079331 0.96446 0.089715
0.079916 0.70447 0.079254
0.080504 0.97429 0.08913
0.081098 0.91402 0.084434
0.081695 0.8822 0.085559
0.082297 0.87162 0.081793
0.082904 0.90791 0.084064
0.083515 0.94304 0.083222
0.08413 0.99265 0.085605
0.08475 0.92296 0.083031
0.085374 0.7879 0.076944
0.086004 0.90089 0.081137
0.086637 0.79149 0.075209
0.087276 1.0071 0.081691
0.087919 0.81219 0.076218
0.088567 0.76988 0.073729
0.089219 0.84799 0.075953
0.089877 0.87631 0.075783
0.090539 0.79206 0.072475
0.091206 0.81205 0.072338
0.091878 0.78312 0.071585
0.092555 0.69625 0.068253
0.093237 0.84257 0.071556
0.093924 0.87972 0.072457
0.094616 0.8245 0.071123
0.095314 0.71202 0.066098
0.096016 0.67344 0.064538
0.096724 0.80755 0.069227
0.097436 0.70178 0.06508
0.098154 0.84556 0.067788
0.098878 0.73402 0.064849
0.099606 0.81705 0.067414
0.10034 0.80265 0.065127
0.10108 0.73643 0.063615
0.10182 0.6147 0.059045
0.10257 0.72033 0.061572
0.10333 0.72804 0.062283
0.10409 0.54637 0.054975
0.10486 0.67883 0.059653
0.10563 0.6115 0.056608
0.10641 0.7046 0.059209
0.10719 0.7696 0.061094
0.10798 0.67035 0.05675
0.10878 0.54478 0.053605
0.10958 0.68215 0.056312
0.11039 0.56301 0.053211
0.1112 0.56115 0.051916
0.11202 0.5798 0.053164
0.11285 0.62232 0.052843
0.11368 0.495 0.049357
0.11452 0.56998 0.05036
0.11536 0.6076 0.052197
0.11621 0.60824 0.051367
0.11707 0.59724 0.050703
0.11793 0.58083 0.049946
0.1188 0.51567 0.047439
0.11967 0.51857 0.047765
0.12056 0.48734 0.045805
0.12144 0.49 0.045635
0.12234 0.55558 0.047899
0.12324 0.61736 0.04836
0.12415 0.49606 0.044956
0.12506 0.51413 0.045717
0.12598 0.53522 0.045024
0.12691 0.49305 0.043908
0.12785 0.5617 0.045623
0.12879 0.46316 0.042722
0.12974 0.48801 0.042613
0.1307 0.45899 0.041602
0.13166 0.45774 0.04152
0.13263 0.43026 0.040354
0.13361 0.50754 0.04194
0.13459 0.4772 0.040934
0.13558 0.46333 0.040058
0.13658 0.52069 0.041856
0.13759 0.49272 0.040275
0.1386 0.43605 0.038643
0.13962 0.46031 0.039091
0.14065 0.41361 0.037311
0.14169 0.46864 0.038675
0.14273 0.47677 0.038653
0.14378 0.41494 0.036574
0.14484 0.37754 0.03546
0.14591 0.45817 0.037261
0.14699 0.46986 0.037466
0.14807 0.3774 0.034653
0.14916 0.42221 0.035556
0.15026 0.42988 0.035341
0.15137 0.38499 0.034113
0.15248 0.33383 0.032328
0.15361 0.38214 0.033456
0.15474 0.40954 0.03393
0.15588 0.32716 0.031592
0.15703 0.33687 0.031528
0.15818 0.40172 0.032957
0.15935 0.36501 0.031858
0.16052 0.35027 0.031118
0.16171 0.31582 0.030186
0.1629 0.33915 0.030517
0.1641 0.28709 0.028984
0.16531 0.35729 0.030574
0.16653 0.37226 0.030578
0.16775 0.3434 0.029755
0.16899 0.35421 0.029791
0.17023 0.33282 0.029117
0.17149 0.30631 0.028202
0.17275 0.31564 0.028118
0.17403 0.3475 0.028793
0.17531 0.29897 0.02749
0.1766 0.29205 0.026947
0.1779 0.28876 0.026797
0.17921 0.30229 0.026796
0.18053 0.28724 0.026409
0.18186 0.30955 0.026616
0.1832 0.28773 0.025982
0.18455 0.27296 0.025482
0.18591 0.25233 0.02481
0.18728 0.26551 0.024825
0.18866 0.23013 0.023953
0.19005 0.25758 0.024224
0.19145 0.22318 0.023479
0.19286 0.24263 0.023657
0.19429 0.20724 0.022686
0.19572 0.21222 0.022775
