#
0.0050184 6.813 0.8758
0.0050554 9.0861 1.1301
0.0050926 7.8232 1.0489
0.0051301 8.0515 0.95149
0.0051679 10.627 0.99772
0.005206 8.1093 1.5096
0.0052444 9.5042 2.3117
0.005283 NaN NaN
0.005322 10.073 1.3734
0.0053612 8.6598 1.1037
0.0054007 9.2287 0.92977
0.0054405 11.358 0.79883
0.0054806 10.44 0.98893
0.005521 9.5055 0.94375
0.0055616 8.1563 0.95807
0.0056026 9.0599 1.0092
0.0056439 10.164 0.97559
0.0056855 8.9455 1.2948
0.0057274 9.7807 1.6585
0.0057696 6.0059 0.91914
0.0058121 5.4389 0.87535
0.0058549 7.6403 0.6909
0.0058981 7.0766 1.1521
0.0059416 7.2644 1.0108
0.0059853 9.4247 0.87006
0.0060294 12.309 1.8595
0.0060739 7.653 0.57541
0.0061186 6.8444 0.98117
0.0061637 6.6368 0.68309
0.0062091 7.4491 0.68243
0.0062549 5.6909 0.8008
0.006301 2.4959 0.84102
0.0063474 6.3531 0.66856
0.0063942 8.6719 1.1037
0.0064413 5.5786 1.2537
0.0064888 10.348 1.7052
0.0065366 6.7903 0.54212
0.0065847 6.2341 0.54085
0.0066333 4.9672 0.50458
0.0066821 5.7442 0.67964
0.0067314 5.5823 0.79291
0.006781 4.6887 0.72671
0.006831 4.7395 0.81731
0.0068813 4.877 0.58637
0.006932 4.1389 0.57758
0.0069831 4.4673 0.91557
0.0070345 4.4618 0.59939
0.0070864 5.3361 0.43345
0.0071386 5.5855 0.53458
0.0071912 3.7191 0.8358
0.0072442 4.6723 0.57366
0.0072976 4.7729 0.54665
0.0073513 3.9936 0.43329
0.0074055 4.876 0.58637
0.0074601 4.0105 0.67281
0.0075151 3.0565 0.92978
0.0075704 4.4028 0.52492
0.0076262 5.0596 0.45132
0.0076824 4.7658 0.49418
0.007739 4.9609 0.5572
0.0077961 4.2311 0.37459
0.0078535 3.5738 0.53731
0.0079114 3.6943 0.51022
0.0079697 3.1539 0.77058
0.0080284 4.2363 0.69125
0.0080876 3.5582 0.39292
0.0081471 3.8346 0.35674
0.0082072 4.103 0.45873
0.0082677 3.741 0.38828
0.0083286 2.7279 0.37456
0.00839 3.5247 0.57604
0.0084518 2.842 0.42252
0.0085141 2.8219 0.35038
0.0085768 3.5388 0.37782
0.00864 2.3347 0.51387
0.0087037 3.8979 0.44726
0.0087678 3.0097 0.31634
0.0088324 3.3125 0.3222
0.0088975 2.7832 0.39646
0.0089631 2.4604 0.31534
0.0090291 3.1714 0.4233
0.0090956 3.0864 0.39809
0.0091627 3.6221 1.0108
0.0092302 2.5993 0.27839
0.0092982 2.6632 0.25053
0.0093667 2.3244 0.28684
0.0094357 4.3181 0.78043
0.0095053 2.3915 0.26722
0.0095753 2.8411 0.42252
0.0096459 2.556 0.31049
0.0097169 2.6386 0.35275
0.0097885 2.6708 0.26832
0.0098607 2.2525 0.28252
0.0099333 3.1541 0.44489
0.010007 2.264 0.2265
0.01008 2.0408 0.26917
0.010155 2.1612 0.35015
0.010229 2.0306 0.30993
0.010305 2.6713 0.3075
0.010381 2.8117 0.30585
0.010457 2.1262 0.21565
0.010534 1.9614 0.22508
0.010612 2.2158 0.39646
0.01069 2.1462 0.27593
0.010769 1.8798 0.26694
0.010848 1.8179 0.22178
0.010928 2.3512 0.25188
0.011009 2.0177 0.21394
0.01109 1.9583 0.29252
0.011171 2.0313 0.23428
0.011254 1.9055 0.24527
0.011337 2.0202 0.28601
0.01142 2.3482 0.24577
0.011504 1.6948 0.1824
0.011589 1.8031 0.21112
0.011675 1.6566 0.22279
0.011761 1.9033 0.24527
0.011847 2.1147 0.33033
0.011935 2.2361 0.21286
0.012023 1.8297 0.18039
0.012111 1.9377 0.23455
0.0122 1.6561 0.21192
0.01229 1.7608 0.21323
0.012381 1.9383 0.21412
0.012472 1.5793 0.20229
0.012564 1.9574 0.20684
0.012657 1.511 0.17864
0.01275 1.948 0.19526
0.012844 1.7202 0.2331
0.012938 1.3751 0.17386
0.013034 1.8035 0.21112
0.01313 1.4796 0.13842
0.013227 2.0314 0.20662
0.013324 1.7882 0.2446
0.013422 1.5153 0.17572
0.013521 1.4323 0.20216
0.013621 1.5723 0.14966
0.013721 1.5499 0.1687
0.013822 1.5664 0.18898
0.013924 1.4868 0.15339
0.014027 1.5162 0.23245
0.01413 1.6889 0.16335
0.014234 1.4961 0.14975
0.014339 1.4589 0.15002
0.014445 1.5325 0.17984
0.014551 1.591 0.23087
0.014658 1.6119 0.13683
0.014766 1.5808 0.15807
0.014875 1.5113 0.16675
0.014985 1.3848 0.15974
0.015095 1.6101 0.15959
0.015206 1.3614 0.15114
0.015319 1.4536 0.14212
0.015431 1.4556 0.13592
0.015545 1.1795 0.1409
0.01566 1.0521 0.14975
0.015775 1.2885 0.13399
0.015891 1.3819 0.12438
0.016008 1.3253 0.15375
0.016126 1.4647 0.14829
0.016245 1.0964 0.13599
0.016365 1.4657 0.12562
0.016486 1.4098 0.14013
0.016607 1.2602 0.11892
0.016729 1.4705 0.16717
0.016853 1.582 0.14004
0.016977 1.2842 0.11993
0.017102 1.2926 0.12667
0.017228 1.2154 0.14517
0.017355 1.2795 0.11232
0.017483 1.575 0.13672
0.017612 1.3847 0.13245
0.017741 1.2687 0.12164
0.017872 1.1686 0.1193
0.018004 1.1618 0.1167
0.018136 1.2186 0.1044
0.01827 1.5541 0.1419
0.018405 0.933 0.11896
0.01854 1.3682 0.10278
0.018677 1.3669 0.12743
0.018815 1.3975 0.12388
0.018953 1.0951 0.10791
0.019093 1.377 0.11445
0.019234 1.4465 0.11355
0.019375 1.3349 0.12104
0.019518 1.3716 0.1239
0.019662 1.2384 0.097189
0.019807 1.3995 0.11639
0.019953 1.2824 0.11993
0.0201 1.2363 0.10199
0.020248 1.4039 0.10625
0.020397 1.2392 0.10701
0.020547 1.1951 0.10954
0.020699 1.36 0.10688
0.020851 1.3027 0.097057
0.021005 1.1633 0.10625
0.02116 1.2526 0.10266
0.021316 1.4324 0.099795
0.021473 1.1932 0.10329
0.021631 1.4212 0.10683
0.02179 1.327 0.1019
0.021951 1.2165 0.090448
0.022113 1.1532 0.098605
0.022276 1.1453 0.096787
0.02244 1.2105 0.084562
0.022605 1.4583 0.11582
0.022772 1.3155 0.095731
0.02294 1.5788 0.098838
0.023109 1.1971 0.090887
0.023279 1.2268 0.10387
0.02345 1.4209 0.091398
0.023623 1.5667 0.097469
0.023797 1.5614 0.11271
0.023973 1.5694 0.093183
0.024149 1.5814 0.1006
0.024327 1.5396 0.098201
0.024507 1.6006 0.10012
0.024687 1.6209 0.092858
0.024869 1.3207 0.094219
0.025052 1.4006 0.086426
0.025237 1.565 0.098971
0.025423 1.6106 0.097735
0.02561 1.4868 0.087847
0.025799 1.532 0.089925
0.025989 1.5652 0.10184
0.026181 1.544 0.085984
0.026373 1.7081 0.094435
0.026568 1.5135 0.090237
0.026764 1.5431 0.086663
0.026961 1.647 0.092318
0.027159 1.6618 0.094479
0.02736 1.7122 0.086245
0.027561 1.5683 0.093615
0.027764 1.5905 0.081919
0.027969 1.6862 0.091349
0.028175 1.7019 0.08838
0.028383 1.6749 0.088776
0.028592 1.754 0.089003
0.028802 1.6647 0.08573
0.029015 1.8749 0.086944
0.029228 1.689 0.088765
0.029444 1.7785 0.084099
0.029661 2.0536 0.091244
0.029879 1.7929 0.089241
0.0301 1.8599 0.08339
0.030321 1.8913 0.093855
0.030545 1.8334 0.080209
0.03077 1.8548 0.085578
0.030997 1.6931 0.083569
0.031225 2.1491 0.084673
0.031455 2.0076 0.090563
0.031687 2.0154 0.082282
0.03192 2.0011 0.087029
0.032156 2.0259 0.084764
0.032393 1.9812 0.081331
0.032631 2.045 0.08569
0.032872 2.0598 0.081971
0.033114 2.1572 0.085356
0.033358 2.1117 0.0842
0.033604 2.1548 0.082643
0.033851 2.1036 0.0799
0.034101 2.3509 0.092413
0.034352 2.1173 0.076186
0.034605 2.2572 0.086
0.03486 2.3351 0.083016
0.035117 2.3987 0.083262
0.035376 2.2551 0.081189
0.035637 2.3282 0.083548
0.035899 2.3839 0.080978
0.036164 2.4953 0.082434
0.03643 2.1906 0.080878
0.036699 2.5341 0.079157
0.036969 2.3649 0.080658
0.037241 2.4655 0.080971
0.037516 2.1965 0.077021
0.037792 2.7048 0.08142
0.038071 2.2623 0.075171
0.038351 2.4964 0.081104
0.038634 2.3452 0.073354
0.038919 2.7114 0.081321
0.039205 2.4927 0.076713
0.039494 2.663 0.081482
0.039785 2.5783 0.073672
0.040079 2.5765 0.077651
0.040374 2.4791 0.073209
0.040671 2.6264 0.078871
0.040971 2.7648 0.076252
0.041273 2.493 0.072997
0.041577 2.7256 0.075163
0.041883 2.6295 0.074669
0.042192 2.6001 0.074677
0.042503 2.543 0.06987
0.042816 2.6283 0.072388
0.043132 2.6636 0.071135
0.04345 2.5711 0.071603
0.04377 2.7356 0.0728
0.044092 2.49 0.068352
0.044417 2.7306 0.0713
0.044744 2.7325 0.068871
0.045074 2.4571 0.066793
0.045406 2.6921 0.069225
0.045741 2.5094 0.066339
0.046078 2.5869 0.067139
0.046417 2.5223 0.065307
0.04676 2.4315 0.064896
0.047104 2.5247 0.063827
0.047451 2.4314 0.061767
0.047801 2.3109 0.060752
0.048153 2.4049 0.061785
0.048508 2.33 0.059184
0.048865 2.3337 0.059872
0.049225 2.2346 0.058446
0.049588 2.2297 0.057087
0.049954 2.1569 0.056236
0.050322 2.1276 0.056657
0.050693 2.0249 0.052824
0.051066 1.9205 0.05216
0.051442 2.0874 0.053686
0.051821 1.9691 0.051719
0.052203 1.9313 0.051108
0.052588 1.8753 0.049608
0.052975 1.7353 0.047863
0.053366 1.7507 0.047419
0.053759 1.686 0.046284
0.054155 1.6676 0.045774
0.054554 1.6736 0.044506
0.054956 1.5853 0.043933
0.055361 1.5838 0.043314
0.055769 1.6504 0.044665
0.05618 1.5754 0.042631
0.056594 1.5171 0.041593
0.057011 1.4588 0.04044
0.057431 1.4188 0.040207
0.057854 1.4012 0.039078
0.058281 1.3757 0.038948
0.05871 1.3868 0.038231
0.059143 1.3093 0.037127
0.059579 1.3141 0.03699
0.060018 1.2784 0.035934
0.06046 1.2207 0.035045
0.060905 1.1864 0.034248
0.061354 1.2188 0.034777
0.061806 1.18 0.033743
0.062262 1.1438 0.033035
0.062721 1.1305 0.032341
0.063183 1.133 0.032694
0.063648 1.1592 0.032496
0.064117 1.1138 0.03123
0.06459 1.0748 0.030777
0.065066 1.1172 0.031156
0.065545 1.1073 0.031052
0.066028 1.0775 0.030494
0.066515 1.0876 0.029738
0.067005 1.0068 0.028901
0.067499 0.99368 0.028844
0.067996 1.0427 0.02876
0.068497 1.0072 0.027861
0.069002 1.059 0.029017
0.06951 0.98305 0.027295
0.070023 0.99404 0.027232
0.070539 1.0111 0.027673
0.071058 0.98964 0.026717
0.071582 1.0689 0.027552
0.072109 1.0788 0.027887
0.072641 1.0385 0.026921
0.073176 1.0119 0.026471
0.073715 1.0917 0.027258
0.074258 1.0547 0.026352
0.074806 1.0387 0.026358
0.075357 1.0684 0.026399
0.075912 1.0874 0.026451
0.076472 1.1011 0.026071
0.077035 1.0921 0.026256
0.077603 1.165 0.026748
0.078175 1.1239 0.02598
0.078751 1.1768 0.026474
0.079331 1.1682 0.026204
0.079916 1.1592 0.025955
0.080504 1.1992 0.026345
0.081098 1.2557 0.026131
0.081695 1.2797 0.027042
0.082297 1.334 0.026498
0.082904 1.3264 0.026816
0.083515 1.3716 0.026544
0.08413 1.4769 0.027788
0.08475 1.5275 0.028152
0.085374 1.4967 0.027403
0.086004 1.6879 0.02926
0.086637 1.733 0.028753
0.087276 1.9469 0.030247
0.087919 2.3664 0.033677
0.088567 2.8568 0.036494
0.089219 3.5975 0.040697
0.089877 4.6653 0.045645
0.090539 5.9009 0.050906
0.091206 7.0556 0.055214
0.091878 8.3515 0.060218
0.092555 9.4309 0.063447
0.093237 10.217 0.064717
0.093924 10.51 0.065259
0.094616 10.753 0.066463
0.095314 10.798 0.065328
0.096016 10.475 0.063944
0.096724 10.102 0.063105
0.097436 9.4389 0.060414
0.098154 8.52 0.055836
0.098878 7.5863 0.053165
0.099606 6.7585 0.050028
0.10034 5.8417 0.045387
0.10108 4.9887 0.042264
0.10182 4.3384 0.038986
0.10257 3.6632 0.035352
0.10333 3.395 0.034272
0.10409 3.3311 0.0331
0.10486 3.6433 0.034871
0.10563 4.226 0.037006
0.10641 4.653 0.038643
0.10719 5.0337 0.040173
0.10798 5.2369 0.039942
0.10878 5.5373 0.041668
0.10958 5.9427 0.041963
0.11039 6.5808 0.044633
0.1112 6.809 0.044272
0.11202 6.6089 0.044267
0.11285 5.9106 0.04061
0.11368 5.4395 0.039337
0.11452 5.0805 0.037027
0.11536 4.8963 0.036815
0.11621 4.8141 0.035904
0.11707 4.669 0.035161
0.11793 4.5198 0.034397
0.1188 4.2962 0.033062
0.11967 4.0388 0.032288
0.12056 3.6849 0.030156
0.12144 3.4481 0.029045
0.12234 3.1219 0.027841
0.12324 2.8596 0.025958
0.12415 2.559 0.024564
0.12506 2.2909 0.023391
0.12598 2.0345 0.021435
0.12691 1.9081 0.02082
0.12785 1.8659 0.020443
0.12879 1.8155 0.020091
0.12974 1.6163 0.018687
0.1307 1.5354 0.018119
0.13166 1.364 0.017051
0.13263 1.3291 0.016704
0.13361 1.2585 0.016062
0.13459 1.2824 0.016134
0.13558 1.1956 0.015409
0.13658 1.2023 0.015536
0.13759 1.1444 0.014885
0.1386 1.1092 0.014589
0.13962 1.0876 0.014375
0.14065 1.0502 0.013956
0.14169 0.97665 0.013399
0.14273 0.95937 0.013233
0.14378 0.93815 0.012927
0.14484 0.91814 0.012734
0.14591 0.95103 0.012845
0.14699 0.95834 0.012862
0.14807 0.94681 0.012648
0.14916 0.89806 0.012226
0.15026 0.84195 0.011741
0.15137 0.83735 0.011673
0.15248 0.84354 0.01158
0.15361 0.84501 0.011548
0.15474 0.85534 0.011501
0.15588 0.88886 0.011667
0.15703 0.93151 0.011818
0.15818 0.94615 0.011831
0.15935 0.97372 0.011921
0.16052 1.0139 0.012023
0.16171 1.0441 0.012139
0.1629 1.0285 0.011982
0.1641 1.0581 0.012043
0.16531 1.0228 0.011788
0.16653 1.0322 0.01171
0.16775 1.0079 0.011499
0.16899 0.98176 0.011268
0.17023 0.95459 0.011064
0.17149 0.93245 0.01084
0.17275 0.91791 0.010653
0.17403 0.85462 0.010245
0.17531 0.84755 0.010145
0.1766 0.80366 0.0097541
0.1779 0.78081 0.0095969
0.17921 0.78804 0.0095317
0.18053 0.79838 0.0095658
0.18186 0.78689 0.0093966
0.1832 0.80094 0.0094247
0.18455 0.80093 0.0093593
0.18591 0.80683 0.0093146
0.18728 0.80623 0.0092264
0.18866 0.81083 0.0092402
0.19005 0.82404 0.0091579
0.19145 0.80373 0.0090686
0.19286 0.8178 0.0090223
0.19429 0.83387 0.0090552
0.19572 0.85233 0.0091063
