#
0.0050184 7.9428 1.4378
0.0050554 6.0762 1.4071
0.0050926 3.4905 1.0706
0.0051301 6.9215 1.3419
0.0051679 7.2572 1.2548
0.005206 7.0546 2.1412
0.0052444 2.5199 1.8261
0.005283 NaN NaN
0.005322 4.2608 1.3611
0.0053612 5.4172 1.331
0.0054007 6.835 1.2174
0.0054405 8.9852 1.0803
0.0054806 5.5356 1.0973
0.005521 5.3204 1.076
0.0055616 8.1957 1.4608
0.0056026 8.7274 1.5058
0.0056439 7.698 1.2912
0.0056855 8.9803 1.9723
0.0057274 5.0933 1.8261
0.0057696 2.8561 0.96842
0.0058121 6.7151 1.4793
0.0058549 4.9702 0.84876
0.0058981 8.1195 1.8761
0.0059416 6.4001 1.4436
0.0059853 7.1325 1.1519
0.0060294 8.978 2.4156
0.0060739 6.0037 0.77574
0.0061186 6.724 1.4793
0.0061637 5.6004 0.95486
0.0062091 5.5341 0.89596
0.0062549 3.8093 1.0002
0.006301 3.8111 1.5814
0.0063474 5.2698 0.92718
0.0063942 3.1856 1.0208
0.0064413 5.7456 1.9368
0.0064888 3.1722 1.4436
0.0065366 4.8115 0.69527
0.0065847 4.9958 0.73768
0.0066333 4.5137 0.73306
0.0066821 2.7145 0.71441
0.0067314 5.1085 1.1549
0.006781 3.8253 1.0002
0.006831 3.1677 1.0208
0.0068813 3.0002 0.70354
0.006932 2.7069 0.71442
0.0069831 3.8319 1.2912
0.0070345 5.4795 1.0103
0.0070864 3.5732 0.54136
0.0071386 2.5337 0.55058
0.0071912 2.9696 1.1387
0.0072442 4.1428 0.82299
0.0072976 1.5231 0.47585
0.0073513 2.4182 0.51605
0.0074055 2.0295 0.58196
0.0074601 3.2964 0.93112
0.0075151 3.1655 1.4436
0.0075704 3.6835 0.73155
0.0076262 4.1816 0.62553
0.0076824 2.2892 0.52496
0.007739 2.6733 0.62537
0.0077961 3.2881 0.50382
0.0078535 2.1433 0.63901
0.0079114 3.3431 0.73964
0.0079697 5.972 1.6104
0.0080284 1.4923 0.63259
0.0080876 2.235 0.47635
0.0081471 3.1343 0.49224
0.0082072 2.8757 0.58692
0.0082677 3.266 0.55338
0.0083286 2.8781 0.58692
0.00839 2.0917 0.68055
0.0084518 1.8105 0.5173
0.0085141 2.2278 0.47635
0.0085768 2.3393 0.47029
0.00864 1.2448 0.57747
0.0087037 3.3424 0.63213
0.0087678 2.6019 0.44936
0.0088324 2.1768 0.39941
0.0088975 2.7942 0.60564
0.0089631 2.8071 0.51352
0.0090291 1.6223 0.46557
0.0090956 2.8822 0.58692
0.0091627 2.531 1.2912
0.0092302 1.7726 0.35314
0.0092982 2.7438 0.38797
0.0093667 1.8022 0.38704
0.0094357 2.8427 0.96843
0.0095053 2.3134 0.40206
0.0095753 2.2389 0.57389
0.0096459 1.8405 0.40377
0.0097169 1.9878 0.46904
0.0097885 1.9697 0.35322
0.0098607 2.363 0.44203
0.0099333 1.6685 0.49701
0.010007 2.0116 0.32666
0.01008 2.6017 0.4636
0.010155 1.6201 0.46557
0.010229 2.3092 0.50471
0.010305 1.9556 0.40352
0.010381 1.994 0.39468
0.010457 1.9169 0.3141
0.010534 1.3477 0.28755
0.010612 1.7135 0.53533
0.01069 2.5216 0.45652
0.010769 1.7467 0.39449
0.010848 1.8501 0.34235
0.010928 1.664 0.32537
0.011009 1.8576 0.31418
0.01109 1.7287 0.42141
0.011171 1.4808 0.30745
0.011254 1.9493 0.37959
0.011337 2.0699 0.44233
0.01142 2.0037 0.34723
0.011504 1.5433 0.26716
0.011589 1.7384 0.31759
0.011675 1.3007 0.30394
0.011761 1.8726 0.37276
0.011847 2.1702 0.51168
0.011935 1.3222 0.2526
0.012023 1.6314 0.26151
0.012111 1.1699 0.28143
0.0122 1.4159 0.30124
0.01229 2.0008 0.34724
0.012381 1.182 0.25804
0.012472 1.759 0.3268
0.012564 1.4287 0.27203
0.012657 1.4711 0.27054
0.01275 1.8591 0.29198
0.012844 1.2357 0.30436
0.012938 1.6272 0.28959
0.013034 1.6833 0.31259
0.01313 1.8228 0.23478
0.013227 1.9523 0.30994
0.013324 1.5357 0.34808
0.013422 1.4146 0.26088
0.013521 1.4907 0.3163
0.013621 1.8132 0.24585
0.013721 1.4452 0.24993
0.013822 1.3349 0.26839
0.013924 1.3438 0.224
0.014027 1.2321 0.32283
0.01413 1.594 0.24327
0.014234 1.8145 0.25201
0.014339 1.5103 0.23411
0.014445 1.425 0.26628
0.014551 1.6892 0.36428
0.014658 1.077 0.17281
0.014766 1.4167 0.22967
0.014875 1.2312 0.23193
0.014985 1.5648 0.26013
0.015095 1.3407 0.224
0.015206 1.4263 0.23718
0.015319 1.7413 0.23778
0.015431 1.4871 0.21087
0.015545 1.7668 0.26312
0.01566 1.4187 0.26628
0.015775 1.4242 0.21592
0.015891 1.4355 0.19448
0.016008 1.2362 0.22827
0.016126 1.4362 0.22541
0.016245 1.1959 0.21818
0.016365 1.329 0.18395
0.016486 1.4832 0.22047
0.016607 1.2058 0.17904
0.016729 1.2774 0.23966
0.016853 1.4538 0.20629
0.016977 1.413 0.19283
0.017102 1.6575 0.21924
0.017228 1.547 0.25056
0.017355 1.1656 0.16512
0.017483 2.1208 0.24211
0.017612 1.123 0.18374
0.017741 1.4197 0.19721
0.017872 1.4275 0.2019
0.018004 1.5161 0.20413
0.018136 1.3538 0.16881
0.01827 1.4954 0.21366
0.018405 1.7069 0.24504
0.01854 1.3537 0.15705
0.018677 1.4532 0.20132
0.018815 1.3063 0.18417
0.018953 1.2786 0.17895
0.019093 1.6217 0.19007
0.019234 0.88993 0.13833
0.019375 1.2367 0.17907
0.019518 1.0827 0.16985
0.019662 1.5434 0.16604
0.019807 1.3845 0.17781
0.019953 1.2063 0.17904
0.0201 1.1762 0.1531
0.020248 1.5236 0.16964
0.020397 1.5001 0.18037
0.020547 1.461 0.18544
0.020699 1.2521 0.15774
0.020851 1.5127 0.16015
0.021005 1.366 0.17646
0.02116 1.3466 0.16336
0.021316 1.7241 0.1674
0.021473 1.5777 0.18159
0.021631 1.6906 0.1782
0.02179 1.5172 0.16688
0.021951 1.5862 0.15788
0.022113 1.8961 0.19273
0.022276 1.6231 0.17598
0.02244 1.5896 0.14824
0.022605 1.734 0.19315
0.022772 1.5179 0.15748
0.02294 1.8112 0.16187
0.023109 1.7924 0.16972
0.023279 1.5936 0.18099
0.02345 1.7547 0.15525
0.023623 1.6024 0.15111
0.023797 1.6589 0.1779
0.023973 1.7839 0.152
0.024149 1.4945 0.15009
0.024327 1.7436 0.15992
0.024507 1.4159 0.14472
0.024687 1.9468 0.15549
0.024869 1.6438 0.16078
0.025052 1.7895 0.14928
0.025237 2.0575 0.17321
0.025423 1.6511 0.15159
0.02561 1.7101 0.14426
0.025799 1.926 0.15405
0.025989 1.8329 0.16855
0.026181 1.8414 0.14355
0.026373 2.062 0.1585
0.026568 1.5974 0.14207
0.026764 2.1079 0.15452
0.026961 2.1027 0.15924
0.027159 1.9389 0.15601
0.02736 2.2871 0.15207
0.027561 2.1938 0.16891
0.027764 2.0272 0.14123
0.027969 2.1427 0.15721
0.028175 1.9616 0.14505
0.028383 2.3951 0.16185
0.028592 1.8975 0.14164
0.028802 2.1621 0.14915
0.029015 2.5869 0.15569
0.029228 2.3761 0.16052
0.029444 2.1724 0.14192
0.029661 2.525 0.15434
0.029879 2.4141 0.15791
0.0301 2.839 0.15688
0.030321 2.9055 0.17712
0.030545 2.4367 0.14103
0.03077 2.3345 0.14653
0.030997 2.4956 0.15461
0.031225 2.7084 0.14492
0.031455 2.4774 0.1535
0.031687 2.8458 0.14895
0.03192 2.6112 0.15158
0.032156 2.9869 0.15671
0.032393 3.0663 0.154
0.032631 2.9033 0.1555
0.032872 3.0515 0.15192
0.033114 2.8003 0.14825
0.033358 3.3732 0.16191
0.033604 3.1373 0.15184
0.033851 3.0422 0.14633
0.034101 3.3033 0.1668
0.034352 2.7987 0.13351
0.034605 3.4739 0.16234
0.03486 3.0775 0.14519
0.035117 3.5079 0.15325
0.035376 3.13 0.14569
0.035637 3.6809 0.1598
0.035899 2.9323 0.13691
0.036164 3.8158 0.15509
0.03643 3.3797 0.15289
0.036699 3.9863 0.151
0.036969 3.1832 0.14254
0.037241 3.9562 0.15599
0.037516 3.3121 0.14395
0.037792 4.2109 0.15452
0.038071 3.4577 0.14142
0.038351 3.9231 0.15466
0.038634 3.4978 0.13634
0.038919 4.0401 0.15101
0.039205 3.7874 0.14388
0.039494 3.9994 0.15191
0.039785 3.8926 0.13772
0.040079 4.1779 0.15037
0.040374 4.1516 0.14404
0.040671 3.9898 0.14788
0.040971 4.2645 0.14402
0.041273 3.4509 0.13076
0.041577 4.3564 0.14449
0.041883 3.763 0.13595
0.042192 4.1535 0.14354
0.042503 4.0484 0.13407
0.042816 4.3886 0.14221
0.043132 4.2533 0.1367
0.04345 4.0021 0.13589
0.04377 4.5573 0.14283
0.044092 4.0966 0.13332
0.044417 4.0964 0.13285
0.044744 4.205 0.12995
0.045074 4.0361 0.13017
0.045406 4.4981 0.13603
0.045741 4.1438 0.12962
0.046078 4.1296 0.12901
0.046417 4.2936 0.12953
0.04676 4.0633 0.12755
0.047104 4.3939 0.12799
0.047451 4.2936 0.12475
0.047801 4.387 0.12717
0.048153 4.2721 0.12516
0.048508 4.3861 0.12337
0.048865 4.4993 0.12629
0.049225 4.6483 0.128
0.049588 4.3294 0.12084
0.049954 4.7036 0.12607
0.050322 4.9273 0.13084
0.050693 4.9045 0.12472
0.051066 5.0508 0.12826
0.051442 5.5582 0.13284
0.051821 5.8354 0.13493
0.052203 5.7454 0.13358
0.052588 6.3767 0.13853
0.052975 6.9928 0.14536
0.053366 7.3232 0.1467
0.053759 8.037 0.15277
0.054155 8.8924 0.15974
0.054554 10.003 0.16436
0.054956 11.339 0.17735
0.055361 13.475 0.19063
0.055769 15.576 0.20705
0.05618 17.323 0.21317
0.056594 19.018 0.22198
0.057011 20.568 0.22878
0.057431 20.914 0.23252
0.057854 20.934 0.22747
0.058281 20.101 0.2242
0.05871 18.5 0.2103
0.059143 17.349 0.20348
0.059579 16.385 0.19668
0.060018 15.344 0.18747
0.06046 12.981 0.17204
0.060905 11.521 0.16071
0.061354 10.331 0.1525
0.061806 8.8473 0.13917
0.062262 7.7963 0.12993
0.062721 7.3137 0.12394
0.063183 6.7816 0.12055
0.063648 6.1975 0.11334
0.064117 5.9254 0.10862
0.06459 5.7033 0.10691
0.065066 5.7393 0.10651
0.065545 5.7762 0.10695
0.066028 5.6727 0.1055
0.066515 5.7633 0.10321
0.067005 6.0614 0.1068
0.067499 6.4174 0.11034
0.067996 6.8706 0.11118
0.068497 7.5695 0.11492
0.069002 8.2588 0.12198
0.06951 8.4214 0.12013
0.070023 8.0426 0.1165
0.070539 7.3033 0.11193
0.071058 6.511 0.10317
0.071582 5.5679 0.094827
0.072109 4.7694 0.088503
0.072641 4.1464 0.081229
0.073176 3.658 0.076042
0.073715 3.121 0.069789
0.074258 3.0853 0.068229
0.074806 2.7575 0.06507
0.075357 2.5882 0.062319
0.075912 2.4622 0.060414
0.076472 2.6012 0.060792
0.077035 2.3558 0.058566
0.077603 2.3769 0.058059
0.078175 2.3272 0.056802
0.078751 2.4093 0.057561
0.079331 2.4797 0.057987
0.079916 2.3812 0.056526
0.080504 2.2783 0.055224
0.081098 2.3466 0.05433
0.081695 2.1532 0.053421
0.082297 2.2108 0.051954
0.082904 2.155 0.052066
0.083515 2.07 0.049719
0.08413 1.9458 0.0487
0.08475 1.8671 0.047568
0.085374 1.9776 0.048093
0.086004 1.9445 0.047996
0.086637 1.9246 0.046333
0.087276 2.0332 0.047256
0.087919 1.8684 0.045862
0.088567 1.9418 0.046126
0.089219 1.899 0.045382
0.089877 1.915 0.044912
0.090539 1.9804 0.0453
0.091206 1.9557 0.04466
0.091878 1.9843 0.045101
0.092555 1.8949 0.043749
0.093237 1.905 0.042977
0.093924 2.0314 0.044094
0.094616 2.0467 0.044557
0.095314 2.0659 0.043902
0.096016 2.1058 0.044045
0.096724 2.3754 0.046935
0.097436 2.416 0.046865
0.098154 2.4103 0.045531
0.098878 2.489 0.046659
0.099606 2.4083 0.045773
0.10034 2.4421 0.04495
0.10108 2.3297 0.044251
0.10182 2.2713 0.043218
0.10257 2.312 0.042997
0.10333 2.2083 0.042331
0.10409 2.2264 0.041436
0.10486 2.2227 0.041718
0.10563 2.2163 0.041065
0.10641 2.3878 0.04239
0.10719 2.3947 0.042436
0.10798 2.3365 0.04088
0.10878 2.395 0.041981
0.10958 2.3419 0.040373
0.11039 2.4806 0.041976
0.1112 2.5135 0.041203
0.11202 2.5152 0.041824
0.11285 2.5729 0.041017
0.11368 2.5311 0.041075
0.11452 2.4872 0.039659
0.11536 2.4419 0.039807
0.11621 2.4901 0.039527
0.11707 2.4794 0.039219
0.11793 2.477 0.038973
0.1188 2.3955 0.0378
0.11967 2.47 0.038635
0.12056 2.3352 0.036747
0.12144 2.2987 0.036297
0.12234 2.1933 0.035725
0.12324 2.2257 0.035041
0.12415 2.0832 0.033924
0.12506 1.8954 0.03259
0.12598 1.9235 0.031898
0.12691 1.8261 0.031182
0.12785 1.7877 0.030644
0.12879 1.7499 0.030212
0.12974 1.6659 0.029052
0.1307 1.6016 0.028347
0.13166 1.5202 0.027575
0.13263 1.5287 0.027431
0.13361 1.4929 0.026783
0.13459 1.4807 0.026551
0.13558 1.4489 0.025972
0.13658 1.4378 0.026019
0.13759 1.391 0.025131
0.1386 1.4275 0.025328
0.13962 1.3468 0.024503
0.14065 1.3128 0.023903
0.14169 1.3269 0.023902
0.14273 1.2873 0.023465
0.14378 1.2544 0.022889
0.14484 1.2384 0.022648
0.14591 1.2128 0.022233
0.14699 1.2083 0.02214
0.14807 1.2058 0.021879
0.14916 1.1786 0.021465
0.15026 1.1313 0.020857
0.15137 1.1638 0.021075
0.15248 1.1513 0.020724
0.15361 1.1352 0.02051
0.15474 1.1059 0.020058
0.15588 1.0933 0.019861
0.15703 1.1033 0.019749
0.15818 1.0742 0.019372
0.15935 1.0195 0.018776
0.16052 1.0575 0.018893
0.16171 1.0154 0.018447
0.1629 1.0306 0.018469
0.1641 1.0014 0.018063
0.16531 0.97833 0.017776
0.16653 1.003 0.01779
0.16775 0.96729 0.017374
0.16899 0.9144 0.016794
0.17023 0.95075 0.017025
0.17149 0.93566 0.016746
0.17275 0.91439 0.016403
0.17403 0.91549 0.016344
0.17531 0.89962 0.016117
0.1766 0.83679 0.015369
0.1779 0.84189 0.015378
0.17921 0.82726 0.01508
0.18053 0.82878 0.015053
0.18186 0.7854 0.01452
0.1832 0.76561 0.014269
0.18455 0.7481 0.014019
0.18591 0.72945 0.013742
0.18728 0.69104 0.013276
0.18866 0.67912 0.013153
0.19005 0.66812 0.012838
0.19145 0.62914 0.012517
0.19286 0.63457 0.012399
0.19429 0.62212 0.012215
0.19572 0.60341 0.01199
