#
0.0050184 13.343 1.6004
0.0050554 19.325 2.1519
0.0050926 9.0411 1.4739
0.0051301 16.604 1.7841
0.0051679 15.099 1.5536
0.005206 10.486 2.243
0.0052444 13.343 3.5785
0.005283 NaN NaN
0.005322 11.445 1.9128
0.0053612 14.533 1.8674
0.0054007 12.076 1.3896
0.0054405 12.968 1.1153
0.0054806 14.78 1.5372
0.005521 13.664 1.4782
0.0055616 12 1.5182
0.0056026 13.733 1.6231
0.0056439 12.078 1.3896
0.0056855 15.259 2.2087
0.0057274 11.424 2.3427
0.0057696 7.8539 1.3735
0.0058121 10.473 1.586
0.0058549 10.164 1.0412
0.0058981 15.897 2.2543
0.0059416 12.87 1.757
0.0059853 11.978 1.2817
0.0060294 13.345 2.5304
0.0060739 12.172 0.94787
0.0061186 9.2843 1.4932
0.0061637 8.5716 1.0144
0.0062091 10.369 1.052
0.0062549 9.325 1.339
0.006301 4.2575 1.4346
0.0063474 7.0117 0.91828
0.0063942 9.5325 1.5122
0.0064413 6.1686 1.7242
0.0064888 9.0444 2.0844
0.0065366 9.3759 0.83234
0.0065847 10.315 0.90872
0.0066333 8.8209 0.87811
0.0066821 8.9787 1.11
0.0067314 9.5223 1.3526
0.006781 5.3201 1.0122
0.006831 8.802 1.4544
0.0068813 6.4065 0.87852
0.006932 8.0166 1.0495
0.0069831 7.3015 1.5289
0.0070345 8.704 1.093
0.0070864 7.2493 0.66024
0.0071386 7.0934 0.78733
0.0071912 8.5756 1.6565
0.0072442 7.9701 0.97856
0.0072976 7.1853 0.8763
0.0073513 5.6965 0.67628
0.0074055 6.7635 0.90259
0.0074601 7.0324 1.1635
0.0075151 4.2575 1.4346
0.0075704 5.1725 0.74387
0.0076262 7.7427 0.7294
0.0076824 6.0429 0.72744
0.007739 7.1872 0.8763
0.0077961 6.4861 0.60593
0.0078535 6.7794 0.96612
0.0079114 6.4214 0.87851
0.0079697 5.3799 1.3145
0.0080284 6.6525 1.1316
0.0080876 5.6282 0.64557
0.0081471 5.5284 0.55977
0.0082072 5.6078 0.70098
0.0082677 5.3567 0.6072
0.0083286 5.3488 0.68462
0.00839 4.8967 0.88751
0.0084518 5.3792 0.7589
0.0085141 5.0343 0.61112
0.0085768 5.49 0.61483
0.00864 5.1302 0.99393
0.0087037 5.0841 0.66785
0.0087678 4.6277 0.51255
0.0088324 4.6941 0.50126
0.0088975 5.2258 0.70929
0.0089631 5.4949 0.61483
0.0090291 4.0708 0.62716
0.0090956 3.6999 0.57015
0.0091627 9.0478 2.0844
0.0092302 4.1318 0.4586
0.0092982 4.4234 0.42174
0.0093667 4.2639 0.50721
0.0094357 3.7793 0.95642
0.0095053 3.8277 0.44171
0.0095753 2.8273 0.55219
0.0096459 3.7861 0.49389
0.0097169 3.3055 0.51653
0.0097885 4.6014 0.45997
0.0098607 3.9619 0.48929
0.0099333 3.7863 0.63761
0.010007 3.4028 0.36294
0.01008 3.3617 0.4513
0.010155 3.9736 0.61983
0.010229 2.9059 0.48481
0.010305 3.3613 0.4513
0.010381 3.8961 0.4707
0.010457 3.0752 0.33915
0.010534 3.9979 0.41924
0.010612 3.0624 0.6096
0.01069 3.1828 0.43927
0.010769 2.8878 0.43245
0.010848 2.4635 0.33776
0.010928 4.0562 0.43207
0.011009 3.5565 0.37091
0.01109 3.7819 0.53053
0.011171 2.4631 0.33777
0.011254 1.9752 0.32755
0.011337 2.2847 0.39835
0.01142 2.8753 0.35585
0.011504 3.2208 0.32815
0.011589 2.6599 0.33526
0.011675 2.6245 0.36647
0.011761 2.3434 0.35644
0.011847 2.6508 0.48411
0.011935 2.4481 0.29185
0.012023 2.7625 0.28978
0.012111 2.1099 0.3208
0.0122 2.9161 0.36719
0.01229 2.6558 0.34231
0.012381 2.1507 0.29555
0.012472 2.3462 0.32241
0.012564 2.6768 0.31644
0.012657 2.3295 0.28995
0.01275 2.8282 0.30762
0.012844 2.3499 0.35644
0.012938 2.456 0.30334
0.013034 3.118 0.36252
0.01313 2.3718 0.22901
0.013227 2.0837 0.27439
0.013324 2.3752 0.36893
0.013422 2.2433 0.2796
0.013521 1.9172 0.30621
0.013621 2.0365 0.22303
0.013721 2.6748 0.28942
0.013822 2.2895 0.2988
0.013924 1.5267 0.20407
0.014027 2.1679 0.36361
0.01413 2.1636 0.24204
0.014234 2.6528 0.26035
0.014339 2.1268 0.23692
0.014445 1.5868 0.24026
0.014551 2.0388 0.34222
0.014658 2.164 0.20749
0.014766 2.2449 0.24638
0.014875 2.2386 0.26541
0.014985 2.0846 0.25628
0.015095 2.0291 0.23464
0.015206 1.8441 0.23026
0.015319 1.873 0.21124
0.015431 2.4617 0.23088
0.015545 2.3776 0.26087
0.01566 2.3615 0.29211
0.015775 1.8247 0.20865
0.015891 1.9447 0.19308
0.016008 1.902 0.24097
0.016126 1.6679 0.20756
0.016245 1.7578 0.22505
0.016365 1.7965 0.18226
0.016486 2.4282 0.24018
0.016607 1.737 0.18279
0.016729 1.9026 0.249
0.016853 1.8253 0.19726
0.016977 1.778 0.18471
0.017102 1.7475 0.19282
0.017228 1.4647 0.209
0.017355 1.9682 0.18214
0.017483 2.3081 0.21645
0.017612 1.6607 0.19011
0.017741 1.3054 0.16214
0.017872 2.0545 0.20653
0.018004 2.177 0.20841
0.018136 1.9592 0.173
0.01827 1.738 0.19684
0.018405 1.7425 0.21209
0.01854 1.8299 0.15564
0.018677 2.0129 0.20223
0.018815 1.7769 0.18301
0.018953 1.5139 0.16616
0.019093 1.6316 0.16335
0.019234 1.8099 0.16642
0.019375 1.6701 0.17738
0.019518 1.8897 0.19033
0.019662 2.0232 0.16232
0.019807 1.7226 0.16925
0.019953 1.5686 0.17392
0.0201 1.462 0.1455
0.020248 1.8021 0.15768
0.020397 1.5585 0.15733
0.020547 1.854 0.17837
0.020699 1.6588 0.15472
0.020851 1.6411 0.14274
0.021005 1.8223 0.17385
0.02116 1.6163 0.15279
0.021316 1.9186 0.15119
0.021473 1.7365 0.16303
0.021631 1.6699 0.15182
0.02179 1.6479 0.14881
0.021951 1.8051 0.1441
0.022113 1.953 0.16761
0.022276 1.5575 0.1478
0.02244 1.631 0.12857
0.022605 1.5621 0.15733
0.022772 1.7425 0.14428
0.02294 1.5079 0.12691
0.023109 2.1343 0.15843
0.023279 1.7543 0.16253
0.02345 1.8026 0.13484
0.023623 1.95 0.14245
0.023797 1.871 0.16167
0.023973 1.8971 0.13425
0.024149 1.8915 0.14419
0.024327 1.754 0.13745
0.024507 2.0262 0.14753
0.024687 1.9605 0.13379
0.024869 1.6227 0.1369
0.025052 1.7545 0.12673
0.025237 1.8498 0.14102
0.025423 1.9104 0.13949
0.02561 1.9797 0.13273
0.025799 2.0288 0.13548
0.025989 1.7024 0.13936
0.026181 2.0953 0.13109
0.026373 1.9398 0.13192
0.026568 1.896 0.13231
0.026764 2.0518 0.1308
0.026961 1.7748 0.12571
0.027159 2.0949 0.13891
0.02736 2.154 0.12668
0.027561 2.1595 0.14375
0.027764 2.21 0.12635
0.027969 2.1277 0.13437
0.028175 1.9543 0.12414
0.028383 2.3432 0.13737
0.028592 2.286 0.13301
0.028802 2.3429 0.13305
0.029015 2.2892 0.12582
0.029228 2.1755 0.13189
0.029444 2.278 0.1246
0.029661 2.2392 0.12486
0.029879 2.2888 0.13199
0.0301 2.4364 0.12491
0.030321 2.6304 0.14478
0.030545 2.2831 0.1172
0.03077 2.4067 0.1276
0.030997 2.3476 0.12874
0.031225 2.67 0.12353
0.031455 2.5231 0.1329
0.031687 2.3739 0.11695
0.03192 2.6483 0.13099
0.032156 2.5592 0.12468
0.032393 2.6369 0.12276
0.032631 2.4532 0.12288
0.032872 2.6066 0.12069
0.033114 2.4386 0.11888
0.033358 2.7646 0.12605
0.033604 2.4895 0.11634
0.033851 2.6319 0.11698
0.034101 2.7411 0.13065
0.034352 3.0434 0.11943
0.034605 2.9602 0.12884
0.03486 2.8773 0.1206
0.035117 2.9253 0.12033
0.035376 3.0284 0.12307
0.035637 3.106 0.12622
0.035899 2.8267 0.11543
0.036164 3.0793 0.11983
0.03643 3.2887 0.12953
0.036699 3.0613 0.11386
0.036969 3.0682 0.12019
0.037241 3.5726 0.12741
0.037516 2.9133 0.11604
0.037792 3.4711 0.12065
0.038071 3.1637 0.11624
0.038351 3.4753 0.12513
0.038634 3.2608 0.1131
0.038919 3.3182 0.1177
0.039205 3.0764 0.11153
0.039494 3.447 0.12125
0.039785 3.2531 0.10827
0.040079 3.2211 0.1136
0.040374 3.1701 0.10831
0.040671 3.1954 0.11384
0.040971 3.4326 0.11115
0.041273 3.3069 0.10996
0.041577 3.4651 0.11086
0.041883 3.2172 0.10807
0.042192 3.4207 0.11203
0.042503 3.3327 0.10462
0.042816 3.281 0.10582
0.043132 3.4008 0.10515
0.04345 3.2339 0.10506
0.04377 3.32 0.10493
0.044092 3.2529 0.1022
0.044417 3.3615 0.10351
0.044744 3.2409 0.098157
0.045074 3.195 0.099633
0.045406 3.3588 0.10116
0.045741 3.0546 0.095784
0.046078 2.8764 0.092705
0.046417 2.8263 0.090525
0.04676 2.9746 0.093932
0.047104 3.0911 0.092422
0.047451 2.8835 0.088046
0.047801 2.7133 0.086188
0.048153 2.7598 0.086663
0.048508 2.6272 0.082301
0.048865 2.5342 0.081735
0.049225 2.4735 0.080555
0.049588 2.5362 0.07974
0.049954 2.4706 0.078831
0.050322 2.4285 0.079281
0.050693 2.3837 0.07506
0.051066 2.3623 0.075742
0.051442 2.4412 0.076031
0.051821 2.1025 0.070057
0.052203 2.183 0.071196
0.052588 2.1715 0.069936
0.052975 2.1278 0.069415
0.053366 1.9628 0.065821
0.053759 1.9877 0.065853
0.054155 1.9957 0.065604
0.054554 1.8644 0.061593
0.054956 1.7926 0.061258
0.055361 1.8186 0.060851
0.055769 1.8424 0.061877
0.05618 1.8217 0.060098
0.056594 1.7461 0.058508
0.057011 1.6427 0.056294
0.057431 1.622 0.05639
0.057854 1.5029 0.053137
0.058281 1.6208 0.05544
0.05871 1.6525 0.054721
0.059143 1.6291 0.054278
0.059579 1.6666 0.054583
0.060018 1.7395 0.054878
0.06046 1.7459 0.054847
0.060905 1.7031 0.053697
0.061354 1.7375 0.054341
0.061806 1.9017 0.055982
0.062262 1.7951 0.054103
0.062721 1.9562 0.055554
0.063183 2.0051 0.056782
0.063648 2.0504 0.056424
0.064117 2.1279 0.056309
0.06459 2.0244 0.055109
0.065066 2.1188 0.055977
0.065545 2.3476 0.058922
0.066028 2.2883 0.05791
0.066515 2.373 0.057226
0.067005 2.3622 0.057626
0.067499 2.5181 0.059726
0.067996 2.7606 0.060864
0.068497 2.6825 0.059125
0.069002 2.8004 0.061378
0.06951 2.8568 0.060459
0.070023 2.9416 0.060861
0.070539 2.9728 0.061657
0.071058 2.9955 0.060387
0.071582 3.2005 0.061966
0.072109 3.201 0.062439
0.072641 3.0875 0.060324
0.073176 3.1118 0.060302
0.073715 3.2879 0.061484
0.074258 3.2498 0.060104
0.074806 3.4416 0.062302
0.075357 3.3546 0.060777
0.075912 3.4651 0.061345
0.076472 3.4666 0.060115
0.077035 3.7251 0.062979
0.077603 4.0949 0.065143
0.078175 4.3601 0.066421
0.078751 4.8911 0.070057
0.079331 5.5673 0.074204
0.079916 5.9555 0.076297
0.080504 6.3794 0.078823
0.081098 6.8822 0.079365
0.081695 7.2124 0.083284
0.082297 7.6905 0.082551
0.082904 7.8466 0.084631
0.083515 8.2159 0.084305
0.08413 8.1499 0.08477
0.08475 8.4695 0.086096
0.085374 8.4645 0.08462
0.086004 8.3263 0.084483
0.086637 8.4096 0.082344
0.087276 8.4238 0.081862
0.087919 8.3187 0.082246
0.088567 8.342 0.081301
0.089219 8.3815 0.081058
0.089877 8.3136 0.079572
0.090539 8.145 0.078151
0.091206 8.3805 0.078652
0.091878 8.3868 0.078894
0.092555 8.7556 0.079932
0.093237 9.2914 0.08069
0.093924 9.8577 0.082625
0.094616 10.154 0.084432
0.095314 9.871 0.081657
0.096016 9.5387 0.079777
0.096724 9.0106 0.077926
0.097436 8.2887 0.074031
0.098154 7.3656 0.0679
0.098878 6.5797 0.064768
0.099606 5.5807 0.05949
0.10034 4.6843 0.053207
0.10108 3.9332 0.049153
0.10182 3.2303 0.044097
0.10257 2.8126 0.040623
0.10333 2.4659 0.038334
0.10409 2.1035 0.03457
0.10486 1.8793 0.032964
0.10563 1.6488 0.030481
0.10641 1.4735 0.028725
0.10719 1.358 0.027599
0.10798 1.2766 0.026115
0.10878 1.1861 0.025572
0.10958 1.1281 0.024268
0.11039 1.0749 0.023968
0.1112 1.0036 0.022618
0.11202 0.97709 0.022656
0.11285 0.97342 0.021934
0.11368 0.94339 0.021811
0.11452 0.93927 0.021195
0.11536 0.88688 0.020887
0.11621 0.8837 0.020508
0.11707 0.84931 0.020007
0.11793 0.81361 0.019489
0.1188 0.806 0.019132
0.11967 0.78087 0.018974
0.12056 0.75239 0.018225
0.12144 0.78601 0.01852
0.12234 0.73875 0.01811
0.12324 0.769 0.017976
0.12415 0.73834 0.01763
0.12506 0.71102 0.017419
0.12598 0.76582 0.017533
0.12691 0.73581 0.017246
0.12785 0.69327 0.016653
0.12879 0.73416 0.017045
0.12974 0.74483 0.016896
0.1307 0.69412 0.016253
0.13166 0.69319 0.016204
0.13263 0.70719 0.016227
0.13361 0.70778 0.016032
0.13459 0.70122 0.015886
0.13558 0.70235 0.015714
0.13658 0.6921 0.015692
0.13759 0.69009 0.015378
0.1386 0.68546 0.015259
0.13962 0.70722 0.015406
0.14065 0.70121 0.015152
0.14169 0.71765 0.015242
0.14273 0.67107 0.014708
0.14378 0.71619 0.014979
0.14484 0.69953 0.014748
0.14591 0.67212 0.01435
0.14699 0.68223 0.014417
0.14807 0.68237 0.014262
0.14916 0.68197 0.014142
0.15026 0.67936 0.013986
0.15137 0.64861 0.013642
0.15248 0.64821 0.013479
0.15361 0.6652 0.013594
0.15474 0.68936 0.013691
0.15588 0.67805 0.013524
0.15703 0.68159 0.013423
0.15818 0.70487 0.013548
0.15935 0.7284 0.013672
0.16052 0.75885 0.013785
0.16171 0.77142 0.013829
0.1629 0.77616 0.013789
0.1641 0.81195 0.013966
0.16531 0.81182 0.013896
0.16653 0.83244 0.013909
0.16775 0.79973 0.013558
0.16899 0.80863 0.013528
0.17023 0.79873 0.013386
0.17149 0.79343 0.013225
0.17275 0.78705 0.013045
0.17403 0.75717 0.012754
0.17531 0.73584 0.01251
0.1766 0.71745 0.012196
0.1779 0.68586 0.011912
0.17921 0.71066 0.011977
0.18053 0.71597 0.011987
0.18186 0.69152 0.011665
0.1832 0.67599 0.011476
0.18455 0.67092 0.011357
0.18591 0.63789 0.010999
0.18728 0.65684 0.011048
0.18866 0.64451 0.010936
0.19005 0.63386 0.010671
0.19145 0.61428 0.010539
0.19286 0.5871 0.010181
0.19429 0.58631 0.010115
0.19572 0.53631 0.0096587
