#
0.0050184 18.023 1.7976
0.0050554 23.661 2.302
0.0050926 18.292 2.0247
0.0051301 17.852 1.7887
0.0051679 19.038 1.6864
0.005206 20.09 2.9997
0.0052444 21.421 4.3814
0.005283 NaN NaN
0.005322 19.05 2.3849
0.0053612 18.062 2.0123
0.0054007 16.659 1.5775
0.0054405 22.233 1.4113
0.0054806 20.827 1.7637
0.005521 22.765 1.8438
0.0055616 17.482 1.7707
0.0056026 16.598 1.725
0.0056439 18.598 1.6665
0.0056855 17.251 2.2704
0.0057274 14.707 2.5688
0.0057696 11.816 1.6277
0.0058121 14.266 1.7887
0.0058549 12.585 1.1199
0.0058981 20.232 2.4583
0.0059416 16.283 1.9103
0.0059853 16.695 1.4623
0.0060294 16.504 2.7201
0.0060739 15.235 1.025
0.0061186 13.377 1.7319
0.0061637 12.04 1.1618
0.0062091 13.969 1.18
0.0062549 13.013 1.5283
0.006301 7.5587 1.8438
0.0063474 13.823 1.2449
0.0063942 12.492 1.6732
0.0064413 17.842 2.8282
0.0064888 16.507 2.7201
0.0065366 11.038 0.87293
0.0065847 12.553 0.96889
0.0066333 10.85 0.94118
0.0066821 10.185 1.1428
0.0067314 9.7989 1.3265
0.006781 8.1946 1.2132
0.006831 10.243 1.5165
0.0068813 9.5683 1.0367
0.006932 7.8799 1.006
0.0069831 11.3 1.8377
0.0070345 8.2671 1.0301
0.0070864 8.6236 0.69592
0.0071386 9.1537 0.86429
0.0071912 8.3174 1.5775
0.0072442 9.5772 1.0367
0.0072976 7.4148 0.8606
0.0073513 6.8175 0.71487
0.0074055 7.8898 0.942
0.0074601 9.0803 1.2774
0.0075151 4.4285 1.4141
0.0075704 9.6068 0.97871
0.0076262 7.5598 0.69688
0.0076824 7.1143 0.76271
0.007739 6.1247 0.78247
0.0077961 6.5914 0.59054
0.0078535 8.0006 1.0141
0.0079114 7.2345 0.90132
0.0079697 8.3102 1.5775
0.0080284 5.1477 0.96326
0.0080876 5.1943 0.59976
0.0081471 6.9058 0.60444
0.0082072 6.3823 0.72266
0.0082677 5.5202 0.59586
0.0083286 7.5223 0.78408
0.00839 6.964 1.0219
0.0084518 5.6264 0.75025
0.0085141 6.4964 0.67055
0.0085768 4.6867 0.54955
0.00864 4.7974 0.92945
0.0087037 5.486 0.67047
0.0087678 6.1688 0.57149
0.0088324 5.4827 0.52348
0.0088975 4.529 0.6387
0.0089631 4.9468 0.5642
0.0090291 4.6117 0.64494
0.0090956 4.5981 0.61385
0.0091627 5.7777 1.6123
0.0092302 5.7466 0.52205
0.0092982 4.5463 0.41329
0.0093667 4.8817 0.52437
0.0094357 5.0993 1.0723
0.0095053 4.1443 0.44408
0.0095753 4.7307 0.68848
0.0096459 4.1964 0.50241
0.0097169 5.2524 0.62801
0.0097885 5.0269 0.46459
0.0098607 4.9906 0.53029
0.0099333 3.2425 0.57086
0.010007 4.148 0.38696
0.01008 3.8703 0.46768
0.010155 4.163 0.61315
0.010229 3.4627 0.51096
0.010305 4.5407 0.50618
0.010381 3.696 0.4433
0.010457 3.5637 0.35249
0.010534 3.8198 0.39624
0.010612 2.6402 0.54769
0.01069 3.5353 0.44719
0.010769 3.8333 0.48071
0.010848 4.3479 0.43223
0.010928 3.1542 0.36883
0.011009 3.1469 0.3375
0.01109 2.5734 0.4241
0.011171 3.1551 0.36883
0.011254 2.7911 0.37513
0.011337 2.8392 0.42855
0.01142 3.0546 0.35441
0.011504 3.3511 0.32346
0.011589 2.8373 0.33451
0.011675 3.4428 0.40493
0.011761 3.0858 0.39438
0.011847 2.8041 0.48102
0.011935 2.8962 0.30638
0.012023 2.6672 0.27527
0.012111 2.2861 0.32248
0.0122 3.0676 0.36388
0.01229 2.5648 0.32523
0.012381 2.1602 0.28625
0.012472 3.1697 0.36134
0.012564 2.6751 0.30575
0.012657 2.4433 0.28687
0.01275 2.2438 0.2653
0.012844 2.2471 0.337
0.012938 2.7438 0.30959
0.013034 2.2936 0.30121
0.01313 2.096 0.20829
0.013227 2.2467 0.27516
0.013324 1.9581 0.32432
0.013422 3.088 0.31621
0.013521 2.0164 0.3033
0.013621 2.4857 0.23769
0.013721 2.0685 0.24651
0.013822 1.8547 0.26045
0.013924 2.2475 0.2383
0.014027 1.9714 0.3354
0.01413 2.4953 0.25091
0.014234 2.3159 0.23537
0.014339 2.3998 0.24293
0.014445 1.9807 0.25872
0.014551 2.0118 0.32856
0.014658 2.1697 0.20078
0.014766 1.9999 0.22497
0.014875 1.8625 0.23439
0.014985 2.1513 0.25152
0.015095 1.7733 0.21227
0.015206 1.6982 0.21371
0.015319 2.1223 0.21705
0.015431 1.8051 0.19167
0.015545 1.4605 0.19861
0.01566 1.3802 0.21722
0.015775 1.7063 0.19512
0.015891 1.7133 0.17537
0.016008 1.7507 0.2236
0.016126 1.7009 0.20247
0.016245 1.8016 0.22009
0.016365 2.0681 0.18867
0.016486 1.6381 0.19142
0.016607 1.5893 0.16912
0.016729 1.3618 0.20439
0.016853 1.6875 0.18343
0.016977 1.5224 0.16545
0.017102 1.4203 0.16839
0.017228 1.5594 0.20818
0.017355 1.748 0.16609
0.017483 2.1211 0.20069
0.017612 1.7318 0.18751
0.017741 1.531 0.16927
0.017872 1.5787 0.17545
0.018004 1.9993 0.19317
0.018136 1.7482 0.15811
0.01827 1.483 0.17604
0.018405 1.959 0.217
0.01854 1.687 0.14454
0.018677 1.6774 0.17873
0.018815 1.4896 0.16227
0.018953 1.5316 0.16144
0.019093 1.5556 0.1542
0.019234 1.4689 0.14524
0.019375 1.2694 0.14995
0.019518 1.504 0.16452
0.019662 1.6773 0.14311
0.019807 1.6715 0.16115
0.019953 1.7299 0.17625
0.0201 1.5513 0.14469
0.020248 1.4081 0.13509
0.020397 1.2987 0.13912
0.020547 1.3101 0.14552
0.020699 1.4065 0.13795
0.020851 1.5459 0.13396
0.021005 1.2796 0.1414
0.02116 1.3142 0.13349
0.021316 1.7723 0.14053
0.021473 1.2885 0.13622
0.021631 1.234 0.1266
0.02179 1.5655 0.14023
0.021951 1.5196 0.12801
0.022113 1.3002 0.13284
0.022276 1.482 0.13939
0.02244 1.516 0.11987
0.022605 1.5617 0.15199
0.022772 1.5967 0.13359
0.02294 1.6434 0.12787
0.023109 1.457 0.12705
0.023279 1.6405 0.15199
0.02345 1.7133 0.1271
0.023623 1.6237 0.12587
0.023797 1.5196 0.14113
0.023973 1.609 0.1197
0.024149 1.8291 0.13706
0.024327 1.5616 0.12549
0.024507 1.7768 0.13369
0.024687 1.6912 0.12027
0.024869 1.4017 0.12317
0.025052 1.624 0.11792
0.025237 1.779 0.13369
0.025423 1.4324 0.11711
0.02561 1.4854 0.11149
0.025799 1.6985 0.12002
0.025989 1.696 0.1344
0.026181 1.5986 0.11098
0.026373 1.8304 0.12391
0.026568 1.3764 0.10937
0.026764 1.6894 0.11493
0.026961 1.6191 0.11614
0.027159 1.6383 0.11903
0.02736 1.8163 0.11261
0.027561 1.7388 0.12494
0.027764 1.7553 0.10907
0.027969 2.1141 0.12945
0.028175 2.0511 0.12284
0.028383 2.0729 0.12501
0.028592 1.9319 0.11836
0.028802 1.8096 0.1133
0.029015 2.1914 0.11902
0.029228 1.8804 0.11867
0.029444 2.1114 0.11601
0.029661 2.0237 0.11482
0.029879 2.0984 0.12224
0.0301 2.2254 0.11546
0.030321 2.0932 0.12507
0.030545 2.2399 0.11221
0.03077 2.0207 0.11318
0.030997 2.1693 0.11969
0.031225 2.339 0.11186
0.031455 2.1342 0.1183
0.031687 2.3734 0.11302
0.03192 2.232 0.11639
0.032156 2.2702 0.11361
0.032393 2.408 0.11346
0.032631 2.311 0.11533
0.032872 2.3758 0.11145
0.033114 2.1313 0.10754
0.033358 2.3682 0.1129
0.033604 2.338 0.10902
0.033851 2.3799 0.1076
0.034101 2.8098 0.12782
0.034352 2.3318 0.10125
0.034605 2.6596 0.11813
0.03486 2.5649 0.11015
0.035117 2.8131 0.11409
0.035376 2.4954 0.10813
0.035637 2.9945 0.11982
0.035899 2.4479 0.10394
0.036164 2.8753 0.11197
0.03643 2.4445 0.10818
0.036699 2.7064 0.10356
0.036969 2.5435 0.10592
0.037241 3.2778 0.11803
0.037516 2.3708 0.10134
0.037792 3.1762 0.11162
0.038071 2.8482 0.10668
0.038351 3.2124 0.11634
0.038634 2.8972 0.10313
0.038919 3.1223 0.11041
0.039205 2.8544 0.10389
0.039494 3.0106 0.10963
0.039785 2.9423 0.099591
0.040079 2.9197 0.10461
0.040374 2.8995 0.10018
0.040671 3.0555 0.10763
0.040971 3.1002 0.10217
0.041273 2.7548 0.09713
0.041577 3.1944 0.10294
0.041883 2.8276 0.098019
0.042192 3.3005 0.10639
0.042503 2.974 0.0956
0.042816 3.2004 0.10104
0.043132 3.1382 0.097683
0.04345 2.8572 0.095536
0.04377 3.4048 0.1027
0.044092 2.7665 0.091199
0.044417 3.1699 0.097192
0.044744 3.1706 0.093858
0.045074 3.0164 0.093609
0.045406 3.0791 0.093677
0.045741 2.8149 0.088925
0.046078 3.1522 0.093744
0.046417 2.99 0.089961
0.04676 2.6284 0.08542
0.047104 2.9313 0.087025
0.047451 2.7014 0.082409
0.047801 2.7515 0.083878
0.048153 2.7336 0.083371
0.048508 2.5825 0.078877
0.048865 2.668 0.081023
0.049225 2.7254 0.081662
0.049588 2.4524 0.075805
0.049954 2.5576 0.077498
0.050322 2.5136 0.077934
0.050693 2.4006 0.072796
0.051066 2.3228 0.072598
0.051442 2.2981 0.071332
0.051821 2.3941 0.072165
0.052203 2.2714 0.07016
0.052588 2.2951 0.069451
0.052975 2.3094 0.069835
0.053366 2.2353 0.067794
0.053759 2.1962 0.066829
0.054155 2.1229 0.06535
0.054554 2.1694 0.064106
0.054956 2.0433 0.063111
0.055361 2.0967 0.063046
0.055769 2.0667 0.063254
0.05618 2.0947 0.062183
0.056594 1.9638 0.059881
0.057011 2.1003 0.061341
0.057431 2.0292 0.060793
0.057854 1.8851 0.057342
0.058281 1.9388 0.058468
0.05871 2.0784 0.059148
0.059143 2.1248 0.059725
0.059579 2.0669 0.058598
0.060018 2.025 0.057124
0.06046 2.0918 0.0579
0.060905 2.0423 0.056711
0.061354 2.1086 0.057726
0.061806 2.0826 0.056558
0.062262 2.1476 0.057076
0.062721 2.2521 0.057523
0.063183 2.212 0.057578
0.063648 2.3655 0.058492
0.064117 2.2398 0.055804
0.06459 2.3796 0.057658
0.065066 2.3541 0.056969
0.065545 2.5985 0.059862
0.066028 2.4816 0.058244
0.066515 2.5485 0.057282
0.067005 2.6879 0.059348
0.067499 2.6869 0.059597
0.067996 2.9387 0.060669
0.068497 2.9427 0.059813
0.069002 3.1429 0.0628
0.06951 3.3317 0.063044
0.070023 3.4633 0.063765
0.070539 4.0201 0.069183
0.071058 4.2775 0.069615
0.071582 4.8079 0.073264
0.072109 5.6237 0.079787
0.072641 6.1554 0.082069
0.073176 7.22 0.088466
0.073715 8.1578 0.09328
0.074258 9.4811 0.098841
0.074806 10.421 0.10439
0.075357 11.499 0.10832
0.075912 12.393 0.11168
0.076472 13.003 0.11208
0.077035 13.548 0.11565
0.077603 13.343 0.1133
0.078175 13.133 0.1111
0.078751 12.911 0.10976
0.079331 12.337 0.10658
0.079916 12.163 0.10524
0.080504 12.059 0.10462
0.081098 11.978 0.10111
0.081695 12.463 0.10573
0.082297 12.844 0.10304
0.082904 12.98 0.10514
0.083515 12.745 0.10143
0.08413 12.356 0.10083
0.08475 12.168 0.099703
0.085374 11.97 0.097226
0.086004 11.441 0.09569
0.086637 10.961 0.090845
0.087276 10.181 0.086979
0.087919 9.7211 0.085932
0.088567 9.1463 0.082292
0.089219 8.5497 0.079151
0.089877 8.2497 0.076641
0.090539 7.9068 0.074454
0.091206 7.3834 0.071401
0.091878 6.784 0.068642
0.092555 6.3385 0.065813
0.093237 6.0498 0.063024
0.093924 5.694 0.060805
0.094616 5.5962 0.0607
0.095314 5.3824 0.058397
0.096016 5.1489 0.056771
0.096724 4.9937 0.056189
0.097436 4.6203 0.053541
0.098154 4.3822 0.050729
0.098878 4.0812 0.049406
0.099606 3.7174 0.047024
0.10034 3.5177 0.044636
0.10108 3.2432 0.043193
0.10182 3.0302 0.0413
0.10257 2.9637 0.040291
0.10333 2.7141 0.038841
0.10409 2.5712 0.036874
0.10486 2.4956 0.036613
0.10563 2.3739 0.035215
0.10641 2.3175 0.034641
0.10719 2.3056 0.034543
0.10798 2.222 0.033072
0.10878 2.2231 0.033563
0.10958 2.1508 0.032107
0.11039 2.0742 0.031885
0.1112 2.0896 0.031209
0.11202 1.974 0.030798
0.11285 1.9435 0.029643
0.11368 1.8521 0.029226
0.11452 1.871 0.028603
0.11536 1.803 0.028448
0.11621 1.7898 0.027879
0.11707 1.7645 0.027527
0.11793 1.7851 0.027523
0.1188 1.6972 0.026473
0.11967 1.7268 0.026883
0.12056 1.7027 0.026099
0.12144 1.7371 0.026235
0.12234 1.7613 0.026598
0.12324 1.779 0.026031
0.12415 1.7056 0.025495
0.12506 1.7358 0.025865
0.12598 1.7107 0.024957
0.12691 1.7512 0.025308
0.12785 1.6935 0.02472
0.12879 1.6791 0.024522
0.12974 1.6448 0.023909
0.1307 1.6234 0.023624
0.13166 1.6231 0.023563
0.13263 1.6498 0.023565
0.13361 1.6359 0.023179
0.13459 1.6275 0.023011
0.13558 1.6408 0.022836
0.13658 1.695 0.023329
0.13759 1.6697 0.022729
0.1386 1.6911 0.022763
0.13962 1.7162 0.02281
0.14065 1.6922 0.022372
0.14169 1.7825 0.022827
0.14273 1.7876 0.022773
0.14378 1.7233 0.022091
0.14484 1.7494 0.022154
0.14591 1.7545 0.021997
0.14699 1.7935 0.022182
0.14807 1.755 0.021711
0.14916 1.7688 0.021616
0.15026 1.761 0.021376
0.15137 1.7177 0.02105
0.15248 1.705 0.020732
0.15361 1.6772 0.020492
0.15474 1.6556 0.020159
0.15588 1.625 0.019891
0.15703 1.5766 0.019405
0.15818 1.585 0.019328
0.15935 1.5716 0.019125
0.16052 1.5272 0.018649
0.16171 1.4997 0.018397
0.1629 1.46 0.018056
0.1641 1.4279 0.017706
0.16531 1.3595 0.017203
0.16653 1.2925 0.016602
0.16775 1.2824 0.01643
0.16899 1.2333 0.016002
0.17023 1.194 0.01568
0.17149 1.1786 0.015443
0.17275 1.1284 0.014974
0.17403 1.0891 0.014658
0.17531 1.0461 0.014293
0.1766 1.0161 0.013905
0.1779 0.9856 0.013672
0.17921 0.93832 0.013202
0.18053 0.89115 0.012844
0.18186 0.85454 0.012453
0.1832 0.83288 0.012233
0.18455 0.81772 0.012042
0.18591 0.7745 0.011637
0.18728 0.74833 0.011343
0.18866 0.7306 0.0112
0.19005 0.69763 0.010776
0.19145 0.67188 0.01061
0.19286 0.6335 0.010182
0.19429 0.62296 0.010043
0.19572 0.60725 0.0098756
