#
0.0050184 25.371 2.3305
0.0050554 22.118 2.4329
0.0050926 22.382 2.4476
0.0051301 29.227 2.5006
0.0051679 19.89 1.8841
0.005206 21.859 3.4199
0.0052444 20.244 4.6562
0.005283 NaN NaN
0.005322 32.01 3.3779
0.0053612 22.107 2.4329
0.0054007 23.636 2.0532
0.0054405 26.127 1.672
0.0054806 20.069 1.8925
0.005521 27.724 2.2236
0.0055616 18.744 2.0041
0.0056026 24.739 2.301
0.0056439 22.392 1.9984
0.0056855 20.96 2.735
0.0057274 20.771 3.3355
0.0057696 19.721 2.2973
0.0058121 19.709 2.2973
0.0058549 22.509 1.636
0.0058981 18.824 2.5922
0.0059416 16.778 2.1197
0.0059853 23.145 1.8814
0.0060294 17.041 3.0213
0.0060739 19.264 1.2596
0.0061186 15.177 2.0162
0.0061637 15.716 1.4505
0.0062091 16.329 1.3943
0.0062549 12.552 1.641
0.006301 16.505 2.9738
0.0063474 19.982 1.6353
0.0063942 13.317 1.8883
0.0064413 16.504 2.9738
0.0064888 20.784 3.3355
0.0065366 14.416 1.0901
0.0065847 15.082 1.1606
0.0066333 14.708 1.1972
0.0066821 16.285 1.5785
0.0067314 16.19 1.8625
0.006781 12.779 1.6549
0.006831 12.502 1.8308
0.0068813 12.897 1.3151
0.006932 12.921 1.4069
0.0069831 10.291 1.9175
0.0070345 14.605 1.4952
0.0070864 14.306 0.97894
0.0071386 12.778 1.1157
0.0071912 13.495 2.195
0.0072442 13.842 1.3617
0.0072976 11.942 1.1928
0.0073513 9.478 0.9208
0.0074055 11.96 1.2667
0.0074601 9.1363 1.4009
0.0075151 6.3575 1.8502
0.0075704 10.169 1.1007
0.0076262 9.7923 0.86661
0.0076824 9.8568 0.98076
0.007739 11.113 1.1507
0.0077961 8.1241 0.71644
0.0078535 8.9454 1.1722
0.0079114 7.9732 1.0343
0.0079697 6.721 1.5521
0.0080284 8.0711 1.317
0.0080876 8.0939 0.81758
0.0081471 7.9969 0.71091
0.0082072 7.8172 0.87399
0.0082677 8.043 0.78557
0.0083286 9.7614 0.97594
0.00839 7.2495 1.14
0.0084518 5.4146 0.805
0.0085141 9.4026 0.88118
0.0085768 7.6578 0.76682
0.00864 4.6617 1.0021
0.0087037 7.038 0.82971
0.0087678 8.4989 0.73279
0.0088324 8.0321 0.69208
0.0088975 5.7299 0.78498
0.0089631 6.9003 0.72787
0.0090291 6.0422 0.80649
0.0090956 6.0746 0.77079
0.0091627 5.8327 1.7714
0.0092302 5.9079 0.57884
0.0092982 6.4538 0.5378
0.0093667 5.2965 0.59715
0.0094357 4.7552 1.133
0.0095053 5.231 0.5451
0.0095753 4.3447 0.72197
0.0096459 4.9409 0.59583
0.0097169 5.0272 0.67208
0.0097885 5.1902 0.51625
0.0098607 4.9592 0.57819
0.0099333 3.7542 0.67142
0.010007 5.8089 0.50013
0.01008 3.8882 0.51283
0.010155 4.6517 0.70858
0.010229 4.6699 0.64807
0.010305 4.6222 0.55859
0.010381 6.0481 0.61887
0.010457 4.3386 0.42499
0.010534 4.5624 0.47326
0.010612 4.0881 0.74346
0.01069 3.8219 0.50846
0.010769 4.8633 0.59156
0.010848 3.9722 0.45212
0.010928 3.6148 0.43163
0.011009 3.9296 0.41206
0.01109 3.1558 0.51316
0.011171 3.6158 0.43163
0.011254 3.9271 0.48577
0.011337 3.62 0.52864
0.01142 4.1339 0.45029
0.011504 4.3709 0.40351
0.011589 3.7139 0.418
0.011675 4.3369 0.49654
0.011761 2.38 0.38001
0.011847 4.9029 0.69352
0.011935 3.4592 0.36593
0.012023 4.0202 0.36872
0.012111 3.2646 0.42057
0.0122 3.1552 0.40376
0.01229 3.7917 0.43158
0.012381 3.3813 0.39057
0.012472 2.6691 0.36336
0.012564 3.0308 0.35582
0.012657 2.8787 0.34035
0.01275 3.1588 0.34358
0.012844 3.2774 0.44411
0.012938 2.8252 0.34375
0.013034 2.7394 0.35976
0.01313 2.6733 0.25694
0.013227 3.2373 0.36045
0.013324 2.967 0.43535
0.013422 2.7726 0.32819
0.013521 3.2095 0.41716
0.013621 2.6484 0.26839
0.013721 2.1949 0.27782
0.013822 2.6426 0.33916
0.013924 2.625 0.28151
0.014027 2.221 0.38931
0.01413 2.5649 0.27836
0.014234 2.991 0.29214
0.014339 2.4043 0.26618
0.014445 2.8801 0.34035
0.014551 3.094 0.44433
0.014658 2.853 0.25142
0.014766 2.359 0.26706
0.014875 2.4313 0.2924
0.014985 2.3972 0.29036
0.015095 2.029 0.24827
0.015206 2.0911 0.25909
0.015319 2.0919 0.23594
0.015431 2.2747 0.23501
0.015545 1.7759 0.23928
0.01566 2.0836 0.29075
0.015775 2.2465 0.24442
0.015891 2.172 0.21566
0.016008 1.7905 0.24758
0.016126 1.9753 0.23854
0.016245 2.3717 0.2757
0.016365 2.2887 0.21709
0.016486 2.1129 0.23737
0.016607 2.2752 0.22068
0.016729 1.7333 0.25179
0.016853 2.1316 0.22516
0.016977 2.0697 0.21051
0.017102 1.9054 0.21284
0.017228 1.9273 0.25283
0.017355 1.9036 0.18963
0.017483 1.7323 0.19906
0.017612 2.2346 0.2326
0.017741 1.9158 0.20683
0.017872 2.0901 0.22037
0.018004 1.9737 0.21025
0.018136 1.821 0.17665
0.01827 1.8684 0.2158
0.018405 1.8338 0.23011
0.01854 2.1304 0.17739
0.018677 1.6919 0.19656
0.018815 2.3544 0.22221
0.018953 1.77 0.18975
0.019093 2.0894 0.19504
0.019234 2.155 0.19177
0.019375 2.0708 0.2085
0.019518 2.2991 0.22168
0.019662 2.0033 0.17092
0.019807 1.7791 0.18197
0.019953 1.6682 0.18968
0.0201 1.7743 0.1692
0.020248 1.757 0.16482
0.020397 1.9992 0.18796
0.020547 1.5273 0.17177
0.020699 1.7428 0.16774
0.020851 1.9952 0.16617
0.021005 1.3835 0.16094
0.02116 1.5068 0.15631
0.021316 1.8563 0.15742
0.021473 2.0897 0.18885
0.021631 1.8801 0.17023
0.02179 1.899 0.16877
0.021951 2.0161 0.16095
0.022113 1.9771 0.17843
0.022276 1.8769 0.17131
0.02244 1.7225 0.13974
0.022605 1.6413 0.17057
0.022772 1.9723 0.1622
0.02294 1.8119 0.14688
0.023109 1.9719 0.16127
0.023279 1.6471 0.1668
0.02345 2.1014 0.15379
0.023623 1.8598 0.14731
0.023797 2.0439 0.17863
0.023973 1.8077 0.13877
0.024149 1.9086 0.15325
0.024327 1.8886 0.1508
0.024507 2.2983 0.16602
0.024687 1.8902 0.13906
0.024869 1.6741 0.14711
0.025052 2.0195 0.14365
0.025237 1.9956 0.15486
0.025423 1.978 0.15013
0.02561 1.5701 0.12551
0.025799 2.088 0.14538
0.025989 2.0381 0.16101
0.026181 2.2236 0.14279
0.026373 1.7941 0.13438
0.026568 1.8657 0.13892
0.026764 1.9265 0.1342
0.026961 2.0212 0.14174
0.027159 1.8157 0.13708
0.02736 2.2509 0.13695
0.027561 2.2548 0.15535
0.027764 2.1202 0.13099
0.027969 2.3579 0.1495
0.028175 2.3551 0.14391
0.028383 2.1051 0.13791
0.028592 2.282 0.1406
0.028802 2.2027 0.13658
0.029015 2.3447 0.13469
0.029228 2.605 0.15243
0.029444 2.3276 0.13322
0.029661 2.7147 0.14519
0.029879 2.3894 0.14262
0.0301 2.7774 0.14092
0.030321 2.3775 0.14574
0.030545 2.6028 0.13222
0.03077 2.7029 0.1429
0.030997 2.2194 0.13251
0.031225 2.6931 0.13122
0.031455 2.503 0.14004
0.031687 2.6388 0.13032
0.03192 2.6089 0.13755
0.032156 2.4377 0.12878
0.032393 2.8761 0.13551
0.032631 2.6453 0.13489
0.032872 2.9543 0.13577
0.033114 2.6601 0.13125
0.033358 3.0056 0.13893
0.033604 2.7626 0.12953
0.033851 2.8368 0.12838
0.034101 2.9314 0.14283
0.034352 2.816 0.12159
0.034605 3.0284 0.13781
0.03486 2.8298 0.12652
0.035117 3.1474 0.13195
0.035376 2.9474 0.12844
0.035637 3.2996 0.13753
0.035899 3.1364 0.12851
0.036164 3.4393 0.13384
0.03643 3.0434 0.13187
0.036699 3.2232 0.12352
0.036969 3.2299 0.13038
0.037241 3.4034 0.13156
0.037516 2.9283 0.12305
0.037792 3.5207 0.1285
0.038071 3.4442 0.1282
0.038351 3.6679 0.1359
0.038634 3.1965 0.11846
0.038919 3.591 0.12943
0.039205 3.1778 0.11986
0.039494 3.6993 0.13279
0.039785 3.5222 0.11908
0.040079 3.4123 0.12361
0.040374 3.6875 0.12342
0.040671 3.6405 0.1284
0.040971 3.4843 0.11842
0.041273 3.4072 0.11802
0.041577 3.7097 0.12126
0.041883 3.3452 0.11652
0.042192 3.6628 0.12255
0.042503 3.6571 0.11584
0.042816 3.4388 0.11454
0.043132 3.5008 0.11281
0.04345 3.4991 0.11552
0.04377 3.43 0.11278
0.044092 3.2688 0.10835
0.044417 3.6279 0.11367
0.044744 3.4559 0.10715
0.045074 3.3288 0.10753
0.045406 3.4222 0.10799
0.045741 3.19 0.1035
0.046078 3.3178 0.1052
0.046417 3.3735 0.10447
0.04676 3.0871 0.10118
0.047104 3.145 0.098589
0.047451 3.0045 0.095033
0.047801 3.0666 0.096826
0.048153 2.9508 0.094737
0.048508 2.7388 0.088857
0.048865 2.8305 0.09129
0.049225 2.7857 0.09034
0.049588 2.673 0.086558
0.049954 2.5882 0.08532
0.050322 2.7806 0.089637
0.050693 2.5716 0.082419
0.051066 2.5239 0.082773
0.051442 2.5732 0.082539
0.051821 2.43 0.079571
0.052203 2.2983 0.077248
0.052588 2.2897 0.075938
0.052975 2.2947 0.076211
0.053366 2.238 0.074264
0.053759 2.1748 0.072813
0.054155 2.1818 0.07251
0.054554 2.0424 0.068145
0.054956 2.1414 0.070705
0.055361 1.9112 0.065975
0.055769 2.0782 0.069445
0.05618 1.84 0.063911
0.056594 1.8818 0.06422
0.057011 1.9376 0.064569
0.057431 1.8457 0.063558
0.057854 1.8396 0.062055
0.058281 1.8062 0.061852
0.05871 1.7727 0.05993
0.059143 1.6641 0.058046
0.059579 1.6843 0.058068
0.060018 1.6446 0.056513
0.06046 1.6871 0.057087
0.060905 1.6457 0.055889
0.061354 1.5832 0.054971
0.061806 1.7409 0.056747
0.062262 1.8574 0.058216
0.062721 1.8143 0.056669
0.063183 1.9091 0.058663
0.063648 2.0064 0.059073
0.064117 2.083 0.05896
0.06459 2.0001 0.057967
0.065066 2.2045 0.060388
0.065545 2.2052 0.060459
0.066028 1.995 0.057292
0.066515 2.1267 0.057381
0.067005 2.1356 0.058029
0.067499 2.1981 0.059112
0.067996 2.2523 0.058263
0.068497 2.2627 0.057535
0.069002 2.2974 0.058911
0.06951 2.3362 0.057935
0.070023 2.4053 0.058316
0.070539 2.5924 0.06097
0.071058 2.4701 0.058095
0.071582 2.6184 0.059373
0.072109 2.7294 0.061056
0.072641 2.8862 0.06172
0.073176 2.9129 0.06174
0.073715 2.9623 0.061772
0.074258 3.0047 0.061159
0.074806 3.141 0.062989
0.075357 3.2002 0.062803
0.075912 3.2279 0.06265
0.076472 3.3749 0.06274
0.077035 3.4246 0.063894
0.077603 3.6057 0.064691
0.078175 3.6678 0.064486
0.078751 3.8753 0.06602
0.079331 3.7857 0.064826
0.079916 4.1055 0.067095
0.080504 4.2484 0.068129
0.081098 4.2812 0.066314
0.081695 4.4423 0.069242
0.082297 4.5041 0.066935
0.082904 4.6416 0.068952
0.083515 4.4971 0.066095
0.08413 4.5528 0.067132
0.08475 4.5188 0.066644
0.085374 4.6726 0.066616
0.086004 4.7687 0.067729
0.086637 5.057 0.067629
0.087276 5.0259 0.066969
0.087919 4.9893 0.067462
0.088567 4.6452 0.064279
0.089219 4.5697 0.063419
0.089877 4.3215 0.060805
0.090539 4.1772 0.059328
0.091206 4.1382 0.05859
0.091878 4.0172 0.057894
0.092555 4.0383 0.057566
0.093237 4.1504 0.057185
0.093924 3.8379 0.054702
0.094616 3.6713 0.053884
0.095314 3.6685 0.052832
0.096016 3.4336 0.05082
0.096724 3.268 0.049838
0.097436 3.2486 0.04921
0.098154 3.7291 0.051234
0.098878 4.5031 0.056739
0.099606 5.2778 0.061184
0.10034 5.2266 0.059397
0.10108 4.5165 0.055658
0.10182 3.3385 0.047402
0.10257 2.2904 0.038848
0.10333 1.6869 0.033687
0.10409 1.3412 0.029388
0.10486 1.2085 0.028162
0.10563 1.1492 0.027093
0.10641 1.0807 0.026184
0.10719 0.99999 0.025221
0.10798 0.94977 0.023996
0.10878 0.88113 0.023492
0.10958 0.85067 0.022463
0.11039 0.85583 0.02277
0.1112 0.77397 0.02118
0.11202 0.80033 0.02183
0.11285 0.77328 0.020832
0.11368 0.72616 0.020414
0.11452 0.68832 0.019386
0.11536 0.68095 0.019539
0.11621 0.65149 0.018824
0.11707 0.63894 0.018545
0.11793 0.60165 0.01793
0.1188 0.59126 0.017541
0.11967 0.61845 0.01803
0.12056 0.59 0.017246
0.12144 0.60113 0.017314
0.12234 0.57918 0.017138
0.12324 0.56822 0.016544
0.12415 0.52653 0.015971
0.12506 0.53662 0.016204
0.12598 0.55602 0.016007
0.12691 0.52992 0.015694
0.12785 0.51529 0.015391
0.12879 0.52454 0.015458
0.12974 0.54478 0.015482
0.1307 0.55352 0.015512
0.13166 0.51693 0.014997
0.13263 0.52474 0.014979
0.13361 0.53263 0.014893
0.13459 0.53573 0.014863
0.13558 0.52707 0.01458
0.13658 0.49932 0.014303
0.13759 0.52367 0.014343
0.1386 0.51802 0.014209
0.13962 0.51654 0.014117
0.14065 0.53068 0.014113
0.14169 0.49711 0.013631
0.14273 0.52158 0.013876
0.14378 0.51144 0.013582
0.14484 0.48794 0.013236
0.14591 0.49868 0.013254
0.14699 0.50957 0.013354
0.14807 0.53113 0.013462
0.14916 0.52459 0.013277
0.15026 0.53615 0.013285
0.15137 0.50596 0.012897
0.15248 0.50224 0.012702
0.15361 0.51665 0.012821
0.15474 0.53333 0.012886
0.15588 0.49679 0.012415
0.15703 0.50059 0.012335
0.15818 0.49976 0.012245
0.15935 0.49231 0.012084
0.16052 0.52198 0.012274
0.16171 0.51108 0.012103
0.1629 0.53138 0.012247
0.1641 0.47973 0.011587
0.16531 0.49507 0.011696
0.16653 0.51591 0.011788
0.16775 0.5042 0.011591
0.16899 0.47492 0.011195
0.17023 0.48372 0.011235
0.17149 0.47776 0.011072
0.17275 0.51201 0.011315
0.17403 0.51117 0.011261
0.17531 0.4858 0.010938
0.1766 0.48294 0.010762
0.1779 0.46389 0.010543
0.17921 0.44524 0.010231
0.18053 0.41882 0.0099266
0.18186 0.41723 0.0098016
0.1832 0.41599 0.0097347
0.18455 0.39866 0.0094856
0.18591 0.38094 0.0092188
0.18728 0.39317 0.0092608
0.18866 0.37538 0.0090592
0.19005 0.35155 0.0086548
0.19145 0.35906 0.0087565
0.19286 0.35003 0.0085446
0.19429 0.30916 0.0080445
0.19572 0.29455 0.0078441
