#
0.0050184 8.4449 1.2517
0.0050554 5.2653 1.1064
0.0050926 5.0322 1.0821
0.0051301 5.8694 1.044
0.0051679 7.4935 1.0766
0.005206 8.2715 1.9575
0.0052444 2.7237 1.5983
0.005283 NaN NaN
0.005322 3.6603 1.0655
0.0053612 4.5636 1.0317
0.0054007 5.0386 0.8835
0.0054405 6.6983 0.78843
0.0054806 7.8011 1.0983
0.005521 5.9555 0.96047
0.0055616 6.7801 1.1226
0.0056026 3.4689 0.80447
0.0056439 5.963 0.96047
0.0056855 8.2635 1.5983
0.0057274 5.947 1.6636
0.0057696 4.3481 1.0056
0.0058121 4.5684 1.0317
0.0058549 3.4495 0.59786
0.0058981 4.88 1.2304
0.0059416 4.574 1.0317
0.0059853 8.1294 1.038
0.0060294 8.2619 1.9575
0.0060739 5.5684 0.63092
0.0061186 5.2669 1.1064
0.0061637 4.4639 0.72035
0.0062091 4.7754 0.70293
0.0062549 5.1216 0.97659
0.006301 1.8009 0.92282
0.0063474 4.689 0.73859
0.0063942 2.5073 0.76514
0.0064413 3.1835 1.2208
0.0064888 5.0354 1.5303
0.0065366 3.2967 0.48665
0.0065847 4.1855 0.5703
0.0066333 4.4003 0.61073
0.0066821 5.4993 0.85434
0.0067314 4.7583 0.94107
0.006781 1.442 0.52202
0.006831 3.1867 0.8632
0.0068813 3.2976 0.62118
0.006932 3.3846 0.6722
0.0069831 3.3538 1.0202
0.0070345 4.0479 0.73399
0.0070864 3.9955 0.48254
0.0071386 3.2369 0.5239
0.0071912 4.5831 1.1913
0.0072442 3.4221 0.6318
0.0072976 3.6518 0.6152
0.0073513 2.9586 0.48024
0.0074055 2.8346 0.57675
0.0074601 2.725 0.7148
0.0075151 0.87812 0.65256
0.0075704 3.0426 0.5616
0.0076262 3.5158 0.48437
0.0076824 3.3138 0.53057
0.007739 3.2434 0.58002
0.0077961 2.7842 0.39144
0.0078535 2.5864 0.58956
0.0079114 2.7352 0.5651
0.0079697 3.0377 0.97272
0.0080284 3.2812 0.78302
0.0080876 2.0942 0.3888
0.0081471 3.3257 0.42742
0.0082072 3.2296 0.5239
0.0082677 1.7409 0.34251
0.0083286 2.3086 0.44391
0.00839 2.4177 0.61521
0.0084518 2.0116 0.45855
0.0085141 2.3729 0.41391
0.0085768 2.9242 0.44217
0.00864 1.9969 0.61212
0.0087037 2.6404 0.47456
0.0087678 2.8908 0.39889
0.0088324 2.4785 0.35887
0.0088975 2.3661 0.47054
0.0089631 2.2039 0.38435
0.0090291 1.5285 0.38049
0.0090956 2.3954 0.45177
0.0091627 3.1931 1.2208
0.0092302 1.9953 0.31477
0.0092982 2.4992 0.31237
0.0093667 1.5187 0.2997
0.0094357 2.9544 0.83181
0.0095053 1.6534 0.28734
0.0095753 0.88237 0.30762
0.0096459 1.3153 0.28856
0.0097169 1.5745 0.35241
0.0097885 1.4516 0.25624
0.0098607 1.5734 0.3052
0.0099333 1.1925 0.3552
0.010007 1.4377 0.23346
0.01008 1.398 0.28839
0.010155 1.8961 0.42289
0.010229 0.72752 0.2432
0.010305 2.3204 0.36931
0.010381 2.4021 0.36414
0.010457 1.9024 0.26323
0.010534 1.089 0.21797
0.010612 1.5706 0.43161
0.01069 0.93699 0.23781
0.010769 1.0637 0.26102
0.010848 1.4541 0.25624
0.010928 1.5408 0.26366
0.011009 2.0289 0.27623
0.01109 1.9453 0.37562
0.011171 1.5417 0.26366
0.011254 1.2906 0.26142
0.011337 1.2816 0.29479
0.01142 1.7675 0.27506
0.011504 1.7712 0.24025
0.011589 1.1622 0.21977
0.011675 1.0753 0.23294
0.011761 1.4408 0.27609
0.011847 1.6349 0.37518
0.011935 1.0768 0.19218
0.012023 1.9445 0.23955
0.012111 1.4821 0.26506
0.0122 0.96799 0.21076
0.01229 1.6397 0.26529
0.012381 0.84473 0.18441
0.012472 1.0893 0.21797
0.012564 1.518 0.23544
0.012657 1.359 0.21885
0.01275 1.1696 0.19616
0.012844 1.0882 0.24047
0.012938 1.0919 0.20079
0.013034 1.203 0.2234
0.01313 1.1349 0.15695
0.013227 1.3953 0.22151
0.013324 1.6403 0.30224
0.013422 1.0439 0.18934
0.013521 0.69628 0.18458
0.013621 1.2728 0.17418
0.013721 1.5984 0.22077
0.013822 1.1755 0.21205
0.013924 0.93471 0.15802
0.014027 0.64982 0.19981
0.01413 1.5749 0.20347
0.014234 1.2482 0.1768
0.014339 0.97962 0.15971
0.014445 0.95003 0.18406
0.014551 1.1529 0.25462
0.014658 1.0898 0.14589
0.014766 1.1919 0.1776
0.014875 0.79058 0.15753
0.014985 0.90996 0.1684
0.015095 0.82997 0.14948
0.015206 1.0465 0.17167
0.015319 1.1544 0.16386
0.015431 1.1243 0.15483
0.015545 0.9913 0.16732
0.01566 0.74048 0.16393
0.015775 1.2429 0.16994
0.015891 1.0983 0.14363
0.016008 1.5756 0.21581
0.016126 1.0022 0.15925
0.016245 1.0718 0.1738
0.016365 0.77571 0.11938
0.016486 1.2851 0.17289
0.016607 0.93411 0.13297
0.016729 1.036 0.18199
0.016853 0.87848 0.13607
0.016977 1.227 0.15139
0.017102 1.0442 0.14743
0.017228 0.99376 0.17011
0.017355 1.0557 0.13217
0.017483 1.112 0.14893
0.017612 0.96662 0.14356
0.017741 1.0147 0.14094
0.017872 0.90239 0.13604
0.018004 0.97055 0.1384
0.018136 0.88098 0.11536
0.01827 1.0687 0.15269
0.018405 1.1227 0.16826
0.01854 1.0423 0.11632
0.018677 1.1732 0.1526
0.018815 0.61416 0.10796
0.018953 0.98215 0.13238
0.019093 1.0821 0.13142
0.019234 1.2704 0.13755
0.019375 0.79512 0.12167
0.019518 0.93662 0.13297
0.019662 0.98002 0.1121
0.019807 1.0051 0.12803
0.019953 0.77164 0.12139
0.0201 0.9899 0.11832
0.020248 1.0239 0.1177
0.020397 1.0721 0.12891
0.020547 1.0603 0.13351
0.020699 0.97624 0.11753
0.020851 1.268 0.12363
0.021005 1.0388 0.12993
0.02116 0.94882 0.11596
0.021316 1.1534 0.11587
0.021473 1.041 0.12488
0.021631 0.84433 0.10719
0.02179 1.1728 0.12387
0.021951 1.1879 0.11541
0.022113 1.1515 0.12731
0.022276 1.0545 0.12011
0.02244 1.1741 0.10764
0.022605 1.0309 0.1263
0.022772 0.94976 0.10558
0.02294 1.0236 0.10328
0.023109 1.0253 0.10894
0.023279 1.1957 0.13243
0.02345 1.3016 0.11297
0.023623 1.2335 0.11194
0.023797 1.4097 0.13827
0.023973 1.1316 0.10255
0.024149 1.2547 0.11593
0.024327 1.2259 0.11339
0.024507 1.164 0.11063
0.024687 1.262 0.10599
0.024869 1.1422 0.11336
0.025052 1.2789 0.10669
0.025237 1.5211 0.12585
0.025423 1.2665 0.11211
0.02561 1.3144 0.10679
0.025799 1.7866 0.125
0.025989 1.2778 0.11901
0.026181 1.4633 0.10802
0.026373 1.6515 0.11974
0.026568 1.2635 0.10663
0.026764 1.4513 0.10844
0.026961 1.5195 0.11442
0.027159 1.3074 0.10839
0.02736 1.4795 0.10354
0.027561 1.4593 0.11657
0.027764 1.2027 0.092226
0.027969 1.8283 0.1225
0.028175 1.3721 0.10259
0.028383 1.9482 0.12322
0.028592 1.4879 0.10589
0.028802 1.4379 0.10293
0.029015 1.6066 0.1039
0.029228 1.562 0.11014
0.029444 1.7526 0.10761
0.029661 1.91 0.11341
0.029879 1.7541 0.11377
0.0301 2.1079 0.11424
0.030321 1.9025 0.12127
0.030545 1.9294 0.10597
0.03077 1.976 0.11375
0.030997 1.7301 0.10887
0.031225 1.8922 0.10243
0.031455 1.9431 0.11481
0.031687 1.9793 0.10504
0.03192 2.0077 0.11227
0.032156 1.8175 0.1035
0.032393 2.2891 0.11244
0.032631 1.8997 0.10643
0.032872 2.3824 0.11339
0.033114 1.9134 0.10365
0.033358 2.6346 0.12088
0.033604 2.3453 0.11094
0.033851 2.1397 0.10376
0.034101 2.4081 0.12037
0.034352 2.174 0.099395
0.034605 2.5574 0.11773
0.03486 2.2282 0.10443
0.035117 2.7001 0.1136
0.035376 2.451 0.1089
0.035637 3.0457 0.12276
0.035899 2.248 0.10128
0.036164 3.1087 0.11823
0.03643 2.5077 0.1113
0.036699 2.9255 0.10934
0.036969 2.3242 0.10295
0.037241 3.3257 0.12078
0.037516 2.3715 0.10297
0.037792 3.2412 0.11455
0.038071 2.4996 0.10164
0.038351 3.0699 0.11558
0.038634 2.4512 0.096501
0.038919 3.3647 0.11639
0.039205 2.5106 0.099093
0.039494 3.2933 0.11643
0.039785 2.5898 0.09502
0.040079 2.9515 0.10685
0.040374 2.8473 0.10087
0.040671 2.8746 0.10611
0.040971 3.2673 0.10653
0.041273 2.4732 0.093583
0.041577 3.2824 0.106
0.041883 2.7101 0.097526
0.042192 3.2026 0.1065
0.042503 2.8026 0.094327
0.042816 3.0682 0.10053
0.043132 3.08 0.098332
0.04345 2.6133 0.092891
0.04377 3.1811 0.1009
0.044092 2.5946 0.089781
0.044417 2.8881 0.094314
0.044744 2.7589 0.089036
0.045074 2.6804 0.089728
0.045406 2.9331 0.092923
0.045741 2.4214 0.083896
0.046078 2.6333 0.087163
0.046417 2.7352 0.087474
0.04676 2.3902 0.082822
0.047104 2.6091 0.083487
0.047451 2.4268 0.079424
0.047801 2.3163 0.078302
0.048153 2.4379 0.080065
0.048508 2.2411 0.074743
0.048865 2.2551 0.075788
0.049225 2.4463 0.078674
0.049588 2.1711 0.072546
0.049954 1.9974 0.06974
0.050322 2.1959 0.074094
0.050693 1.9795 0.067285
0.051066 1.7821 0.064779
0.051442 2.0006 0.06771
0.051821 1.8033 0.063809
0.052203 1.7129 0.062083
0.052588 1.9758 0.065566
0.052975 1.7532 0.061997
0.053366 1.6146 0.05875
0.053759 1.5717 0.057654
0.054155 1.6443 0.058598
0.054554 1.6281 0.056604
0.054956 1.4969 0.055085
0.055361 1.4515 0.053528
0.055769 1.5308 0.055501
0.05618 1.4587 0.052951
0.056594 1.3838 0.051296
0.057011 1.5051 0.052966
0.057431 1.7658 0.057708
0.057854 1.9274 0.058902
0.058281 2.2018 0.06323
0.05871 2.8257 0.06989
0.059143 3.7154 0.079917
0.059579 4.653 0.088844
0.060018 6.0214 0.099431
0.06046 7.4339 0.11013
0.060905 9.0391 0.12031
0.061354 10.163 0.12778
0.061806 10.937 0.13062
0.062262 11.175 0.13126
0.062721 10.827 0.12721
0.063183 9.3377 0.11934
0.063648 7.903 0.10798
0.064117 5.933 0.09176
0.06459 4.12 0.07681
0.065066 2.9199 0.064356
0.065545 2.1292 0.055152
0.066028 1.6317 0.04819
0.066515 1.4815 0.044632
0.067005 1.2694 0.041789
0.067499 1.1907 0.040694
0.067996 1.1182 0.038446
0.068497 1.1082 0.03772
0.069002 1.1357 0.038785
0.06951 1.1545 0.038137
0.070023 1.1044 0.037044
0.070539 1.1412 0.037924
0.071058 1.0496 0.035535
0.071582 1.0131 0.034696
0.072109 1.0959 0.03631
0.072641 0.99574 0.034101
0.073176 1.0748 0.035229
0.073715 1.0357 0.034339
0.074258 1.0785 0.034424
0.074806 1.0991 0.035011
0.075357 1.0964 0.034544
0.075912 1.1366 0.034918
0.076472 1.0908 0.033528
0.077035 1.1078 0.03416
0.077603 1.1386 0.034168
0.078175 1.0986 0.033198
0.078751 1.1758 0.034178
0.079331 1.2296 0.034693
0.079916 1.2458 0.034713
0.080504 1.3323 0.035796
0.081098 1.3207 0.034567
0.081695 1.3452 0.035762
0.082297 1.5477 0.036758
0.082904 1.6479 0.038458
0.083515 1.9195 0.040349
0.08413 2.2319 0.043857
0.08475 2.7955 0.048819
0.085374 3.3251 0.052287
0.086004 3.8372 0.056488
0.086637 4.398 0.058617
0.087276 4.8442 0.061079
0.087919 5.2663 0.064364
0.088567 5.1872 0.063061
0.089219 4.6611 0.059485
0.089877 3.8516 0.053345
0.090539 2.9233 0.04619
0.091206 2.2141 0.039967
0.091878 1.7573 0.035786
0.092555 1.4895 0.032746
0.093237 1.3601 0.0307
0.093924 1.2575 0.02939
0.094616 1.2549 0.029561
0.095314 1.2895 0.029379
0.096016 1.2319 0.028563
0.096724 1.2213 0.028581
0.097436 1.2639 0.028776
0.098154 1.2578 0.027923
0.098878 1.3149 0.028782
0.099606 1.3532 0.029098
0.10034 1.4587 0.029433
0.10108 1.6099 0.03111
0.10182 1.8818 0.0332
0.10257 2.1119 0.03465
0.10333 2.7161 0.039478
0.10409 3.3348 0.04259
0.10486 4.071 0.047364
0.10563 4.8016 0.05067
0.10641 5.384 0.053386
0.10719 5.9194 0.055943
0.10798 6.0211 0.055001
0.10878 5.7586 0.054584
0.10958 5.0507 0.049726
0.11039 3.9242 0.044361
0.1112 2.9736 0.037721
0.11202 2.1821 0.03287
0.11285 1.7373 0.028511
0.11368 1.5129 0.026903
0.11452 1.3231 0.024546
0.11536 1.1907 0.023622
0.11621 1.178 0.023113
0.11707 1.1316 0.022538
0.11793 1.1163 0.022261
0.1188 1.0745 0.021549
0.11967 1.0081 0.02104
0.12056 1.0128 0.020615
0.12144 0.98749 0.020271
0.12234 0.94471 0.019984
0.12324 0.94539 0.019469
0.12415 0.87767 0.018785
0.12506 0.90733 0.019197
0.12598 0.91667 0.018747
0.12691 0.87756 0.018406
0.12785 0.83772 0.017877
0.12879 0.87117 0.018145
0.12974 0.815 0.017307
0.1307 0.8457 0.017518
0.13166 0.86697 0.017684
0.13263 0.83909 0.017272
0.13361 0.86332 0.017292
0.13459 0.86511 0.017227
0.13558 0.87694 0.017138
0.13658 0.90064 0.017454
0.13759 0.91674 0.017275
0.1386 0.92344 0.017256
0.13962 0.93656 0.017283
0.14065 0.966 0.017323
0.14169 0.93387 0.016957
0.14273 0.90592 0.016647
0.14378 0.85677 0.016007
0.14484 0.87939 0.016136
0.14591 0.8946 0.016131
0.14699 0.93172 0.016409
0.14807 0.92384 0.016166
0.14916 1.0156 0.01678
0.15026 1.0116 0.016595
0.15137 1.0892 0.017143
0.15248 1.1042 0.017057
0.15361 1.0924 0.016908
0.15474 1.0767 0.016624
0.15588 1.0668 0.016478
0.15703 0.99735 0.015794
0.15818 1.0249 0.015898
0.15935 1.0361 0.015879
0.16052 1.0976 0.016145
0.16171 1.1427 0.016385
0.1629 1.1799 0.016546
0.1641 1.2552 0.016901
0.16531 1.249 0.016777
0.16653 1.2611 0.016672
0.16775 1.1952 0.016137
0.16899 1.131 0.015596
0.17023 1.0695 0.015111
0.17149 1.0124 0.014585
0.17275 0.97851 0.014208
0.17403 0.97785 0.014144
0.17531 0.94024 0.0138
0.1766 0.97465 0.013852
0.1779 0.93576 0.013554
0.17921 0.93813 0.013417
0.18053 0.92351 0.013281
0.18186 0.89497 0.012941
0.1832 0.89922 0.012898
0.18455 0.9094 0.012879
0.18591 0.87196 0.012518
0.18728 0.90475 0.012624
0.18866 0.87635 0.012417
0.19005 0.84104 0.011973
0.19145 0.80457 0.011749
0.19286 0.76659 0.011328
0.19429 0.71431 0.010891
0.19572 0.66297 0.010464
