#
0.0050184 8.6827 0.44628
0.0050554 12.603 0.60107
0.0050926 15.124 0.65844
0.0051301 6.2079 0.37738
0.0051679 7.8844 0.38823
0.005206 15.126 0.93118
0.0052444 30.14 1.8588
0.005283 NaN NaN
0.005322 7.5993 0.53897
0.0053612 6.5844 0.43458
0.0054007 5.0005 0.30922
0.0054405 11.217 0.35863
0.0054806 11.247 0.46363
0.005521 13.214 0.50253
0.0055616 9.1636 0.45848
0.0056026 11.641 0.51668
0.0056439 8.2865 0.39797
0.0056855 8.4767 0.56927
0.0057274 17.301 0.99594
0.0057696 4.2939 0.35095
0.0058121 5.3815 0.3929
0.0058549 7.4076 0.30724
0.0058981 4.9617 0.43562
0.0059416 15.01 0.65594
0.0059853 7.625 0.35347
0.0060294 10.139 0.76246
0.0060739 7.8422 0.26303
0.0061186 5.8121 0.40827
0.0061637 8.7641 0.35444
0.0062091 5.9294 0.27492
0.0062549 10.471 0.49006
0.006301 5.1524 0.54369
0.0063474 4.6371 0.2579
0.0063942 7.5612 0.46559
0.0064413 11.972 0.82852
0.0064888 6.4711 0.60922
0.0065366 4.7474 0.2047
0.0065847 5.9357 0.23822
0.0066333 7.2258 0.2745
0.0066821 8.2971 0.3687
0.0067314 4.7861 0.33141
0.006781 6.0935 0.37388
0.006831 3.7198 0.32672
0.0068813 4.9371 0.26612
0.006932 4.2684 0.26454
0.0069831 5.6127 0.46323
0.0070345 5.8736 0.31025
0.0070864 4.2788 0.17518
0.0071386 5.8726 0.24746
0.0071912 6.5295 0.49962
0.0072442 4.8523 0.2638
0.0072976 3.4337 0.20927
0.0073513 5.2293 0.2236
0.0074055 3.3609 0.21964
0.0074601 6.3217 0.38084
0.0075151 3.4331 0.44392
0.0075704 3.1288 0.19975
0.0076262 5.2344 0.20712
0.0076824 3.3501 0.18698
0.007739 3.4212 0.20888
0.0077961 3.98 0.16391
0.0078535 4.4803 0.27104
0.0079114 3.3772 0.2201
0.0079697 6.0701 0.48177
0.0080284 2.8834 0.25732
0.0080876 2.9669 0.16186
0.0081471 3.6494 0.15697
0.0082072 3.9231 0.20232
0.0082677 3.1636 0.16106
0.0083286 3.2252 0.18346
0.00839 5.8594 0.33472
0.0084518 2.4531 0.17693
0.0085141 2.7018 0.15449
0.0085768 2.4591 0.14204
0.00864 3.8701 0.29801
0.0087037 3.9854 0.20392
0.0087678 2.5908 0.1323
0.0088324 2.5812 0.12831
0.0088975 2.976 0.18482
0.0089631 2.9673 0.15599
0.0090291 2.2301 0.16006
0.0090956 3.2881 0.18523
0.0091627 2.0013 0.33905
0.0092302 2.6307 0.12611
0.0092982 2.5837 0.11119
0.0093667 2.5097 0.13421
0.0094357 3.0032 0.29363
0.0095053 1.9729 0.10926
0.0095753 2.8223 0.18976
0.0096459 1.6764 0.11334
0.0097169 2.5262 0.15549
0.0097885 2.1398 0.1082
0.0098607 2.8962 0.14417
0.0099333 2.1221 0.16458
0.010007 1.742 0.089493
0.01008 2.3085 0.12875
0.010155 2.0007 0.15163
0.010229 2.0771 0.14103
0.010305 2.3586 0.13014
0.010381 2.402 0.12739
0.010457 1.6999 0.086726
0.010534 2.0421 0.10329
0.010612 2.1723 0.17664
0.01069 1.7784 0.11304
0.010769 2.18 0.12923
0.010848 1.4251 0.088348
0.010928 2.2436 0.11079
0.011009 1.6275 0.086507
0.01109 2.0403 0.1343
0.011171 1.4796 0.090019
0.011254 1.4466 0.096153
0.011337 1.5019 0.11106
0.01142 1.9962 0.1021
0.011504 1.5362 0.078055
0.011589 1.4899 0.086318
0.011675 1.4125 0.09248
0.011761 1.5799 0.10048
0.011847 2.0891 0.14773
0.011935 1.37 0.075038
0.012023 1.5776 0.075306
0.012111 1.6398 0.097091
0.0122 1.1573 0.07966
0.01229 1.4437 0.08687
0.012381 1.1556 0.074449
0.012472 1.542 0.089789
0.012564 1.5155 0.081885
0.012657 1.3532 0.075942
0.01275 1.1848 0.068573
0.012844 1.2368 0.088923
0.012938 1.2334 0.073901
0.013034 1.6744 0.091486
0.01313 1.3158 0.058657
0.013227 1.3323 0.075346
0.013324 1.3769 0.096538
0.013422 1.2022 0.070311
0.013521 1.1697 0.082057
0.013621 1.2728 0.060517
0.013721 1.4298 0.072832
0.013822 1.1547 0.072927
0.013924 1.0745 0.058623
0.014027 1.2341 0.094227
0.01413 1.3068 0.064627
0.014234 1.2892 0.062476
0.014339 0.99528 0.055676
0.014445 0.95008 0.063679
0.014551 1.2625 0.092449
0.014658 1.0243 0.049068
0.014766 1.2019 0.061985
0.014875 1.1298 0.064786
0.014985 1.104 0.064043
0.015095 0.96594 0.055606
0.015206 1.1076 0.061242
0.015319 1.0799 0.055069
0.015431 1.077 0.052512
0.015545 0.9356 0.056311
0.01566 0.96226 0.064103
0.015775 1.1161 0.055984
0.015891 1.0174 0.047941
0.016008 1.0518 0.061523
0.016126 0.97812 0.054463
0.016245 0.92537 0.056008
0.016365 1.0133 0.046936
0.016486 1.0542 0.054426
0.016607 0.98806 0.047251
0.016729 0.98835 0.061608
0.016853 1.1009 0.052506
0.016977 0.99073 0.047305
0.017102 0.96196 0.049083
0.017228 0.964 0.058018
0.017355 0.92361 0.042845
0.017483 1.0312 0.049748
0.017612 1.0396 0.051577
0.017741 0.87927 0.045481
0.017872 0.88274 0.04653
0.018004 1.0633 0.050008
0.018136 0.9691 0.041773
0.01827 0.7788 0.045197
0.018405 0.87244 0.051457
0.01854 0.95196 0.038507
0.018677 1.249 0.054716
0.018815 0.9051 0.044797
0.018953 0.94559 0.044929
0.019093 1.0266 0.044394
0.019234 0.98166 0.042041
0.019375 0.84823 0.043364
0.019518 0.91196 0.045398
0.019662 0.88436 0.036871
0.019807 0.87476 0.04135
0.019953 0.90271 0.045175
0.0201 0.83936 0.03773
0.020248 0.97637 0.039808
0.020397 1.0465 0.044101
0.020547 0.81744 0.040669
0.020699 0.99274 0.041014
0.020851 0.97873 0.037781
0.021005 0.98385 0.043832
0.02116 0.83257 0.03758
0.021316 1.0617 0.038613
0.021473 0.95317 0.041427
0.021631 0.93631 0.038981
0.02179 0.92764 0.038269
0.021951 1.0066 0.036931
0.022113 0.96732 0.040491
0.022276 0.97593 0.040077
0.02244 1.025 0.034896
0.022605 1.0728 0.04464
0.022772 0.83648 0.034298
0.02294 1.1301 0.037606
0.023109 0.9753 0.036799
0.023279 0.92445 0.040483
0.02345 1.0869 0.035921
0.023623 1.1032 0.036765
0.023797 1.0004 0.040576
0.023973 0.9919 0.033312
0.024149 1.1759 0.039001
0.024327 1.005 0.035672
0.024507 1.0528 0.036508
0.024687 1.1027 0.034448
0.024869 0.98741 0.036585
0.025052 1.093 0.034298
0.025237 1.2735 0.040131
0.025423 0.96686 0.034067
0.02561 1.0688 0.03346
0.025799 1.2536 0.036552
0.025989 1.141 0.039088
0.026181 1.2009 0.034084
0.026373 1.3283 0.037448
0.026568 1.0253 0.033383
0.026764 1.3481 0.036408
0.026961 1.236 0.035963
0.027159 1.141 0.035208
0.02736 1.3721 0.034715
0.027561 1.3163 0.038539
0.027764 1.1819 0.031748
0.027969 1.5129 0.0389
0.028175 1.2067 0.033471
0.028383 1.4991 0.037751
0.028592 1.3566 0.035199
0.028802 1.1792 0.032443
0.029015 1.5962 0.036084
0.029228 1.3178 0.035256
0.029444 1.3688 0.033187
0.029661 1.5285 0.035435
0.029879 1.2397 0.033388
0.0301 1.7203 0.036073
0.030321 1.4907 0.03749
0.030545 1.4475 0.032061
0.03077 1.6704 0.036523
0.030997 1.4285 0.03451
0.031225 1.7414 0.034316
0.031455 1.5707 0.036051
0.031687 1.7259 0.034265
0.03192 1.7281 0.036394
0.032156 1.5648 0.033535
0.032393 1.9155 0.035985
0.032631 1.5912 0.03403
0.032872 2.0002 0.036348
0.033114 1.5068 0.03212
0.033358 2.1295 0.038051
0.033604 1.7431 0.033461
0.033851 1.9331 0.03447
0.034101 1.9289 0.037699
0.034352 1.7785 0.031429
0.034605 2.1339 0.037647
0.03486 1.8386 0.033178
0.035117 2.1923 0.035849
0.035376 1.7935 0.032601
0.035637 2.4745 0.03878
0.035899 1.8329 0.031982
0.036164 2.3834 0.036282
0.03643 1.8518 0.033473
0.036699 2.3967 0.034674
0.036969 1.7611 0.031351
0.037241 2.5411 0.037018
0.037516 1.8383 0.031722
0.037792 2.5454 0.035578
0.038071 1.9926 0.031763
0.038351 2.6969 0.037958
0.038634 2.043 0.030831
0.038919 2.598 0.035864
0.039205 2.072 0.0315
0.039494 2.5871 0.036181
0.039785 2.184 0.030544
0.040079 2.3159 0.033159
0.040374 2.3432 0.032055
0.040671 2.3011 0.033259
0.040971 2.5183 0.032792
0.041273 1.9524 0.0291
0.041577 2.5674 0.032867
0.041883 2.1073 0.030116
0.042192 2.6389 0.033884
0.042503 2.1392 0.028867
0.042816 2.4103 0.031226
0.043132 2.4653 0.030829
0.04345 2.0038 0.028477
0.04377 2.547 0.031653
0.044092 2.0787 0.028127
0.044417 2.3238 0.029636
0.044744 2.2374 0.028082
0.045074 1.9831 0.027029
0.045406 2.275 0.028671
0.045741 1.9533 0.026365
0.046078 2.0905 0.027189
0.046417 2.0635 0.026607
0.04676 1.728 0.024649
0.047104 2.0783 0.026087
0.047451 1.8563 0.024312
0.047801 1.6476 0.023103
0.048153 1.8584 0.024463
0.048508 1.5781 0.021941
0.048865 1.5872 0.022242
0.049225 1.6947 0.022919
0.049588 1.4333 0.020616
0.049954 1.4337 0.020646
0.050322 1.5272 0.021614
0.050693 1.4093 0.019839
0.051066 1.2515 0.018954
0.051442 1.3738 0.019612
0.051821 1.2484 0.018542
0.052203 1.1551 0.017796
0.052588 1.2341 0.018114
0.052975 1.1272 0.017356
0.053366 1.0194 0.016284
0.053759 1.0167 0.016171
0.054155 1.025 0.016146
0.054554 0.92183 0.014865
0.054956 0.87677 0.014699
0.055361 0.89489 0.014647
0.055769 0.88316 0.014705
0.05618 0.82709 0.013898
0.056594 0.77748 0.013396
0.057011 0.77441 0.013252
0.057431 0.75255 0.013168
0.057854 0.71356 0.012541
0.058281 0.64446 0.011991
0.05871 0.67739 0.012017
0.059143 0.63634 0.011638
0.059579 0.61785 0.011407
0.060018 0.58486 0.010932
0.06046 0.53468 0.01043
0.060905 0.5467 0.010453
0.061354 0.52976 0.01031
0.061806 0.50163 0.0098919
0.062262 0.49711 0.0097897
0.062721 0.48762 0.0095473
0.063183 0.47962 0.0095625
0.063648 0.44644 0.0090728
0.064117 0.46386 0.009061
0.06459 0.43566 0.0088104
0.065066 0.42766 0.0086712
0.065545 0.41515 0.0085526
0.066028 0.4058 0.0084174
0.066515 0.39597 0.0080721
0.067005 0.38121 0.0079957
0.067499 0.38741 0.0080949
0.067996 0.37852 0.0077947
0.068497 0.37268 0.0076209
0.069002 0.36151 0.0076302
0.06951 0.34042 0.0072252
0.070023 0.34942 0.0072621
0.070539 0.33498 0.0071682
0.071058 0.33612 0.0070061
0.071582 0.33801 0.0069775
0.072109 0.33724 0.0070224
0.072641 0.33283 0.0068617
0.073176 0.32735 0.0067772
0.073715 0.31963 0.0066463
0.074258 0.31505 0.0064883
0.074806 0.32089 0.0065974
0.075357 0.31264 0.0064347
0.075912 0.33132 0.0065771
0.076472 0.34287 0.0065532
0.077035 0.36204 0.0068059
0.077603 0.37301 0.0068174
0.078175 0.35478 0.0065743
0.078751 0.35503 0.0065526
0.079331 0.35104 0.0064728
0.079916 0.32572 0.0062031
0.080504 0.32691 0.0062039
0.081098 0.33684 0.0061052
0.081695 0.36232 0.0064885
0.082297 0.41624 0.006671
0.082904 0.48205 0.0072802
0.083515 0.55052 0.0075702
0.08413 0.59902 0.007969
0.08475 0.57651 0.007791
0.085374 0.47384 0.006951
0.086004 0.39311 0.0063792
0.086637 0.32323 0.0056185
0.087276 0.28778 0.0052704
0.087919 0.25234 0.004996
0.088567 0.23493 0.0047619
0.089219 0.2299 0.0046864
0.089877 0.22603 0.0045809
0.090539 0.218 0.0044659
0.091206 0.20503 0.0042993
0.091878 0.20465 0.0043072
0.092555 0.19371 0.0041596
0.093237 0.19235 0.0040618
0.093924 0.18901 0.0040048
0.094616 0.19065 0.0040492
0.095314 0.19863 0.0040518
0.096016 0.21519 0.0041877
0.096724 0.21087 0.0041665
0.097436 0.20927 0.0041107
0.098154 0.18241 0.0037394
0.098878 0.17737 0.0037212
0.099606 0.15616 0.0034878
0.10034 0.14931 0.0033283
0.10108 0.13659 0.0032118
0.10182 0.1292 0.0030921
0.10257 0.12751 0.0030304
0.10333 0.12582 0.0030316
0.10409 0.12062 0.0028964
0.10486 0.12229 0.0029378
0.10563 0.11725 0.0028377
0.10641 0.11008 0.0027406
0.10719 0.10861 0.0027219
0.10798 0.10823 0.0026498
0.10878 0.10674 0.0026706
0.10958 0.10184 0.002539
0.11039 0.096395 0.0025002
0.1112 0.097942 0.0024573
0.11202 0.093668 0.0024408
0.11285 0.092291 0.0023507
0.11368 0.092451 0.0023747
0.11452 0.093845 0.0023291
0.11536 0.089622 0.0023082
0.11621 0.085919 0.0022253
0.11707 0.087732 0.0022343
0.11793 0.08271 0.0021605
0.1188 0.083666 0.0021421
0.11967 0.084353 0.0021648
0.12056 0.079647 0.0020599
0.12144 0.081586 0.0020736
0.12234 0.075393 0.0020122
0.12324 0.079504 0.0020091
0.12415 0.076598 0.001974
0.12506 0.074247 0.0019566
0.12598 0.077364 0.0019385
0.12691 0.074747 0.0019121
0.12785 0.073143 0.0018799
0.12879 0.071934 0.0018582
0.12974 0.072207 0.0018325
0.1307 0.072818 0.0018297
0.13166 0.067923 0.0017671
0.13263 0.066632 0.0017374
0.13361 0.072325 0.0017826
0.13459 0.069052 0.0017362
0.13558 0.070404 0.0017316
0.13658 0.072285 0.0017629
0.13759 0.066425 0.0016629
0.1386 0.065029 0.0016392
0.13962 0.064317 0.0016225
0.14065 0.066469 0.0016268
0.14169 0.06489 0.0016008
0.14273 0.064665 0.0015917
0.14378 0.061304 0.0015336
0.14484 0.060341 0.0015159
0.14591 0.063054 0.0015338
0.14699 0.059806 0.0014932
0.14807 0.056453 0.0014382
0.14916 0.058808 0.0014536
0.15026 0.058474 0.0014363
0.15137 0.059205 0.0014401
0.15248 0.057494 0.0014041
0.15361 0.05572 0.0013789
0.15474 0.060178 0.0014151
0.15588 0.059922 0.0014058
0.15703 0.056015 0.0013493
0.15818 0.056486 0.0013456
0.15935 0.0576 0.0013492
0.16052 0.058231 0.0013408
0.16171 0.056166 0.0013129
0.1629 0.058552 0.0013303
0.1641 0.056133 0.0012936
0.16531 0.053584 0.00126
0.16653 0.052093 0.0012301
0.16775 0.04965 0.001196
0.16899 0.051089 0.0012026
0.17023 0.047124 0.0011538
0.17149 0.046242 0.0011337
0.17275 0.047033 0.0011311
0.17403 0.044863 0.0011028
0.17531 0.043994 0.0010869
0.1766 0.043879 0.001071
0.1779 0.042291 0.001051
0.17921 0.041073 0.0010256
0.18053 0.038345 0.00099225
0.18186 0.038026 0.00097777
0.1832 0.038694 0.00097996
0.18455 0.033945 0.00091885
0.18591 0.033684 0.00090833
0.18728 0.033175 0.00089362
0.18866 0.034279 0.00090525
0.19005 0.032022 0.00086442
0.19145 0.030304 0.00084607
0.19286 0.030584 0.00083833
0.19429 0.029365 0.00081896
0.19572 0.027953 0.00079863
