#
0.0050184 18.36 1.6725
0.0050554 21.442 2.0203
0.0050926 16.879 1.793
0.0051301 17.303 1.6234
0.0051679 19.097 1.5569
0.005206 12.516 2.1835
0.0052444 17.448 3.6458
0.005283 NaN NaN
0.005322 12.898 1.8097
0.0053612 16.113 1.7522
0.0054007 17.835 1.5045
0.0054405 19.81 1.2282
0.0054806 19.097 1.5569
0.005521 19.477 1.5723
0.0055616 12.732 1.3935
0.0056026 20.799 1.7796
0.0056439 17.709 1.4992
0.0056855 15.93 2.0113
0.0057274 20.103 2.7672
0.0057696 8.9035 1.3029
0.0058121 14.026 1.6349
0.0058549 11.626 0.99227
0.0058981 16.184 2.0272
0.0059416 13.651 1.6127
0.0059853 16.797 1.3521
0.0060294 15.169 2.404
0.0060739 12.657 0.86143
0.0061186 13.461 1.6014
0.0061637 11.565 1.0496
0.0062091 12.803 1.0414
0.0062549 12.582 1.3852
0.006301 5.2847 1.4222
0.0063474 13.841 1.1482
0.0063942 14.229 1.6459
0.0064413 14.786 2.3738
0.0064888 12.511 2.1835
0.0065366 10.786 0.79538
0.0065847 10.67 0.82356
0.0066333 9.7067 0.82064
0.0066821 11.59 1.1234
0.0067314 11.522 1.3255
0.006781 8.1819 1.1173
0.006831 10.607 1.4222
0.0068813 8.9884 0.92621
0.006932 8.9786 0.98941
0.0069831 8.0844 1.4335
0.0070345 11.371 1.1128
0.0070864 9.4208 0.67026
0.0071386 9.0938 0.79402
0.0071912 12.391 1.7738
0.0072442 7.6656 0.85524
0.0072976 7.9075 0.81895
0.0073513 9.2793 0.76809
0.0074055 7.5617 0.84995
0.0074601 7.8704 1.0964
0.0075151 5.2847 1.4222
0.0075704 7.6591 0.80578
0.0076262 7.5119 0.6402
0.0076824 7.775 0.73465
0.007739 8.5003 0.8489
0.0077961 6.8549 0.55494
0.0078535 7.4522 0.90212
0.0079114 7.7649 0.8605
0.0079697 5.2899 1.1613
0.0080284 4.5276 0.83278
0.0080876 6.5204 0.61887
0.0081471 6.4514 0.53848
0.0082072 6.5308 0.67361
0.0082677 5.9412 0.56952
0.0083286 5.9103 0.64091
0.00839 6.553 0.91367
0.0084518 5.8806 0.70672
0.0085141 6.4577 0.61611
0.0085768 5.5041 0.54842
0.00864 6.6625 1.0085
0.0087037 6.7365 0.68416
0.0087678 6.3168 0.53288
0.0088324 5.4206 0.47969
0.0088975 5.6742 0.65837
0.0089631 5.2366 0.53481
0.0090291 4.9083 0.61291
0.0090956 4.9451 0.58642
0.0091627 5.6714 1.4722
0.0092302 5.2448 0.4597
0.0092982 4.8781 0.39436
0.0093667 5.3373 0.50508
0.0094357 6.9952 1.1561
0.0095053 5.4032 0.46661
0.0095753 4.359 0.60912
0.0096459 3.7697 0.43891
0.0097169 4.2112 0.51856
0.0097885 5.0694 0.42986
0.0098607 5.6674 0.52049
0.0099333 4.9524 0.64882
0.010007 4.6205 0.37614
0.01008 4.1925 0.44825
0.010155 3.6906 0.53216
0.010229 3.4501 0.46983
0.010305 4.0972 0.44318
0.010381 4.2596 0.43815
0.010457 3.8478 0.33721
0.010534 4.4909 0.39551
0.010612 3.9547 0.61585
0.01069 3.3376 0.40036
0.010769 4.0692 0.45613
0.010848 4.0578 0.38482
0.010928 4.3464 0.39821
0.011009 3.4047 0.32325
0.01109 4.0002 0.48576
0.011171 3.5869 0.36201
0.011254 3.8506 0.4051
0.011337 3.0649 0.40997
0.01142 4.3242 0.38789
0.011504 3.6349 0.31018
0.011589 3.0397 0.31876
0.011675 3.5266 0.37747
0.011761 3.3832 0.38011
0.011847 2.4526 0.41467
0.011935 3.3035 0.30112
0.012023 3.1224 0.27398
0.012111 3.5396 0.36853
0.0122 3.1505 0.3396
0.01229 2.8367 0.31482
0.012381 3.0399 0.31197
0.012472 2.7634 0.311
0.012564 2.8879 0.2924
0.012657 3.3157 0.30715
0.01275 3.1131 0.28717
0.012844 2.5858 0.33256
0.012938 2.7416 0.28499
0.013034 3.0403 0.31876
0.01313 2.369 0.20371
0.013227 2.6699 0.27588
0.013324 2.3352 0.32557
0.013422 2.7606 0.27555
0.013521 2.3981 0.30409
0.013621 2.702 0.22807
0.013721 2.6411 0.25603
0.013822 2.7929 0.29326
0.013924 2.7128 0.24078
0.014027 2.6259 0.35557
0.01413 2.6701 0.23892
0.014234 2.0486 0.20403
0.014339 2.6973 0.23696
0.014445 2.7254 0.27874
0.014551 2.6044 0.3435
0.014658 2.3252 0.19128
0.014766 2.608 0.2361
0.014875 2.1717 0.23265
0.014985 2.0494 0.2261
0.015095 2.3309 0.22349
0.015206 2.3826 0.23237
0.015319 2.5271 0.21782
0.015431 2.2439 0.19629
0.015545 1.8452 0.20493
0.01566 2.412 0.26263
0.015775 2.6186 0.22173
0.015891 1.9482 0.17191
0.016008 2.3196 0.23638
0.016126 1.8659 0.195
0.016245 2.1351 0.22022
0.016365 2.1452 0.17685
0.016486 2.2454 0.20565
0.016607 1.8428 0.16733
0.016729 2.3739 0.247
0.016853 1.9302 0.18029
0.016977 2.0841 0.17763
0.017102 2.0667 0.18625
0.017228 1.8554 0.20862
0.017355 1.9183 0.16
0.017483 2.2623 0.19072
0.017612 2.1816 0.19336
0.017741 2.2788 0.18939
0.017872 1.8918 0.17645
0.018004 2.2114 0.18683
0.018136 2.3531 0.16841
0.01827 1.8134 0.17873
0.018405 1.9252 0.19806
0.01854 2.1428 0.14959
0.018677 1.996 0.17919
0.018815 2.0264 0.17361
0.018953 1.5975 0.15163
0.019093 2.3485 0.17373
0.019234 1.7475 0.14549
0.019375 1.8392 0.16541
0.019518 1.8151 0.166
0.019662 2.0541 0.14549
0.019807 2.1423 0.16751
0.019953 2.022 0.17512
0.0201 2.2801 0.16085
0.020248 1.7644 0.13879
0.020397 1.717 0.14664
0.020547 2.1406 0.17029
0.020699 2.0564 0.15289
0.020851 1.9203 0.13711
0.021005 1.8479 0.1557
0.02116 1.9891 0.15042
0.021316 1.8124 0.13079
0.021473 1.8079 0.14789
0.021631 1.8948 0.14366
0.02179 2.4033 0.15931
0.021951 1.9088 0.13176
0.022113 1.8766 0.1462
0.022276 2.0634 0.15088
0.02244 1.9783 0.12565
0.022605 2.1858 0.16497
0.022772 1.9692 0.13626
0.02294 2.0828 0.13222
0.023109 2.1545 0.14161
0.023279 1.8506 0.14841
0.02345 2.342 0.13643
0.023623 1.9706 0.12737
0.023797 2.1062 0.15244
0.023973 2.3715 0.13327
0.024149 2.2552 0.13984
0.024327 1.9874 0.12997
0.024507 2.1787 0.136
0.024687 2.3399 0.12985
0.024869 1.9517 0.13327
0.025052 2.0554 0.12183
0.025237 2.2724 0.1388
0.025423 2.0729 0.12916
0.02561 2.3891 0.12949
0.025799 2.1758 0.12474
0.025989 2.1842 0.14006
0.026181 2.6174 0.13015
0.026373 2.4346 0.13123
0.026568 2.3319 0.13029
0.026764 2.5731 0.13012
0.026961 2.4129 0.13004
0.027159 2.4541 0.13361
0.02736 2.5479 0.12243
0.027561 2.1935 0.12889
0.027764 2.6296 0.12248
0.027969 2.5573 0.13089
0.028175 2.4608 0.12369
0.028383 2.7485 0.13225
0.028592 2.3963 0.12113
0.028802 2.6226 0.12516
0.029015 2.5961 0.11911
0.029228 2.6765 0.12997
0.029444 2.7411 0.12147
0.029661 2.7954 0.12396
0.029879 2.9122 0.13228
0.0301 2.8869 0.12088
0.030321 2.8386 0.1338
0.030545 2.9927 0.11919
0.03077 2.6785 0.1197
0.030997 3.0119 0.12956
0.031225 2.9139 0.11481
0.031455 2.733 0.12304
0.031687 3.1556 0.11979
0.03192 2.9515 0.12301
0.032156 3.3124 0.12608
0.032393 3.2633 0.12141
0.032631 3.1289 0.12334
0.032872 3.1555 0.11806
0.033114 3.1195 0.11948
0.033358 3.6506 0.12875
0.033604 3.1468 0.11624
0.033851 3.3199 0.11678
0.034101 3.4995 0.13123
0.034352 3.5246 0.11433
0.034605 3.5439 0.12539
0.03486 3.5542 0.11919
0.035117 3.4114 0.11559
0.035376 3.6221 0.11971
0.035637 3.551 0.12008
0.035899 3.6862 0.11718
0.036164 3.7051 0.11691
0.03643 3.6585 0.12157
0.036699 3.6551 0.11067
0.036969 3.5645 0.11525
0.037241 3.9677 0.11951
0.037516 3.9087 0.11948
0.037792 3.6806 0.11059
0.038071 3.7373 0.11239
0.038351 3.8905 0.11782
0.038634 3.9987 0.11141
0.038919 4.0697 0.11596
0.039205 4.0071 0.11316
0.039494 3.8854 0.11457
0.039785 3.934 0.10591
0.040079 3.927 0.11157
0.040374 4.0462 0.10882
0.040671 4.0701 0.11426
0.040971 4.1078 0.10819
0.041273 4.0258 0.10793
0.041577 4.0772 0.107
0.041883 4.1633 0.10933
0.042192 3.6435 0.10292
0.042503 3.8269 0.099757
0.042816 3.6654 0.099528
0.043132 3.8999 0.10019
0.04345 3.8288 0.1017
0.04377 3.8914 0.10108
0.044092 3.9049 0.099601
0.044417 3.5473 0.094648
0.044744 3.9405 0.096279
0.045074 3.7605 0.096163
0.045406 3.5832 0.093006
0.045741 3.7863 0.094837
0.046078 3.5263 0.091274
0.046417 3.6696 0.091693
0.04676 3.5828 0.091694
0.047104 3.5402 0.087995
0.047451 3.3578 0.084515
0.047801 3.4397 0.086263
0.048153 3.1479 0.082326
0.048508 3.1471 0.080095
0.048865 2.9499 0.078414
0.049225 3.036 0.079326
0.049588 3.0291 0.077479
0.049954 2.8715 0.075563
0.050322 2.8485 0.076341
0.050693 2.9412 0.074101
0.051066 2.8258 0.073637
0.051442 2.8007 0.072415
0.051821 2.6644 0.070055
0.052203 2.6676 0.069933
0.052588 2.6147 0.068196
0.052975 2.6475 0.068785
0.053366 2.4355 0.065115
0.053759 2.3896 0.064142
0.054155 2.3685 0.063501
0.054554 2.3783 0.061758
0.054956 2.3835 0.062678
0.055361 2.3166 0.060964
0.055769 2.2637 0.060904
0.05618 2.2869 0.059778
0.056594 2.0951 0.056907
0.057011 2.2021 0.057805
0.057431 2.2318 0.058649
0.057854 2.1596 0.056431
0.058281 2.062 0.055477
0.05871 2.0501 0.054086
0.059143 2.0455 0.053969
0.059579 2.0838 0.054164
0.060018 2.0814 0.053305
0.06046 1.9692 0.051746
0.060905 1.929 0.050767
0.061354 1.9676 0.051368
0.061806 2.0557 0.051737
0.062262 2.0469 0.051322
0.062721 1.9449 0.049279
0.063183 1.9865 0.050283
0.063648 2.0034 0.049631
0.064117 1.9782 0.048335
0.06459 2.0939 0.049852
0.065066 2.0943 0.049522
0.065545 2.0506 0.049057
0.066028 1.9653 0.047815
0.066515 2.1921 0.048976
0.067005 2.164 0.049116
0.067499 2.2662 0.050465
0.067996 2.1912 0.048345
0.068497 2.2903 0.04868
0.069002 2.4071 0.050705
0.06951 2.4211 0.049599
0.070023 2.4684 0.049687
0.070539 2.5394 0.05078
0.071058 2.7064 0.051132
0.071582 2.7106 0.050822
0.072109 2.8979 0.052925
0.072641 2.9172 0.052221
0.073176 3.0737 0.053362
0.073715 3.1259 0.053393
0.074258 3.3647 0.054444
0.074806 3.4422 0.05548
0.075357 3.6181 0.056181
0.075912 3.7698 0.056953
0.076472 4.0712 0.057969
0.077035 4.3224 0.060375
0.077603 4.6466 0.061771
0.078175 5.1399 0.064194
0.078751 5.6044 0.06677
0.079331 6.1026 0.069192
0.079916 6.8183 0.072705
0.080504 7.4551 0.07589
0.081098 8.2456 0.077371
0.081695 8.6343 0.081161
0.082297 9.2194 0.080508
0.082904 9.2732 0.081955
0.083515 9.3263 0.080019
0.08413 9.6924 0.082349
0.08475 9.4939 0.081209
0.085374 9.32 0.079109
0.086004 9.1174 0.078765
0.086637 8.5312 0.073902
0.087276 7.987 0.071038
0.087919 7.8412 0.071162
0.088567 7.6842 0.069544
0.089219 7.7956 0.069671
0.089877 7.4593 0.06718
0.090539 7.1081 0.065075
0.091206 6.9334 0.063776
0.091878 6.5619 0.06222
0.092555 5.9904 0.058969
0.093237 5.5921 0.05585
0.093924 5.1053 0.053073
0.094616 4.8813 0.052262
0.095314 4.5687 0.049604
0.096016 4.5192 0.04903
0.096724 4.2287 0.047672
0.097436 4.264 0.047405
0.098154 4.1123 0.045288
0.098878 3.8664 0.044314
0.099606 3.8672 0.044176
0.10034 3.6877 0.042091
0.10108 3.4442 0.040989
0.10182 3.0773 0.038332
0.10257 2.6304 0.034986
0.10333 2.1766 0.032083
0.10409 1.85 0.028876
0.10486 1.519 0.026417
0.10563 1.3132 0.024252
0.10641 1.1444 0.022577
0.10719 1.0859 0.022001
0.10798 1.0126 0.020738
0.10878 1.0089 0.021003
0.10958 0.89508 0.019274
0.11039 0.8712 0.01923
0.1112 0.85376 0.018574
0.11202 0.82112 0.018497
0.11285 0.78806 0.017589
0.11368 0.74181 0.017247
0.11452 0.7892 0.017302
0.11536 0.7001 0.016548
0.11621 0.72121 0.016508
0.11707 0.72046 0.016404
0.11793 0.69649 0.016048
0.1188 0.68663 0.015717
0.11967 0.66905 0.015629
0.12056 0.68016 0.0154
0.12144 0.66167 0.015128
0.12234 0.69644 0.015611
0.12324 0.63026 0.014498
0.12415 0.64135 0.014616
0.12506 0.62957 0.014572
0.12598 0.62355 0.014096
0.12691 0.61681 0.014059
0.12785 0.62629 0.014063
0.12879 0.60022 0.01373
0.12974 0.61715 0.013697
0.1307 0.58627 0.013295
0.13166 0.58903 0.013293
0.13263 0.61691 0.013479
0.13361 0.58823 0.013015
0.13459 0.59898 0.013065
0.13558 0.58599 0.01278
0.13658 0.59709 0.012966
0.13759 0.60458 0.012799
0.1386 0.60061 0.012701
0.13962 0.62969 0.012922
0.14065 0.60579 0.012528
0.14169 0.60448 0.012452
0.14273 0.61017 0.012458
0.14378 0.61307 0.012332
0.14484 0.60152 0.012167
0.14591 0.60099 0.012059
0.14699 0.62514 0.012257
0.14807 0.62527 0.012125
0.14916 0.62952 0.012065
0.15026 0.63973 0.012046
0.15137 0.62344 0.011863
0.15248 0.64979 0.011958
0.15361 0.68773 0.012241
0.15474 0.69269 0.012163
0.15588 0.69688 0.012144
0.15703 0.70053 0.012054
0.15818 0.74181 0.012308
0.15935 0.74292 0.012238
0.16052 0.78637 0.012436
0.16171 0.81737 0.01261
0.1629 0.84556 0.012744
0.1641 0.88597 0.012921
0.16531 0.8839 0.012843
0.16653 0.85657 0.012511
0.16775 0.85105 0.012391
0.16899 0.86606 0.012403
0.17023 0.84362 0.012191
0.17149 0.81907 0.011911
0.17275 0.83699 0.011918
0.17403 0.79456 0.011575
0.17531 0.73538 0.011089
0.1766 0.7163 0.010804
0.1779 0.68681 0.010565
0.17921 0.66257 0.010269
0.18053 0.62868 0.0099887
0.18186 0.62156 0.0098275
0.1832 0.56155 0.009314
0.18455 0.55704 0.0092147
0.18591 0.54171 0.0090191
0.18728 0.50528 0.0086476
0.18866 0.49552 0.0085577
0.19005 0.47904 0.0082836
0.19145 0.46295 0.0081714
0.19286 0.43298 0.0078152
0.19429 0.41888 0.0076511
0.19572 0.39848 0.0074415
