#
0.0050184 12.112 1.7041
0.0050554 11.282 1.8387
0.0050926 6.2081 1.3669
0.0051301 9.4977 1.5092
0.0051679 14.461 1.699
0.005206 10.098 2.4596
0.0052444 7.1008 2.9225
0.005283 NaN NaN
0.005322 5.5279 1.4881
0.0053612 10.971 1.8143
0.0054007 8.7019 1.319
0.0054405 13.552 1.2739
0.0054806 12.472 1.5783
0.005521 13.864 1.6637
0.0055616 12.107 1.7041
0.0056026 9.2575 1.4902
0.0056439 9.1017 1.3487
0.0056855 16.252 2.5465
0.0057274 8.8822 2.3104
0.0057696 6.5167 1.399
0.0058121 12.17 1.9099
0.0058549 8.9673 1.0932
0.0058981 10.287 2.0279
0.0059416 7.4053 1.4914
0.0059853 11.534 1.4055
0.0060294 11.279 2.6003
0.0060739 8.5762 0.88982
0.0061186 10.091 1.7392
0.0061637 5.6223 0.91935
0.0062091 8.8256 1.0851
0.0062549 8.5309 1.4317
0.006301 5.3112 1.7897
0.0063474 7.2556 1.044
0.0063942 8.6108 1.6063
0.0064413 8.2919 2.2321
0.0064888 11.879 2.6679
0.0065366 7.291 0.82088
0.0065847 7.4996 0.86678
0.0066333 7.6416 0.91394
0.0066821 8.1329 1.1809
0.0067314 8.5383 1.4317
0.006781 6.1596 1.2167
0.006831 5.6115 1.3002
0.0068813 7.0972 1.0333
0.006932 5.9101 1.0084
0.0069831 4.3362 1.319
0.0070345 6.5972 1.0644
0.0070864 8.5961 0.80314
0.0071386 6.1374 0.81889
0.0071912 4.3348 1.319
0.0072442 5.1703 0.88232
0.0072976 5.3843 0.84885
0.0073513 4.6207 0.68163
0.0074055 3.5159 0.73064
0.0074601 5.4322 1.1444
0.0075151 0.5388 0.59665
0.0075704 4.9944 0.81721
0.0076262 6.2501 0.73311
0.0076824 5.5861 0.78215
0.007739 4.5912 0.78429
0.0077961 3.8103 0.5205
0.0078535 4.3667 0.86911
0.0079114 5.4753 0.90718
0.0079697 5.5183 1.4881
0.0080284 3.2879 0.89286
0.0080876 4.9103 0.67443
0.0081471 4.2999 0.55263
0.0082072 5.9111 0.8044
0.0082677 3.9553 0.58426
0.0083286 4.8287 0.72761
0.00839 4.1202 0.91127
0.0084518 2.3358 0.56245
0.0085141 3.4352 0.56577
0.0085768 3.4399 0.5457
0.00864 4.4909 1.0401
0.0087037 4.6069 0.71126
0.0087678 3.9482 0.52988
0.0088324 3.6023 0.49158
0.0088975 3.775 0.67493
0.0089631 4.213 0.60262
0.0090291 3.0501 0.60838
0.0090956 2.6632 0.54233
0.0091627 4.1284 1.5784
0.0092302 2.831 0.42591
0.0092982 3.3805 0.41295
0.0093667 3.2313 0.49465
0.0094357 3.2233 0.9893
0.0095053 3.0168 0.43958
0.0095753 2.2014 0.54661
0.0096459 3.2119 0.50932
0.0097169 1.638 0.40996
0.0097885 3.7518 0.46506
0.0098607 3.4511 0.51123
0.0099333 3.3977 0.67598
0.010007 2.6224 0.35715
0.01008 2.7769 0.45969
0.010155 3.048 0.60838
0.010229 2.8297 0.53544
0.010305 3.0747 0.48328
0.010381 2.8953 0.45485
0.010457 2.0466 0.31125
0.010534 2.1673 0.34727
0.010612 2.1798 0.57763
0.01069 2.7774 0.45969
0.010769 2.8071 0.47726
0.010848 2.3346 0.36821
0.010928 1.9921 0.3409
0.011009 2.7187 0.36347
0.01109 2.6987 0.5027
0.011171 1.6524 0.3112
0.011254 2.1989 0.38651
0.011337 2.8501 0.49694
0.01142 2.448 0.36783
0.011504 2.6192 0.33171
0.011589 2.0732 0.33217
0.011675 2.3322 0.38711
0.011761 1.4652 0.31791
0.011847 2.4392 0.5202
0.011935 1.8183 0.28266
0.012023 2.104 0.28396
0.012111 2.2145 0.36775
0.0122 1.6492 0.3112
0.01229 2.1742 0.34727
0.012381 1.987 0.31833
0.012472 1.8965 0.32541
0.012564 1.7791 0.29024
0.012657 2.1106 0.30934
0.01275 1.759 0.27292
0.012844 2.3349 0.39772
0.012938 2.0543 0.31125
0.013034 1.8148 0.31126
0.01313 1.6843 0.21694
0.013227 2.1133 0.30934
0.013324 1.5594 0.33661
0.013422 1.1367 0.2255
0.013521 2.0934 0.35795
0.013621 1.5562 0.2192
0.013721 1.7588 0.26387
0.013822 2.0448 0.31658
0.013924 1.5731 0.23201
0.014027 1.5113 0.34174
0.01413 2.1688 0.27129
0.014234 1.6138 0.22859
0.014339 1.5568 0.22803
0.014445 1.5818 0.26881
0.014551 2.0521 0.38443
0.014658 1.19 0.1739
0.014766 1.5742 0.23201
0.014875 1.9459 0.27755
0.014985 1.5999 0.25239
0.015095 1.5371 0.22963
0.015206 1.5987 0.24059
0.015319 1.3762 0.20372
0.015431 1.5597 0.20709
0.015545 1.4922 0.23279
0.01566 1.4877 0.26145
0.015775 1.8398 0.23463
0.015891 1.4434 0.18717
0.016008 1.4779 0.23875
0.016126 1.5469 0.22424
0.016245 1.6314 0.24314
0.016365 1.3181 0.17583
0.016486 1.5742 0.21778
0.016607 1.5119 0.1915
0.016729 1.0213 0.20667
0.016853 1.5768 0.20588
0.016977 1.3057 0.17818
0.017102 1.6094 0.20751
0.017228 1.5018 0.2371
0.017355 1.1181 0.15532
0.017483 1.4874 0.19573
0.017612 1.3293 0.19121
0.017741 1.458 0.19174
0.017872 1.3444 0.18828
0.018004 1.7418 0.20947
0.018136 1.2696 0.1571
0.01827 1.3004 0.19176
0.018405 1.3261 0.20829
0.01854 1.525 0.15962
0.018677 1.8151 0.21528
0.018815 1.7577 0.20395
0.018953 1.3803 0.17815
0.019093 1.936 0.19886
0.019234 1.6612 0.17882
0.019375 1.7623 0.20395
0.019518 1.3748 0.18273
0.019662 1.5216 0.1583
0.019807 1.34 0.16799
0.019953 1.2316 0.17351
0.0201 1.5431 0.16739
0.020248 1.7608 0.17465
0.020397 1.3669 0.16556
0.020547 1.0569 0.1524
0.020699 1.3499 0.15695
0.020851 1.5639 0.15624
0.021005 1.5857 0.18201
0.02116 1.2092 0.1489
0.021316 1.6659 0.15807
0.021473 1.4952 0.16985
0.021631 1.3941 0.15585
0.02179 1.3039 0.14891
0.021951 1.7605 0.15944
0.022113 1.6292 0.17193
0.022276 1.5339 0.16438
0.02244 1.4811 0.13753
0.022605 1.3906 0.16667
0.022772 1.3298 0.14183
0.02294 1.7125 0.15125
0.023109 1.5844 0.15349
0.023279 1.5276 0.17024
0.02345 1.6337 0.14398
0.023623 1.8107 0.1539
0.023797 1.8909 0.182
0.023973 1.6021 0.13853
0.024149 1.6759 0.15227
0.024327 1.4407 0.14
0.024507 1.9508 0.16219
0.024687 1.7432 0.1415
0.024869 1.5189 0.14856
0.025052 1.9658 0.15003
0.025237 2.0323 0.16534
0.025423 1.7742 0.1507
0.02561 1.6019 0.13418
0.025799 1.8128 0.14363
0.025989 1.7908 0.16001
0.026181 1.9622 0.14216
0.026373 1.7959 0.14231
0.026568 1.7237 0.1415
0.026764 2.0905 0.14779
0.026961 1.8236 0.14268
0.027159 1.8367 0.14591
0.02736 1.9858 0.13633
0.027561 2.0974 0.15868
0.027764 1.7848 0.12747
0.027969 2.3949 0.1594
0.028175 1.6682 0.12875
0.028383 2.2526 0.15085
0.028592 2.3404 0.15063
0.028802 1.9331 0.13563
0.029015 2.365 0.14312
0.029228 2.3619 0.15371
0.029444 2.0991 0.13403
0.029661 2.3076 0.14185
0.029879 2.0629 0.14045
0.0301 2.7175 0.14749
0.030321 2.675 0.16337
0.030545 2.2737 0.13094
0.03077 2.5134 0.1459
0.030997 2.159 0.13835
0.031225 2.9308 0.1447
0.031455 2.5124 0.14844
0.031687 2.5237 0.13489
0.03192 2.5083 0.14275
0.032156 2.3722 0.13445
0.032393 2.8403 0.14247
0.032631 2.441 0.13719
0.032872 3.1146 0.1474
0.033114 2.758 0.14134
0.033358 3.1522 0.15044
0.033604 2.8523 0.13919
0.033851 3.1493 0.14297
0.034101 3.06 0.15431
0.034352 2.9031 0.13056
0.034605 3.3963 0.15423
0.03486 2.8561 0.13445
0.035117 3.4606 0.14624
0.035376 2.7385 0.13106
0.035637 3.7359 0.15465
0.035899 3.0165 0.13335
0.036164 3.8529 0.14971
0.03643 3.0978 0.14071
0.036699 3.5948 0.13786
0.036969 3.2136 0.13757
0.037241 4.1431 0.15332
0.037516 3.0378 0.13253
0.037792 3.7516 0.14024
0.038071 3.2213 0.13121
0.038351 3.8637 0.14747
0.038634 3.3384 0.128
0.038919 3.8772 0.14217
0.039205 3.435 0.13174
0.039494 3.8953 0.14406
0.039785 3.3485 0.12286
0.040079 3.9443 0.14042
0.040374 3.8043 0.13255
0.040671 3.5619 0.13434
0.040971 4.1535 0.13658
0.041273 3.54 0.12721
0.041577 4.1216 0.13508
0.041883 3.6336 0.12837
0.042192 4.073 0.13658
0.042503 3.7651 0.12429
0.042816 3.8997 0.12889
0.043132 4.2065 0.13062
0.04345 3.7401 0.12627
0.04377 4.3133 0.13356
0.044092 3.6866 0.1216
0.044417 3.9932 0.12604
0.044744 4.2919 0.12612
0.045074 3.3584 0.11423
0.045406 3.7548 0.11956
0.045741 3.8549 0.12017
0.046078 4.0509 0.12277
0.046417 3.686 0.11543
0.04676 3.2692 0.11009
0.047104 4.2029 0.1203
0.047451 3.7228 0.11171
0.047801 3.6873 0.11215
0.048153 3.7804 0.11321
0.048508 3.5844 0.1073
0.048865 3.5075 0.10731
0.049225 3.7773 0.11101
0.049588 3.7022 0.10747
0.049954 3.6001 0.10615
0.050322 3.6802 0.10884
0.050693 3.9092 0.10713
0.051066 3.7832 0.10685
0.051442 4.05 0.10915
0.051821 3.919 0.10648
0.052203 4.2548 0.11063
0.052588 4.3957 0.11073
0.052975 4.7587 0.11544
0.053366 5.0912 0.11774
0.053759 5.5458 0.12213
0.054155 6.1278 0.1276
0.054554 6.9084 0.13143
0.054956 7.7749 0.14129
0.055361 9.3771 0.15297
0.055769 10.739 0.16536
0.05618 12.325 0.17293
0.056594 14.165 0.18422
0.057011 15.967 0.19382
0.057431 17.991 0.20733
0.057854 18.399 0.20501
0.058281 19.067 0.20989
0.05871 19.497 0.20749
0.059143 19.497 0.20729
0.059579 18.818 0.20255
0.060018 17.875 0.19443
0.06046 16.554 0.18664
0.060905 15.14 0.17696
0.061354 13.337 0.16643
0.061806 11.736 0.15392
0.062262 10.465 0.14453
0.062721 9.0181 0.13216
0.063183 8.3492 0.12844
0.063648 7.7153 0.12141
0.064117 7.2355 0.11525
0.06459 6.8907 0.11283
0.065066 6.8423 0.11167
0.065545 6.5799 0.10962
0.066028 6.5896 0.10919
0.066515 6.568 0.10581
0.067005 6.3983 0.10542
0.067499 6.2843 0.10494
0.067996 6.0981 0.1007
0.068497 5.788 0.096679
0.069002 5.5368 0.096129
0.06951 5.3677 0.092331
0.070023 5.1559 0.089807
0.070539 4.7654 0.087052
0.071058 4.6115 0.083576
0.071582 4.2172 0.079418
0.072109 4.0442 0.078382
0.072641 3.5718 0.072506
0.073176 3.8949 0.075351
0.073715 3.3866 0.069789
0.074258 3.2807 0.067551
0.074806 3.3068 0.068334
0.075357 3.1905 0.066331
0.075912 3.1878 0.065862
0.076472 3.4045 0.066646
0.077035 3.2944 0.066304
0.077603 3.3274 0.065767
0.078175 3.3192 0.06493
0.078751 3.2649 0.06417
0.079331 3.2084 0.063197
0.079916 3.0164 0.060961
0.080504 2.8331 0.059012
0.081098 2.7437 0.056331
0.081695 2.5442 0.05566
0.082297 2.354 0.051446
0.082904 2.1532 0.049981
0.083515 2.0856 0.047919
0.08413 2.0978 0.048509
0.08475 2.0414 0.047701
0.085374 1.8998 0.045287
0.086004 1.9191 0.045794
0.086637 1.9225 0.044465
0.087276 1.8688 0.043554
0.087919 1.8798 0.044167
0.088567 1.93 0.04416
0.089219 1.8929 0.043508
0.089877 1.8924 0.042877
0.090539 1.9044 0.042678
0.091206 1.9262 0.04257
0.091878 1.9755 0.043215
0.092555 2.0327 0.043468
0.093237 2.111 0.043385
0.093924 2.1859 0.043883
0.094616 2.2549 0.044859
0.095314 2.3688 0.045073
0.096016 2.549 0.046436
0.096724 2.4744 0.045987
0.097436 2.541 0.046136
0.098154 2.4182 0.043799
0.098878 2.3299 0.043389
0.099606 2.3054 0.043033
0.10034 2.2051 0.041069
0.10108 2.1558 0.040917
0.10182 2.1914 0.040786
0.10257 2.2092 0.040386
0.10333 2.2737 0.041236
0.10409 2.306 0.040482
0.10486 2.317 0.040885
0.10563 2.316 0.040294
0.10641 2.3966 0.040786
0.10719 2.4287 0.041039
0.10798 2.43 0.040022
0.10878 2.4535 0.040799
0.10958 2.6061 0.040858
0.11039 2.6137 0.041362
0.1112 2.5771 0.040061
0.11202 2.6598 0.041287
0.11285 2.5401 0.039149
0.11368 2.604 0.040005
0.11452 2.6703 0.039441
0.11536 2.5875 0.039333
0.11621 2.5396 0.038332
0.11707 2.4536 0.037476
0.11793 2.3957 0.036826
0.1188 2.3605 0.036043
0.11967 2.3653 0.036329
0.12056 2.2699 0.034806
0.12144 2.1964 0.034093
0.12234 2.1462 0.033947
0.12324 2.0496 0.032326
0.12415 2.0264 0.032141
0.12506 1.9334 0.031597
0.12598 1.9635 0.030938
0.12691 1.8411 0.03006
0.12785 1.8522 0.029935
0.12879 1.7028 0.028626
0.12974 1.682 0.028023
0.1307 1.5767 0.027008
0.13166 1.6369 0.027434
0.13263 1.5381 0.02641
0.13361 1.5091 0.025846
0.13459 1.5217 0.025826
0.13558 1.5282 0.02558
0.13658 1.4785 0.025314
0.13759 1.4177 0.024345
0.1386 1.4221 0.024268
0.13962 1.379 0.023787
0.14065 1.3913 0.023592
0.14169 1.3406 0.023054
0.14273 1.3247 0.022834
0.14378 1.2925 0.022285
0.14484 1.2838 0.022114
0.14591 1.2391 0.021556
0.14699 1.2505 0.0216
0.14807 1.2874 0.021666
0.14916 1.248 0.021171
0.15026 1.2191 0.020744
0.15137 1.2376 0.020829
0.15248 1.227 0.020502
0.15361 1.1816 0.020062
0.15474 1.1825 0.019872
0.15588 1.1676 0.019666
0.15703 1.1517 0.019343
0.15818 1.1194 0.018956
0.15935 1.0905 0.018601
0.16052 1.1221 0.018647
0.16171 1.0806 0.01823
0.1629 1.123 0.018461
0.1641 1.0736 0.017913
0.16531 1.0692 0.017789
0.16653 1.0625 0.017541
0.16775 1.0533 0.017355
0.16899 1.0394 0.017118
0.17023 1.0406 0.017048
0.17149 1.0044 0.016613
0.17275 0.98569 0.016304
0.17403 0.96388 0.016064
0.17531 0.92826 0.015689
0.1766 0.90993 0.015334
0.1779 0.90114 0.015229
0.17921 0.82583 0.01445
0.18053 0.84488 0.014567
0.18186 0.85803 0.014515
0.1832 0.82314 0.014154
0.18455 0.78501 0.013747
0.18591 0.76133 0.01344
0.18728 0.72472 0.013011
0.18866 0.72198 0.012972
0.19005 0.68259 0.012428
0.19145 0.65871 0.012252
0.19286 0.68139 0.012281
0.19429 0.63565 0.011822
0.19572 0.62518 0.011677
