#
0.0050184 18.949 2.0988
0.0050554 18.781 2.3358
0.0050926 8.058 1.5331
0.0051301 13.165 1.7499
0.0051679 21.772 2.0532
0.005206 22.556 3.6186
0.0052444 16.168 4.3361
0.005283 NaN NaN
0.005322 14.254 2.3497
0.0053612 14.713 2.069
0.0054007 14.054 1.6502
0.0054405 18.147 1.4521
0.0054806 17.909 1.8626
0.005521 14.819 1.6949
0.0055616 15.236 1.883
0.0056026 15.018 1.8686
0.0056439 14.442 1.6727
0.0056855 16.558 2.5331
0.0057274 10.366 2.4584
0.0057696 8.6475 1.5869
0.0058121 17.616 2.2628
0.0058549 10.642 1.1731
0.0058981 13.468 2.2853
0.0059416 11.539 1.8324
0.0059853 13.852 1.5173
0.0060294 17.329 3.1737
0.0060739 12.698 1.066
0.0061186 10.67 1.7623
0.0061637 7.4891 1.0446
0.0062091 12.307 1.2616
0.0062549 10.604 1.572
0.006301 5.7383 1.8324
0.0063474 11.393 1.2875
0.0063942 9.2329 1.6389
0.0064413 6.8951 2.0073
0.0064888 15.015 2.9546
0.0065366 8.9539 0.8959
0.0065847 10.664 1.0175
0.0066333 8.8974 0.97131
0.0066821 10.383 1.314
0.0067314 10.379 1.5548
0.006781 7.3735 1.3111
0.006831 10.955 1.786
0.0068813 8.3422 1.1032
0.006932 5.575 0.96535
0.0069831 8.0747 1.7702
0.0070345 8.5601 1.1938
0.0070864 8.2771 0.77673
0.0071386 8.0684 0.92447
0.0071912 7.6871 1.7276
0.0072442 7.4846 1.0446
0.0072976 7.4189 0.98065
0.0073513 6.0333 0.76653
0.0074055 5.8776 0.92757
0.0074601 6.2034 1.2044
0.0075151 5.1588 1.7383
0.0075704 7.684 0.99741
0.0076262 6.6503 0.745
0.0076824 6.7954 0.84939
0.007739 4.9746 0.80414
0.0077961 5.2689 0.60206
0.0078535 8.3803 1.1823
0.0079114 6.1874 0.94992
0.0079697 5.7463 1.4961
0.0080284 5.9749 1.1818
0.0080876 5.8391 0.72422
0.0081471 3.7675 0.51014
0.0082072 6.2683 0.81607
0.0082677 5.0007 0.64652
0.0083286 4.7956 0.71455
0.00839 4.3883 0.92631
0.0084518 4.9728 0.80414
0.0085141 5.2087 0.68474
0.0085768 4.3345 0.60264
0.00864 5.5209 1.1355
0.0087037 6.1604 0.80924
0.0087678 4.9257 0.58245
0.0088324 4.2071 0.52305
0.0088975 3.5509 0.64525
0.0089631 4.0922 0.58533
0.0090291 3.8897 0.67575
0.0090956 3.6404 0.62329
0.0091627 1.1128 0.81951
0.0092302 3.1768 0.44405
0.0092982 5.3116 0.50874
0.0093667 3.7905 0.52731
0.0094357 5.4486 1.2629
0.0095053 3.6012 0.47247
0.0095753 3.5547 0.68137
0.0096459 3.1198 0.49471
0.0097169 2.8464 0.52897
0.0097885 4.0304 0.47473
0.0098607 4.3661 0.56571
0.0099333 2.3989 0.56129
0.010007 3.1034 0.38226
0.01008 3.4216 0.50182
0.010155 4.1195 0.69534
0.010229 2.5554 0.50183
0.010305 3.1313 0.48046
0.010381 2.8804 0.44703
0.010457 2.6565 0.34813
0.010534 3.2113 0.41479
0.010612 2.9865 0.66385
0.01069 3.2048 0.48589
0.010769 2.3403 0.43018
0.010848 3.592 0.44833
0.010928 2.7075 0.39023
0.011009 3.3824 0.39877
0.01109 2.7996 0.50429
0.011171 2.4879 0.37429
0.011254 2.0714 0.36986
0.011337 2.2717 0.43803
0.01142 3.2206 0.41478
0.011504 2.8238 0.3391
0.011589 2.1649 0.33424
0.011675 2.5702 0.39998
0.011761 2.6464 0.41726
0.011847 2.6853 0.53722
0.011935 2.0973 0.29847
0.012023 2.6593 0.31364
0.012111 1.5716 0.30663
0.0122 2.5401 0.37834
0.01229 2.5333 0.36875
0.012381 1.5437 0.2774
0.012472 2.3689 0.35728
0.012564 2.5749 0.34238
0.012657 2.5222 0.33248
0.01275 1.8285 0.27398
0.012844 2.1392 0.37543
0.012938 2.129 0.31202
0.013034 2.4681 0.3563
0.01313 2.3998 0.25401
0.013227 1.6664 0.27147
0.013324 2.8099 0.44181
0.013422 1.7249 0.27142
0.013521 1.5118 0.30111
0.013621 1.8882 0.23716
0.013721 1.8952 0.26959
0.013822 1.8007 0.29319
0.013924 1.7855 0.24305
0.014027 2.0474 0.39007
0.01413 1.9779 0.25552
0.014234 1.659 0.22823
0.014339 2.2952 0.27126
0.014445 1.4936 0.25755
0.014551 1.7206 0.34762
0.014658 1.8417 0.21155
0.014766 1.7866 0.24305
0.014875 1.9648 0.27472
0.014985 1.7035 0.2563
0.015095 1.5574 0.22764
0.015206 2.2346 0.27901
0.015319 2.3826 0.26213
0.015431 2.1588 0.23884
0.015545 1.8585 0.25508
0.01566 1.6167 0.26806
0.015775 1.9566 0.23818
0.015891 1.811 0.20578
0.016008 1.5442 0.24024
0.016126 1.472 0.21566
0.016245 1.346 0.21827
0.016365 1.8488 0.20396
0.016486 1.7552 0.22614
0.016607 1.6503 0.1968
0.016729 1.2624 0.22526
0.016853 1.9094 0.22251
0.016977 1.5409 0.19013
0.017102 1.6892 0.20928
0.017228 1.529 0.23559
0.017355 1.9253 0.19882
0.017483 1.4206 0.18858
0.017612 1.5487 0.20279
0.017741 1.8655 0.21287
0.017872 1.5524 0.19881
0.018004 1.5263 0.1936
0.018136 1.4685 0.16597
0.01827 1.8162 0.22194
0.018405 1.6845 0.23026
0.01854 1.2776 0.1444
0.018677 1.7389 0.2077
0.018815 1.6405 0.1943
0.018953 1.6841 0.19316
0.019093 1.3782 0.16617
0.019234 2.0301 0.19419
0.019375 1.7563 0.20059
0.019518 1.608 0.19416
0.019662 1.7098 0.16499
0.019807 1.6748 0.18427
0.019953 1.5372 0.19013
0.0201 1.3625 0.15528
0.020248 1.547 0.1616
0.020397 1.4212 0.16615
0.020547 1.4129 0.17253
0.020699 1.4817 0.16169
0.020851 1.5924 0.15526
0.021005 1.5992 0.18004
0.02116 1.6688 0.17129
0.021316 1.6464 0.15483
0.021473 1.0539 0.14144
0.021631 1.3052 0.14872
0.02179 1.4252 0.15311
0.021951 1.7373 0.15606
0.022113 1.2757 0.15053
0.022276 1.6057 0.16557
0.02244 1.9763 0.15579
0.022605 1.8928 0.19063
0.022772 1.532 0.14958
0.02294 1.613 0.14474
0.023109 1.7903 0.16043
0.023279 1.3768 0.15948
0.02345 1.6466 0.14238
0.023623 1.7711 0.15
0.023797 1.9525 0.18213
0.023973 1.7474 0.14233
0.024149 1.4846 0.14146
0.024327 1.8706 0.1565
0.024507 1.6274 0.14633
0.024687 1.7582 0.13998
0.024869 1.748 0.15666
0.025052 1.8119 0.14206
0.025237 1.9867 0.1611
0.025423 1.7113 0.14588
0.02561 1.9563 0.14561
0.025799 1.9218 0.14557
0.025989 1.7933 0.15774
0.026181 1.9448 0.13945
0.026373 2.074 0.15037
0.026568 1.5102 0.13075
0.026764 2.2485 0.15088
0.026961 2.0031 0.14713
0.027159 2.1557 0.1554
0.02736 2.0881 0.13763
0.027561 2.0599 0.15497
0.027764 2.0083 0.133
0.027969 2.1146 0.14778
0.028175 2.0129 0.13895
0.028383 2.2551 0.1487
0.028592 2.0893 0.14041
0.028802 2.0393 0.13714
0.029015 2.4615 0.14379
0.029228 2.1611 0.14501
0.029444 2.1929 0.13489
0.029661 2.3573 0.14122
0.029879 2.3115 0.14628
0.0301 2.5405 0.1406
0.030321 2.5793 0.15811
0.030545 2.4731 0.13442
0.03077 2.554 0.14488
0.030997 2.2567 0.13928
0.031225 2.8944 0.1417
0.031455 2.5987 0.14869
0.031687 2.856 0.14122
0.03192 2.8922 0.15082
0.032156 2.7533 0.1425
0.032393 2.9225 0.14236
0.032631 2.4737 0.13605
0.032872 3.2584 0.1485
0.033114 2.3616 0.12907
0.033358 3.1784 0.14884
0.033604 2.8223 0.13644
0.033851 3.1829 0.14161
0.034101 3.1505 0.15424
0.034352 3.0438 0.13167
0.034605 3.138 0.14617
0.03486 2.9975 0.13566
0.035117 3.3318 0.14143
0.035376 3.2155 0.13973
0.035637 3.69 0.15146
0.035899 2.9525 0.13002
0.036164 3.6923 0.14445
0.03643 3.375 0.14461
0.036699 3.8106 0.13981
0.036969 3.2396 0.13608
0.037241 4.1385 0.151
0.037516 3.2762 0.13553
0.037792 3.93 0.14138
0.038071 3.5016 0.1347
0.038351 4.0008 0.14783
0.038634 3.5336 0.1297
0.038919 4.1456 0.1448
0.039205 3.689 0.13444
0.039494 4.0542 0.14478
0.039785 4.1228 0.13413
0.040079 4.0324 0.13988
0.040374 4.1376 0.13614
0.040671 3.8865 0.13819
0.040971 4.379 0.13815
0.041273 3.9851 0.13288
0.041577 4.4025 0.13751
0.041883 4.1197 0.13457
0.042192 4.7069 0.14455
0.042503 4.329 0.1312
0.042816 4.3143 0.1335
0.043132 4.6148 0.13474
0.04345 4.3226 0.13363
0.04377 5.0787 0.14268
0.044092 4.7131 0.13526
0.044417 5.0721 0.13978
0.044744 5.0683 0.13492
0.045074 4.9116 0.13579
0.045406 5.5643 0.14309
0.045741 5.5099 0.14128
0.046078 6.1138 0.1483
0.046417 6.0922 0.14581
0.04676 5.958 0.14594
0.047104 6.6878 0.14919
0.047451 6.5571 0.14566
0.047801 6.8173 0.14977
0.048153 7.3993 0.15554
0.048508 7.4909 0.15228
0.048865 8.3166 0.16213
0.049225 8.5429 0.16387
0.049588 9.1616 0.16591
0.049954 9.9065 0.17271
0.050322 11.411 0.18798
0.050693 11.782 0.18246
0.051066 12.861 0.1932
0.051442 14.293 0.20113
0.051821 15.096 0.20495
0.052203 15.766 0.20893
0.052588 16.975 0.21349
0.052975 16.558 0.21136
0.053366 16.759 0.20974
0.053759 15.297 0.19928
0.054155 14.312 0.19171
0.054554 12.75 0.17565
0.054956 11.498 0.16914
0.055361 10.491 0.1594
0.055769 9.7439 0.15527
0.05618 8.8833 0.1448
0.056594 8.3152 0.13928
0.057011 7.479 0.13097
0.057431 7.3542 0.13091
0.057854 6.6902 0.12214
0.058281 6.3569 0.11976
0.05871 5.7473 0.11138
0.059143 5.8082 0.11185
0.059579 5.9005 0.11211
0.060018 5.9419 0.11079
0.06046 5.9173 0.11028
0.060905 6.1161 0.11112
0.061354 6.2502 0.11253
0.061806 6.5765 0.11375
0.062262 6.2066 0.10988
0.062721 6.2258 0.10835
0.063183 5.6119 0.10393
0.063648 5.3966 0.10021
0.064117 5.2509 0.09688
0.06459 4.898 0.093879
0.065066 4.8104 0.092416
0.065545 4.653 0.090989
0.066028 4.6712 0.090739
0.066515 4.593 0.087343
0.067005 4.6958 0.089123
0.067499 4.2781 0.085486
0.067996 4.1281 0.08181
0.068497 3.8177 0.077551
0.069002 3.4607 0.075096
0.06951 3.202 0.070499
0.070023 3.0787 0.068616
0.070539 2.8385 0.066445
0.071058 2.5343 0.061324
0.071582 2.6268 0.061986
0.072109 2.2983 0.0585
0.072641 2.3817 0.058547
0.073176 2.3765 0.058238
0.073715 2.3872 0.057915
0.074258 2.4141 0.057254
0.074806 2.2455 0.055687
0.075357 2.2795 0.055418
0.075912 2.1969 0.054067
0.076472 2.2572 0.05367
0.077035 2.1527 0.053026
0.077603 2.1582 0.052405
0.078175 2.2502 0.05287
0.078751 2.254 0.05272
0.079331 2.2315 0.052113
0.079916 2.1901 0.051344
0.080504 2.2442 0.051868
0.081098 2.2318 0.050163
0.081695 2.2048 0.05113
0.082297 2.2299 0.049362
0.082904 2.1575 0.049289
0.083515 2.1801 0.048242
0.08413 2.1715 0.048605
0.08475 2.1453 0.048148
0.085374 2.0942 0.046784
0.086004 2.2341 0.04859
0.086637 2.2075 0.046862
0.087276 2.3437 0.047923
0.087919 2.3082 0.048096
0.088567 2.3848 0.04824
0.089219 2.3603 0.047739
0.089877 2.3927 0.047368
0.090539 2.347 0.04656
0.091206 2.4032 0.046727
0.091878 2.351 0.046354
0.092555 2.3545 0.046012
0.093237 2.266 0.04425
0.093924 2.3638 0.044922
0.094616 2.4478 0.046008
0.095314 2.4068 0.044755
0.096016 2.2964 0.043473
0.096724 2.3937 0.044579
0.097436 2.4203 0.044385
0.098154 2.4801 0.04369
0.098878 2.4082 0.043446
0.099606 2.4009 0.043248
0.10034 2.3821 0.04202
0.10108 2.3819 0.042328
0.10182 2.4598 0.042519
0.10257 2.4393 0.041766
0.10333 2.4179 0.041868
0.10409 2.4564 0.041137
0.10486 2.5033 0.041837
0.10563 2.3994 0.040393
0.10641 2.3925 0.040151
0.10719 2.4105 0.040285
0.10798 2.3747 0.03899
0.10878 2.3696 0.039518
0.10958 2.2721 0.037641
0.11039 2.2607 0.037957
0.1112 2.2245 0.036728
0.11202 2.1805 0.036907
0.11285 2.1381 0.035454
0.11368 2.0598 0.035144
0.11452 2.0058 0.033783
0.11536 1.9907 0.034089
0.11621 1.9298 0.033024
0.11707 1.9439 0.032951
0.11793 1.8572 0.03204
0.1188 1.8431 0.031472
0.11967 1.7152 0.0306
0.12056 1.6687 0.029518
0.12144 1.6755 0.029439
0.12234 1.6559 0.029477
0.12324 1.606 0.028284
0.12415 1.514 0.027483
0.12506 1.5561 0.028013
0.12598 1.5262 0.026968
0.12691 1.512 0.026914
0.12785 1.4445 0.026142
0.12879 1.4939 0.026468
0.12974 1.4674 0.02584
0.1307 1.4458 0.025513
0.13166 1.4021 0.025076
0.13263 1.4057 0.024909
0.13361 1.3869 0.024442
0.13459 1.338 0.023909
0.13558 1.3532 0.023761
0.13658 1.3104 0.023525
0.13759 1.3316 0.023267
0.1386 1.2839 0.022756
0.13962 1.2757 0.022569
0.14065 1.2952 0.022451
0.14169 1.2377 0.021853
0.14273 1.2249 0.02166
0.14378 1.2454 0.021562
0.14484 1.1787 0.020907
0.14591 1.191 0.020833
0.14699 1.1628 0.020546
0.14807 1.1738 0.020415
0.14916 1.1717 0.020231
0.15026 1.1437 0.019816
0.15137 1.1354 0.019685
0.15248 1.1257 0.019377
0.15361 1.082 0.018944
0.15474 1.0898 0.018823
0.15588 1.0799 0.018659
0.15703 1.0283 0.018047
0.15818 1.0378 0.018007
0.15935 1.0469 0.017967
0.16052 1.0191 0.01754
0.16171 0.9926 0.017242
0.1629 0.9856 0.017085
0.1641 0.93704 0.016535
0.16531 0.9291 0.016387
0.16653 0.93166 0.016228
0.16775 0.88538 0.015739
0.16899 0.87705 0.015553
0.17023 0.85307 0.015278
0.17149 0.8507 0.015122
0.17275 0.81696 0.01469
0.17403 0.83353 0.014769
0.17531 0.76741 0.014124
0.1766 0.75389 0.013819
0.1779 0.76224 0.013859
0.17921 0.73555 0.013475
0.18053 0.73948 0.013473
0.18186 0.71775 0.013143
0.1832 0.71141 0.013016
0.18455 0.7072 0.012891
0.18591 0.66851 0.012454
0.18728 0.65307 0.012204
0.18866 0.63088 0.011994
0.19005 0.59189 0.011453
0.19145 0.61149 0.011654
0.19286 0.58273 0.011247
0.19429 0.54593 0.010851
0.19572 0.515 0.010517
