#
0.0050184 8.2729 1.1877
0.0050554 13.536 1.6967
0.0050926 314.49 8.1676
0.0051301 9.9773 1.3033
0.0051679 15.938 1.503
0.005206 188.31 8.9381
0.0052444 124.67 10.286
0.005283 NaN NaN
0.005322 8.4553 1.5489
0.0053612 9.0737 1.3908
0.0054007 26.973 1.9541
0.0054405 15.49 1.1477
0.0054806 10.565 1.2245
0.005521 616.3 9.3352
0.0055616 7.421 1.1255
0.0056026 243.45 6.4274
0.0056439 15.238 1.4694
0.0056855 7.8799 1.4964
0.0057274 220.53 9.6728
0.0057696 5.0579 1.039
0.0058121 8.866 1.3745
0.0058549 8.4501 0.89426
0.0058981 35.028 3.149
0.0059416 13.113 1.67
0.0059853 17.291 1.4493
0.0060294 10.565 2.1209
0.0060739 219.23 3.7828
0.0061186 10.357 1.4846
0.0061637 114.6 3.4866
0.0062091 8.255 0.88427
0.0062549 66.979 3.3722
0.006301 3.3524 1.1998
0.0063474 6.4318 0.82825
0.0063942 7.8195 1.2901
0.0064413 52.556 4.7235
0.0064888 15.658 2.5802
0.0065366 7.9905 0.72376
0.0065847 66.415 2.1675
0.0066333 114.49 2.972
0.0066821 90.256 3.308
0.0067314 7.5983 1.1382
0.006781 43.914 2.7306
0.006831 6.3231 1.1617
0.0068813 6.4252 0.82825
0.006932 12.686 1.2419
0.0069831 7.0423 1.414
0.0070345 7.5997 0.96196
0.0070864 6.9607 0.60919
0.0071386 58.12 2.1178
0.0071912 306.23 9.3063
0.0072442 60.517 2.534
0.0072976 4.0171 0.61813
0.0073513 18.627 1.1487
0.0074055 5.7874 0.78647
0.0074601 13.364 1.5081
0.0075151 1.2315 0.73475
0.0075704 4.871 0.67975
0.0076262 8.2013 0.70669
0.0076824 46.313 1.8907
0.007739 77.544 2.7042
0.0077961 26.014 1.1402
0.0078535 20.557 1.5802
0.0079114 4.9537 0.72702
0.0079697 17.498 2.2267
0.0080284 3.1863 0.7396
0.0080876 4.6662 0.55375
0.0081471 5.9519 0.54668
0.0082072 7.3653 0.75567
0.0082677 65.349 1.9905
0.0083286 31.353 1.5559
0.00839 23.291 1.8163
0.0084518 5.2429 0.70541
0.0085141 6.3582 0.64604
0.0085768 3.5973 0.4694
0.00864 2.8539 0.69959
0.0087037 5.898 0.67677
0.0087678 18.827 0.97025
0.0088324 41.115 1.3926
0.0088975 2.9388 0.50191
0.0089631 9.7221 0.7689
0.0090291 3.9504 0.58162
0.0090956 3.1277 0.49385
0.0091627 5.9049 1.5872
0.0092302 3.8437 0.41648
0.0092982 13.539 0.69269
0.0093667 38.831 1.4355
0.0094357 2.292 0.70345
0.0095053 5.6279 0.5032
0.0095753 5.4301 0.7179
0.0096459 2.4536 0.37517
0.0097169 3.8512 0.52431
0.0097885 3.3545 0.37027
0.0098607 34.162 1.3466
0.0099333 22.965 1.4724
0.010007 5.4278 0.43059
0.01008 4.0955 0.4683
0.010155 2.6764 0.47992
0.010229 2.5777 0.43005
0.010305 3.3528 0.42419
0.010381 4.4541 0.47344
0.010457 21.653 0.84144
0.010534 4.9731 0.43968
0.010612 3.883 0.64507
0.01069 2.6112 0.37494
0.010769 2.7313 0.39592
0.010848 2.266 0.30501
0.010928 3.3556 0.37027
0.011009 19.885 0.82218
0.01109 6.0956 0.63272
0.011171 2.1849 0.29961
0.011254 2.8832 0.37112
0.011337 3.0568 0.43276
0.01142 2.2805 0.29871
0.011504 11.136 0.57177
0.011589 8.1136 0.54835
0.011675 2.2834 0.32199
0.011761 3.257 0.39434
0.011847 3.7397 0.53988
0.011935 2.0807 0.25351
0.012023 4.704 0.35471
0.012111 15.276 0.80596
0.0122 3.7582 0.39169
0.01229 3.2813 0.35762
0.012381 2.332 0.28935
0.012472 2.1969 0.29369
0.012564 4.6259 0.3902
0.012657 9.2618 0.5406
0.01275 3.3571 0.31508
0.012844 1.9902 0.30907
0.012938 1.8196 0.24636
0.013034 2.5814 0.31081
0.01313 4.7647 0.30426
0.013227 4.8962 0.39371
0.013324 2.4063 0.34934
0.013422 1.4142 0.20993
0.013521 1.6582 0.26829
0.013621 2.1458 0.21526
0.013721 7.1892 0.44466
0.013822 2.5738 0.29779
0.013924 2.2026 0.2297
0.014027 1.0746 0.243
0.01413 1.9192 0.2147
0.014234 4.7643 0.32736
0.014339 3.7438 0.29454
0.014445 1.9103 0.24742
0.014551 2.4074 0.34934
0.014658 1.4694 0.1615
0.014766 4.9607 0.34313
0.014875 3.1078 0.29349
0.014985 1.8218 0.22568
0.015095 1.3051 0.17793
0.015206 1.9353 0.22179
0.015319 3.3996 0.26661
0.015431 3.296 0.25083
0.015545 1.8845 0.21896
0.01566 1.6863 0.23304
0.015775 1.8255 0.19631
0.015891 3.7877 0.25229
0.016008 3.0393 0.28555
0.016126 1.926 0.20944
0.016245 1.4844 0.19489
0.016365 1.7536 0.16941
0.016486 4.2232 0.29699
0.016607 2.0232 0.18525
0.016729 1.518 0.20973
0.016853 1.656 0.17691
0.016977 3.4569 0.24107
0.017102 1.8268 0.18536
0.017228 1.582 0.20406
0.017355 1.3509 0.14258
0.017483 2.6837 0.21934
0.017612 2.8305 0.23244
0.017741 1.5388 0.16517
0.017872 1.7502 0.17961
0.018004 1.706 0.17401
0.018136 3.0767 0.20322
0.01827 1.7924 0.18794
0.018405 1.9029 0.20825
0.01854 1.692 0.14089
0.018677 3.6944 0.25674
0.018815 1.5762 0.16234
0.018953 1.7671 0.16849
0.019093 1.8998 0.16551
0.019234 2.6129 0.18747
0.019375 1.8567 0.17573
0.019518 1.6097 0.16552
0.019662 1.9869 0.15135
0.019807 2.2757 0.18246
0.019953 1.7075 0.17047
0.0201 1.2719 0.12785
0.020248 2.2677 0.16601
0.020397 1.9025 0.16307
0.020547 1.7339 0.16237
0.020699 1.6211 0.14389
0.020851 2.3256 0.15929
0.021005 1.7459 0.16013
0.02116 1.5585 0.14116
0.021316 2.364 0.15759
0.021473 1.9513 0.16236
0.021631 1.78 0.14733
0.02179 1.8104 0.14655
0.021951 2.6492 0.16371
0.022113 1.957 0.15782
0.022276 2.1451 0.16261
0.02244 2.5051 0.14921
0.022605 2.3298 0.17999
0.022772 1.5043 0.1263
0.02294 2.4073 0.15012
0.023109 2.0465 0.146
0.023279 2.0782 0.16613
0.02345 2.0188 0.13408
0.023623 2.4067 0.14858
0.023797 2.0354 0.1585
0.023973 2.1111 0.13308
0.024149 2.4595 0.1543
0.024327 1.9754 0.13703
0.024507 2.1889 0.14414
0.024687 2.5954 0.14448
0.024869 2.4575 0.15782
0.025052 2.2541 0.1348
0.025237 2.3494 0.14918
0.025423 2.4105 0.14709
0.02561 2.5582 0.14159
0.025799 2.9623 0.15354
0.025989 2.6151 0.16181
0.026181 2.5573 0.13603
0.026373 2.9271 0.15193
0.026568 2.5463 0.14385
0.026764 2.8135 0.14376
0.026961 2.5308 0.14075
0.027159 2.7067 0.14824
0.02736 3.1477 0.14366
0.027561 3.0385 0.16
0.027764 2.7271 0.13183
0.027969 3.5252 0.16214
0.028175 3.0404 0.14515
0.028383 3.551 0.15866
0.028592 3.1994 0.14768
0.028802 2.8543 0.13796
0.029015 3.571 0.14739
0.029228 3.1051 0.14785
0.029444 3.4921 0.14473
0.029661 3.671 0.14992
0.029879 2.998 0.14186
0.0301 3.7855 0.14609
0.030321 3.7589 0.1625
0.030545 3.5126 0.13637
0.03077 3.8494 0.15137
0.030997 3.7608 0.15284
0.031225 4.2699 0.14662
0.031455 3.7946 0.15297
0.031687 4.0236 0.1428
0.03192 4.1026 0.15304
0.032156 3.8874 0.14425
0.032393 4.6299 0.15261
0.032631 4.1522 0.14998
0.032872 4.9209 0.1555
0.033114 4.062 0.14391
0.033358 4.832 0.15636
0.033604 4.5071 0.14679
0.033851 5.0978 0.15266
0.034101 5.2433 0.16948
0.034352 4.7367 0.1399
0.034605 5.6175 0.16653
0.03486 5.3407 0.15416
0.035117 6.1186 0.16324
0.035376 5.2973 0.15276
0.035637 6.6204 0.17288
0.035899 5.7077 0.15384
0.036164 6.8963 0.16819
0.03643 6.78 0.1745
0.036699 8.4843 0.17769
0.036969 8.1461 0.1836
0.037241 10.937 0.20908
0.037516 9.368 0.19494
0.037792 11.465 0.20556
0.038071 11.231 0.20524
0.038351 12.783 0.22495
0.038634 10.797 0.19292
0.038919 12.324 0.21262
0.039205 9.6404 0.18499
0.039494 11.012 0.20322
0.039785 9.3329 0.17193
0.040079 10.08 0.18836
0.040374 9.3117 0.17401
0.040671 9.5904 0.18488
0.040971 9.8769 0.17684
0.041273 9.2987 0.1729
0.041577 9.5695 0.1728
0.041883 8.0878 0.1607
0.042192 9.3531 0.17374
0.042503 8.5391 0.15707
0.042816 8.5631 0.16031
0.043132 9.4517 0.16438
0.04345 7.8551 0.15357
0.04377 9.2361 0.16415
0.044092 8.0777 0.15102
0.044417 7.9696 0.1495
0.044744 7.6249 0.14123
0.045074 7.316 0.14142
0.045406 7.7237 0.14392
0.045741 7.3987 0.13978
0.046078 7.2536 0.13798
0.046417 6.9751 0.13329
0.04676 6.8709 0.13388
0.047104 6.68 0.12744
0.047451 6.2222 0.1213
0.047801 6.2981 0.12307
0.048153 5.8636 0.11844
0.048508 5.7336 0.11397
0.048865 5.5272 0.11313
0.049225 5.1949 0.1094
0.049588 4.966 0.10461
0.049954 4.6582 0.10148
0.050322 4.727 0.10369
0.050693 4.45 0.096143
0.051066 3.9576 0.091949
0.051442 3.8234 0.089283
0.051821 3.7225 0.087365
0.052203 3.5224 0.08481
0.052588 3.5215 0.083516
0.052975 3.2341 0.080267
0.053366 3.1451 0.078093
0.053759 3.1403 0.077593
0.054155 2.9073 0.074273
0.054554 2.8129 0.070922
0.054956 2.8267 0.072076
0.055361 2.5976 0.068193
0.055769 2.5694 0.068537
0.05618 2.5264 0.066377
0.056594 2.3805 0.06407
0.057011 2.2657 0.061981
0.057431 2.3179 0.063175
0.057854 2.1785 0.059923
0.058281 2.1389 0.059726
0.05871 2.1626 0.058711
0.059143 2.0483 0.057105
0.059579 2.0333 0.056587
0.060018 2.0513 0.055962
0.06046 1.9842 0.054923
0.060905 1.9534 0.054015
0.061354 2.0193 0.055014
0.061806 2.0613 0.054779
0.062262 1.9694 0.05325
0.062721 1.9173 0.051746
0.063183 1.9447 0.052619
0.063648 1.8661 0.050684
0.064117 1.9471 0.050716
0.06459 1.9391 0.050761
0.065066 1.9913 0.051082
0.065545 1.9188 0.050211
0.066028 1.9941 0.050923
0.066515 2.1001 0.050705
0.067005 2.039 0.050437
0.067499 2.1336 0.0518
0.067996 2.0924 0.049971
0.068497 2.0826 0.04912
0.069002 1.9339 0.048141
0.06951 1.9404 0.047033
0.070023 1.8531 0.045629
0.070539 1.9572 0.047233
0.071058 1.8936 0.045345
0.071582 1.8421 0.044431
0.072109 1.9107 0.045578
0.072641 1.9107 0.044825
0.073176 1.9606 0.045205
0.073715 1.9278 0.044486
0.074258 1.9863 0.044384
0.074806 1.9403 0.044213
0.075357 2.0439 0.044808
0.075912 2.0507 0.044583
0.076472 2.0581 0.043753
0.077035 2.1091 0.044775
0.077603 2.0949 0.044048
0.078175 2.1015 0.043608
0.078751 2.1213 0.043649
0.079331 2.2091 0.044231
0.079916 2.1896 0.043789
0.080504 2.1982 0.0438
0.081098 2.1615 0.042123
0.081695 2.2077 0.04364
0.082297 2.1069 0.040947
0.082904 2.1859 0.042313
0.083515 2.07 0.040114
0.08413 2.0293 0.040102
0.08475 2.0672 0.040324
0.085374 1.9758 0.038776
0.086004 1.923 0.038507
0.086637 1.8445 0.036598
0.087276 1.9313 0.037177
0.087919 1.8189 0.036502
0.088567 1.8423 0.036258
0.089219 1.7784 0.035444
0.089877 1.7281 0.034447
0.090539 1.7572 0.034462
0.091206 1.6609 0.033257
0.091878 1.6641 0.033379
0.092555 1.6418 0.032892
0.093237 1.6458 0.032269
0.093924 1.5659 0.031318
0.094616 1.5432 0.031307
0.095314 1.5131 0.030414
0.096016 1.4867 0.029971
0.096724 1.5072 0.030318
0.097436 1.473 0.029689
0.098154 1.4523 0.028678
0.098878 1.4067 0.028484
0.099606 1.4227 0.028555
0.10034 1.391 0.027546
0.10108 1.3916 0.027755
0.10182 1.3442 0.026986
0.10257 1.3217 0.026398
0.10333 1.3335 0.026693
0.10409 1.3191 0.025888
0.10486 1.2733 0.025642
0.10563 1.3061 0.025589
0.10641 1.2587 0.025018
0.10719 1.2195 0.024629
0.10798 1.2411 0.024218
0.10878 1.2288 0.024454
0.10958 1.1677 0.023195
0.11039 1.2091 0.023846
0.1112 1.2062 0.023231
0.11202 1.1403 0.022939
0.11285 1.1544 0.022381
0.11368 1.1497 0.022547
0.11452 1.1457 0.02192
0.11536 1.148 0.022223
0.11621 1.1536 0.021908
0.11707 1.1101 0.021381
0.11793 1.1181 0.021331
0.1188 1.0924 0.020796
0.11967 1.0595 0.020633
0.12056 1.1092 0.020621
0.12144 1.0799 0.020262
0.12234 1.0989 0.020577
0.12324 1.0763 0.01984
0.12415 1.0504 0.019604
0.12506 1.0491 0.019706
0.12598 1.0231 0.01892
0.12691 1.0057 0.018811
0.12785 1.0441 0.01902
0.12879 1.0054 0.018605
0.12974 0.99985 0.018272
0.1307 0.96476 0.017861
0.13166 0.96528 0.017822
0.13263 0.94423 0.017495
0.13361 0.95561 0.017378
0.13459 0.90416 0.016841
0.13558 0.93081 0.016881
0.13658 0.91734 0.016855
0.13759 0.90077 0.016397
0.1386 0.87426 0.016089
0.13962 0.85147 0.015805
0.14065 0.8379 0.015488
0.14169 0.84472 0.015469
0.14273 0.85981 0.015539
0.14378 0.82577 0.015053
0.14484 0.83268 0.015046
0.14591 0.77972 0.014457
0.14699 0.77278 0.014361
0.14807 0.77331 0.01421
0.14916 0.7827 0.014175
0.15026 0.77341 0.013966
0.15137 0.72661 0.013515
0.15248 0.74502 0.013517
0.15361 0.74937 0.013506
0.15474 0.69885 0.012937
0.15588 0.72444 0.013102
0.15703 0.70436 0.0128
0.15818 0.67721 0.012481
0.15935 0.65151 0.012176
0.16052 0.66155 0.012127
0.16171 0.66759 0.012124
0.1629 0.6695 0.01207
0.1641 0.62858 0.011614
0.16531 0.62674 0.011541
0.16653 0.61916 0.011348
0.16775 0.59582 0.011073
0.16899 0.60061 0.011032
0.17023 0.59327 0.010917
0.17149 0.5683 0.010603
0.17275 0.55795 0.010409
0.17403 0.54567 0.010258
0.17531 0.56376 0.010356
0.1766 0.52302 0.0098649
0.1779 0.53498 0.009947
0.17921 0.52678 0.009764
0.18053 0.50499 0.009548
0.18186 0.50006 0.0094016
0.1832 0.49946 0.0093442
0.18455 0.4578 0.0089124
0.18591 0.47486 0.0089902
0.18728 0.44132 0.0086092
0.18866 0.43786 0.0085667
0.19005 0.42343 0.0082961
0.19145 0.41819 0.0082679
0.19286 0.40831 0.0080692
0.19429 0.39676 0.0079172
0.19572 0.37601 0.0076901
