#
0.0050184 40.213 1.0874
0.0050554 40.346 1.2178
0.0050926 24.91 0.95694
0.0051301 29.042 0.92414
0.0051679 41.399 1.0072
0.005206 28.881 1.4571
0.0052444 28.218 2.0369
0.005283 NaN NaN
0.005322 22.095 1.0406
0.0053612 34.501 1.1262
0.0054007 28.635 0.83769
0.0054405 34.143 0.70852
0.0054806 38.067 0.96583
0.005521 28.757 0.83948
0.0055616 32.127 0.972
0.0056026 30.718 0.95042
0.0056439 27.166 0.81591
0.0056855 36.989 1.3464
0.0057274 29.687 1.4774
0.0057696 24.14 0.942
0.0058121 31.047 1.0683
0.0058549 25.393 0.6441
0.0058981 29.345 1.1993
0.0059416 28.99 1.0323
0.0059853 25.74 0.73532
0.0060294 31.084 1.5117
0.0060739 23.786 0.51869
0.0061186 26.087 0.97926
0.0061637 20.575 0.61496
0.0062091 25.768 0.64884
0.0062549 24.16 0.84294
0.006301 10.798 0.89116
0.0063474 20.445 0.61304
0.0063942 23.222 0.9239
0.0064413 18.221 1.1575
0.0064888 20.28 1.2211
0.0065366 18.754 0.46058
0.0065847 21.247 0.51027
0.0066333 19.063 0.50483
0.0066821 20.092 0.64966
0.0067314 19.722 0.76159
0.006781 12.46 0.6054
0.006831 18.222 0.81848
0.0068813 17.045 0.55977
0.006932 14.505 0.55204
0.0069831 20.576 1.0042
0.0070345 17.382 0.60429
0.0070864 16.044 0.38402
0.0071386 15.711 0.45829
0.0071912 15.528 0.87244
0.0072442 15.117 0.52716
0.0072976 14.498 0.48674
0.0073513 14.62 0.4233
0.0074055 13.443 0.49716
0.0074601 14.488 0.6528
0.0075151 7.5636 0.74596
0.0075704 12.719 0.45589
0.0076262 12.761 0.36616
0.0076824 12.636 0.41104
0.007739 12.228 0.44702
0.0077961 12.394 0.32746
0.0078535 11.122 0.48347
0.0079114 12.858 0.48617
0.0079697 11.999 0.76699
0.0080284 8.9019 0.51178
0.0080876 11.517 0.36097
0.0081471 10.803 0.30573
0.0082072 11.46 0.39145
0.0082677 9.3496 0.31343
0.0083286 9.7894 0.36182
0.00839 9.9894 0.49489
0.0084518 10.023 0.40474
0.0085141 8.8477 0.31642
0.0085768 8.5301 0.2994
0.00864 8.6092 0.50326
0.0087037 9.1741 0.35028
0.0087678 8.2172 0.26667
0.0088324 8.5617 0.26451
0.0088975 7.6683 0.33587
0.0089631 8.0898 0.29156
0.0090291 7.0645 0.32241
0.0090956 8.1862 0.33088
0.0091627 8.3734 0.78479
0.0092302 7.3586 0.23872
0.0092982 7.5891 0.21569
0.0093667 7.8035 0.26787
0.0094357 8.0414 0.54387
0.0095053 7.0643 0.23391
0.0095753 6.8864 0.33554
0.0096459 6.6777 0.25594
0.0097169 5.984 0.2709
0.0097885 6.5174 0.21371
0.0098607 6.581 0.24602
0.0099333 6.7888 0.33315
0.010007 6.6502 0.19784
0.01008 5.5149 0.22524
0.010155 6.388 0.3066
0.010229 5.6653 0.2636
0.010305 6.599 0.24636
0.010381 6.0207 0.2283
0.010457 5.7931 0.18111
0.010534 5.5726 0.19309
0.010612 5.5056 0.31828
0.01069 4.9453 0.21331
0.010769 5.197 0.22583
0.010848 5.3978 0.1945
0.010928 4.9566 0.1864
0.011009 4.6863 0.16611
0.01109 4.7879 0.23285
0.011171 4.6627 0.18079
0.011254 4.5994 0.19395
0.011337 4.8978 0.22691
0.01142 4.5314 0.17412
0.011504 4.449 0.15029
0.011589 4.4035 0.16789
0.011675 4.2797 0.18211
0.011761 4.019 0.18134
0.011847 4.831 0.25427
0.011935 3.7732 0.14088
0.012023 4.3019 0.1407
0.012111 4.2714 0.17732
0.0122 3.5913 0.15871
0.01229 3.8829 0.1612
0.012381 3.8771 0.15423
0.012472 3.6749 0.15685
0.012564 3.7643 0.14602
0.012657 3.7337 0.14271
0.01275 3.4255 0.1319
0.012844 3.3911 0.16657
0.012938 3.6455 0.14371
0.013034 3.6878 0.15366
0.01313 3.1476 0.10265
0.013227 3.3475 0.13513
0.013324 3.1236 0.16453
0.013422 3.1904 0.12956
0.013521 3.0216 0.14919
0.013621 2.9775 0.10473
0.013721 3.0098 0.11959
0.013822 3.0862 0.13486
0.013924 2.844 0.10789
0.014027 2.7037 0.15781
0.01413 2.897 0.10889
0.014234 2.7366 0.10301
0.014339 2.6432 0.10261
0.014445 2.7267 0.12199
0.014551 2.8384 0.15685
0.014658 2.7747 0.091344
0.014766 2.7502 0.10609
0.014875 2.6677 0.11262
0.014985 2.6014 0.11121
0.015095 2.37 0.098514
0.015206 2.5534 0.1052
0.015319 2.3711 0.092323
0.015431 2.5247 0.090945
0.015545 2.35 0.10094
0.01566 2.4156 0.11486
0.015775 2.4605 0.094048
0.015891 2.2446 0.080555
0.016008 2.4469 0.10616
0.016126 2.4034 0.09656
0.016245 2.3499 0.10094
0.016365 2.1761 0.077813
0.016486 2.2019 0.088991
0.016607 2.1867 0.079517
0.016729 2.179 0.10349
0.016853 2.0191 0.080469
0.016977 2.2449 0.080556
0.017102 2.0615 0.08129
0.017228 2.0694 0.096166
0.017355 2.0691 0.072536
0.017483 2.0699 0.079747
0.017612 1.9311 0.079553
0.017741 2.0517 0.078579
0.017872 2.0549 0.080295
0.018004 2.0687 0.078922
0.018136 2.0262 0.068334
0.01827 2.0212 0.082316
0.018405 2.0629 0.089482
0.01854 1.9897 0.062979
0.018677 1.9755 0.077903
0.018815 2.04 0.076069
0.018953 1.8743 0.071563
0.019093 1.9463 0.069171
0.019234 1.8631 0.065535
0.019375 2.0632 0.076488
0.019518 1.8845 0.073829
0.019662 1.9673 0.062201
0.019807 1.8918 0.068781
0.019953 1.864 0.073434
0.0201 1.8613 0.063547
0.020248 1.9955 0.064387
0.020397 1.9539 0.068188
0.020547 1.7654 0.0676
0.020699 1.8332 0.063067
0.020851 1.9214 0.059896
0.021005 1.8997 0.068917
0.02116 1.7293 0.061263
0.021316 1.8995 0.058452
0.021473 1.946 0.066969
0.021631 1.822 0.061528
0.02179 1.7919 0.06018
0.021951 1.8755 0.057048
0.022113 1.9757 0.065467
0.022276 1.8397 0.062265
0.02244 1.8845 0.053541
0.022605 1.8833 0.06694
0.022772 1.8419 0.057566
0.02294 1.9496 0.055905
0.023109 1.9027 0.058154
0.023279 1.8913 0.065512
0.02345 1.9381 0.054287
0.023623 1.9356 0.055117
0.023797 1.9257 0.063701
0.023973 1.8616 0.05164
0.024149 2.2068 0.060466
0.024327 1.9917 0.056819
0.024507 2.0287 0.057345
0.024687 2.06 0.053284
0.024869 2.0948 0.060287
0.025052 1.9638 0.052029
0.025237 2.1955 0.059643
0.025423 2.0716 0.056412
0.02561 2.1847 0.054123
0.025799 2.1822 0.054585
0.025989 2.0788 0.059709
0.026181 2.2147 0.052385
0.026373 2.4103 0.057095
0.026568 2.2414 0.05584
0.026764 2.3736 0.054684
0.026961 2.3216 0.055781
0.027159 2.3524 0.057201
0.02736 2.5643 0.053715
0.027561 2.5703 0.060946
0.027764 2.2944 0.050058
0.027969 2.6984 0.058806
0.028175 2.4866 0.05437
0.028383 2.6456 0.056768
0.028592 2.5321 0.054428
0.028802 2.4856 0.053296
0.029015 2.7906 0.054007
0.029228 2.7999 0.058155
0.029444 2.5862 0.05163
0.029661 2.8308 0.054586
0.029879 2.5685 0.054384
0.0301 2.9434 0.053416
0.030321 2.9891 0.060083
0.030545 2.7839 0.050324
0.03077 3.2531 0.05769
0.030997 2.9826 0.056433
0.031225 3.2305 0.052909
0.031455 3.1356 0.057651
0.031687 3.26 0.053307
0.03192 3.4376 0.0581
0.032156 3.1692 0.054018
0.032393 3.5688 0.055604
0.032631 3.4077 0.056362
0.032872 3.6984 0.055951
0.033114 3.4219 0.054776
0.033358 3.7489 0.057158
0.033604 3.6425 0.054747
0.033851 3.7584 0.054407
0.034101 3.799 0.059887
0.034352 3.6163 0.050726
0.034605 4.3038 0.060523
0.03486 3.9623 0.055127
0.035117 4.2826 0.056721
0.035376 3.9364 0.054664
0.035637 4.6617 0.06026
0.035899 3.8509 0.05247
0.036164 4.592 0.057013
0.03643 4.1315 0.056588
0.036699 4.7059 0.055004
0.036969 4.2763 0.055287
0.037241 4.8749 0.058046
0.037516 4.3124 0.054988
0.037792 4.7959 0.055288
0.038071 4.5407 0.05427
0.038351 5.0522 0.058817
0.038634 4.4714 0.051628
0.038919 4.8662 0.055569
0.039205 4.5632 0.052911
0.039494 5.0863 0.057432
0.039785 4.4478 0.049342
0.040079 4.8184 0.054143
0.040374 4.5989 0.050837
0.040671 4.9111 0.055002
0.040971 4.7886 0.051194
0.041273 4.3787 0.049326
0.041577 4.7053 0.050375
0.041883 4.3172 0.048795
0.042192 4.7411 0.051421
0.042503 4.1366 0.045442
0.042816 4.4621 0.048099
0.043132 4.2557 0.045858
0.04345 3.9755 0.045405
0.04377 4.2374 0.046226
0.044092 3.7405 0.042713
0.044417 3.9124 0.043537
0.044744 3.6349 0.040526
0.045074 3.5269 0.040806
0.045406 3.5221 0.040393
0.045741 3.2763 0.038658
0.046078 3.2882 0.038609
0.046417 3.0683 0.036737
0.04676 2.8452 0.035808
0.047104 2.8147 0.034378
0.047451 2.645 0.032862
0.047801 2.5302 0.032415
0.048153 2.4905 0.03207
0.048508 2.3032 0.030013
0.048865 2.1591 0.029376
0.049225 2.2084 0.029629
0.049588 1.9746 0.027401
0.049954 1.9041 0.026944
0.050322 1.9176 0.02743
0.050693 1.7979 0.025377
0.051066 1.6817 0.02488
0.051442 1.6843 0.024595
0.051821 1.5171 0.02315
0.052203 1.424 0.022379
0.052588 1.4564 0.022289
0.052975 1.2915 0.021045
0.053366 1.2148 0.020136
0.053759 1.1576 0.019548
0.054155 1.1526 0.019397
0.054554 1.0869 0.018284
0.054956 1.0104 0.017876
0.055361 0.99273 0.017479
0.055769 0.96878 0.01745
0.05618 0.88604 0.016301
0.056594 0.82539 0.015642
0.057011 0.8011 0.015276
0.057431 0.79083 0.015299
0.057854 0.7423 0.014498
0.058281 0.66699 0.013829
0.05871 0.6908 0.013757
0.059143 0.65716 0.013407
0.059579 0.63303 0.013089
0.060018 0.60201 0.012573
0.06046 0.58908 0.012408
0.060905 0.56351 0.012031
0.061354 0.54945 0.011905
0.061806 0.53765 0.011609
0.062262 0.53479 0.011511
0.062721 0.49825 0.010944
0.063183 0.48355 0.01089
0.063648 0.48864 0.01076
0.064117 0.49613 0.010624
0.06459 0.47019 0.010377
0.065066 0.46225 0.010221
0.065545 0.45657 0.010168
0.066028 0.43598 0.0098926
0.066515 0.42848 0.0095209
0.067005 0.42547 0.0095757
0.067499 0.42408 0.0096023
0.067996 0.41193 0.0092197
0.068497 0.41804 0.0091497
0.069002 0.41496 0.0092655
0.06951 0.41005 0.0089847
0.070023 0.40045 0.008812
0.070539 0.41451 0.0090328
0.071058 0.39658 0.0086239
0.071582 0.40948 0.008701
0.072109 0.39427 0.0086052
0.072641 0.3913 0.0084316
0.073176 0.4014 0.008502
0.073715 0.3993 0.0084145
0.074258 0.3877 0.0081539
0.074806 0.38192 0.0081561
0.075357 0.37239 0.007958
0.075912 0.3598 0.0077727
0.076472 0.36992 0.0077191
0.077035 0.3708 0.007814
0.077603 0.35906 0.0075918
0.078175 0.35552 0.007468
0.078751 0.34097 0.0072897
0.079331 0.33934 0.0072241
0.079916 0.34092 0.0071994
0.080504 0.33881 0.0071653
0.081098 0.31932 0.0067493
0.081695 0.31921 0.0069191
0.082297 0.31469 0.0065968
0.082904 0.31248 0.0066713
0.083515 0.29163 0.0062804
0.08413 0.28139 0.0062301
0.08475 0.27735 0.0061645
0.085374 0.28596 0.006152
0.086004 0.27789 0.0061048
0.086637 0.26794 0.0058178
0.087276 0.27419 0.0058431
0.087919 0.25251 0.0056756
0.088567 0.25089 0.0055848
0.089219 0.24761 0.0055192
0.089877 0.24411 0.0054023
0.090539 0.22513 0.0051537
0.091206 0.2239 0.0050984
0.091878 0.22297 0.0051021
0.092555 0.21741 0.0049996
0.093237 0.21067 0.0048244
0.093924 0.19863 0.0046628
0.094616 0.18842 0.0045761
0.095314 0.18816 0.0044855
0.096016 0.18859 0.0044635
0.096724 0.17569 0.0043343
0.097436 0.17819 0.0043213
0.098154 0.16947 0.0041027
0.098878 0.16867 0.0041292
0.099606 0.16159 0.0040331
0.10034 0.16332 0.0039531
0.10108 0.15762 0.0039151
0.10182 0.1647 0.0039541
0.10257 0.15598 0.0037992
0.10333 0.14687 0.0037165
0.10409 0.14904 0.0036491
0.10486 0.14572 0.0036373
0.10563 0.1421 0.0035421
0.10641 0.14135 0.0035169
0.10719 0.14531 0.0035624
0.10798 0.13953 0.0034068
0.10878 0.13501 0.0034026
0.10958 0.13494 0.0033074
0.11039 0.13423 0.0033347
0.1112 0.13599 0.003273
0.11202 0.1374 0.0033372
0.11285 0.13906 0.0032553
0.11368 0.13476 0.003237
0.11452 0.13508 0.0031558
0.11536 0.13755 0.0032243
0.11621 0.13115 0.0030999
0.11707 0.1418 0.0031991
0.11793 0.13332 0.0030882
0.1188 0.14027 0.00312
0.11967 0.13166 0.0030476
0.12056 0.13082 0.0029703
0.12144 0.13298 0.0029796
0.12234 0.13803 0.0030545
0.12324 0.13578 0.0029515
0.12415 0.14913 0.0030863
0.12506 0.16709 0.0032787
0.12598 0.23175 0.003733
0.12691 0.38277 0.0047842
0.12785 0.50052 0.0054209
0.12879 0.4441 0.0050906
0.12974 0.32601 0.0043069
0.1307 0.20475 0.0034135
0.13166 0.15617 0.0029879
0.13263 0.14286 0.0028404
0.13361 0.1427 0.0028037
0.13459 0.14017 0.0027666
0.13558 0.13751 0.0027096
0.13658 0.14502 0.0027949
0.13759 0.14371 0.0027309
0.1386 0.14406 0.0027214
0.13962 0.14579 0.002723
0.14065 0.15869 0.0028008
0.14169 0.16692 0.0028549
0.14273 0.18619 0.0029978
0.14378 0.23428 0.0033098
0.14484 0.34259 0.0039677
0.14591 0.54144 0.0049291
0.14699 0.84559 0.0061323
0.14807 1.2288 0.0073042
0.14916 1.6079 0.0082815
0.15026 1.8467 0.0087947
0.15137 1.8899 0.0088679
0.15248 1.7221 0.0083693
0.15361 1.4272 0.007595
0.15474 1.0587 0.0064797
0.15588 0.80621 0.0056363
0.15703 0.60578 0.0048435
0.15818 0.44644 0.0041383
0.15935 0.31602 0.0034692
0.16052 0.25131 0.0030671
0.16171 0.2034 0.0027542
0.1629 0.18429 0.0026108
0.1641 0.16352 0.0024431
0.16531 0.16059 0.00241
0.16653 0.14307 0.002255
0.16775 0.14002 0.0022174
0.16899 0.13107 0.0021326
0.17023 0.12382 0.0020659
0.17149 0.12063 0.0020222
0.17275 0.11339 0.0019444
0.17403 0.11006 0.0019092
0.17531 0.10608 0.0018655
0.1766 0.10645 0.0018436
0.1779 0.09855 0.0017738
0.17921 0.094478 0.0017194
0.18053 0.091149 0.0016863
0.18186 0.089105 0.0016505
0.1832 0.083469 0.0015921
0.18455 0.081499 0.0015638
0.18591 0.079929 0.001537
0.18728 0.076741 0.0014942
0.18866 0.073968 0.0014671
0.19005 0.071375 0.0014194
0.19145 0.069025 0.001401
0.19286 0.068775 0.0013802
0.19429 0.065794 0.0013446
0.19572 0.063766 0.0013196
