#
0.0050184 40.937 2.9659
0.0050554 489.52 11.46
0.0050926 120.93 5.6968
0.0051301 22.062 2.178
0.0051679 569.9 10.096
0.005206 645.92 18.616
0.0052444 12.824 3.7171
0.005283 NaN NaN
0.005322 14.986 2.318
0.0053612 24.353 2.559
0.0054007 524.48 9.6852
0.0054405 26.03 1.6727
0.0054806 432.2 8.7921
0.005521 24.093 2.0779
0.0055616 23.979 2.2712
0.0056026 65.196 3.7417
0.0056439 511.43 9.564
0.0056855 27.85 3.1589
0.0057274 347.06 13.647
0.0057696 24.37 2.559
0.0058121 336.87 9.5069
0.0058549 19.391 1.5222
0.0058981 523.94 13.69
0.0059416 649.4 13.199
0.0059853 16.811 1.6077
0.0060294 32.677 4.1903
0.0060739 17.37 1.199
0.0061186 574.55 12.415
0.0061637 21.688 1.7072
0.0062091 60.157 2.6792
0.0062549 348.25 8.6456
0.006301 6.9227 1.9344
0.0063474 15.244 1.4321
0.0063942 556.06 12.214
0.0064413 313.27 12.965
0.0064888 14.439 2.7878
0.0065366 14.399 1.0919
0.0065847 62.899 2.3725
0.0066333 123.54 3.4722
0.0066821 238.63 6.0486
0.0067314 14.975 1.7955
0.006781 23.352 2.2405
0.006831 14.704 1.9894
0.0068813 189.47 5.0418
0.006932 47.163 2.6902
0.0069831 68.281 4.9431
0.0070345 121.67 4.3194
0.0070864 13.968 0.96953
0.0071386 176.32 4.1478
0.0071912 10.694 1.9591
0.0072442 11.356 1.2366
0.0072976 12.354 1.2159
0.0073513 98.939 2.9751
0.0074055 12.417 1.2935
0.0074601 184.08 6.2861
0.0075151 1.5576 0.92931
0.0075704 9.0223 1.0394
0.0076262 93.149 2.6727
0.0076824 10.487 1.0137
0.007739 16.409 1.4006
0.0077961 27.98 1.33
0.0078535 69.381 3.2626
0.0079114 114.77 3.9242
0.0079697 10.686 1.9591
0.0080284 7.4636 1.2696
0.0080876 61.286 2.2499
0.0081471 17.311 1.0467
0.0082072 47.944 2.1637
0.0082677 8.0792 0.78911
0.0083286 24.145 1.5362
0.00839 125.14 4.7316
0.0084518 7.7042 0.96123
0.0085141 23.312 1.3885
0.0085768 31.145 1.5462
0.00864 112.2 4.9078
0.0087037 8.1427 0.89404
0.0087678 8.2216 0.72243
0.0088324 42.226 1.5873
0.0088975 10.048 1.0403
0.0089631 24.253 1.3646
0.0090291 6.1768 0.8172
0.0090956 67.557 2.5679
0.0091627 13.907 2.7357
0.0092302 7.0641 0.63394
0.0092982 23.294 1.0215
0.0093667 7.7347 0.72231
0.0094357 76.401 4.5287
0.0095053 5.1416 0.5417
0.0095753 59.446 2.6633
0.0096459 8.0392 0.76043
0.0097169 15.065 1.1624
0.0097885 12.98 0.81595
0.0098607 26.107 1.3244
0.0099333 6.394 0.87613
0.010007 5.32 0.47988
0.01008 26.506 1.3346
0.010155 24.738 1.6309
0.010229 4.6015 0.64482
0.010305 31.938 1.4647
0.010381 5.7598 0.60542
0.010457 5.4311 0.47596
0.010534 14.582 0.84479
0.010612 31.066 2.043
0.01069 4.3757 0.54484
0.010769 23.842 1.3074
0.010848 5.7274 0.54317
0.010928 8.7918 0.67207
0.011009 6.823 0.54292
0.01109 25.456 1.4509
0.011171 5.1139 0.51352
0.011254 18.431 1.0496
0.011337 4.556 0.5937
0.01142 12.981 0.79698
0.011504 13.493 0.70787
0.011589 4.5238 0.46185
0.011675 6.2201 0.59501
0.011761 8.8885 0.73011
0.011847 21.703 1.4567
0.011935 4.2029 0.40376
0.012023 9.0346 0.55201
0.012111 8.1615 0.66364
0.0122 5.6221 0.53834
0.01229 11.369 0.7461
0.012381 4.4249 0.4471
0.012472 8.3876 0.64153
0.012564 7.4604 0.55677
0.012657 3.6468 0.38326
0.01275 8.2422 0.55379
0.012844 3.5902 0.4656
0.012938 5.9745 0.49868
0.013034 9.05 0.65149
0.01313 3.0512 0.27483
0.013227 6.9478 0.52724
0.013324 8.4087 0.73067
0.013422 4.2031 0.40376
0.013521 9.6085 0.71982
0.013621 3.8675 0.32414
0.013721 4.3162 0.38855
0.013822 7.29 0.56127
0.013924 5.2598 0.39767
0.014027 2.9017 0.44487
0.01413 4.0668 0.35015
0.014234 6.4212 0.42732
0.014339 2.9952 0.29718
0.014445 4.9994 0.44788
0.014551 7.6526 0.69719
0.014658 2.9754 0.25726
0.014766 4.8435 0.38172
0.014875 4.6922 0.40515
0.014985 5.0387 0.41968
0.015095 2.7833 0.29053
0.015206 4.2466 0.36805
0.015319 3.8287 0.3184
0.015431 4.0734 0.31364
0.015545 2.1942 0.26594
0.01566 3.8019 0.39142
0.015775 4.2718 0.33619
0.015891 3.0023 0.25336
0.016008 3.1734 0.32856
0.016126 3.5938 0.32073
0.016245 4.2445 0.36806
0.016365 3.1291 0.25369
0.016486 3.5357 0.30634
0.016607 2.4327 0.22856
0.016729 3.7442 0.36826
0.016853 2.771 0.2566
0.016977 3.5097 0.27353
0.017102 3.3136 0.27993
0.017228 3.3667 0.3332
0.017355 2.8372 0.23108
0.017483 3.1485 0.26733
0.017612 3.7231 0.29974
0.017741 3.2602 0.2691
0.017872 3.1726 0.27111
0.018004 2.9024 0.25445
0.018136 3.3046 0.23712
0.01827 2.1938 0.23392
0.018405 3.4234 0.31318
0.01854 2.7635 0.20198
0.018677 3.5103 0.28189
0.018815 3.3142 0.26346
0.018953 2.9503 0.24419
0.019093 2.9572 0.23181
0.019234 2.7515 0.21668
0.019375 2.6992 0.23799
0.019518 2.3726 0.22564
0.019662 3.114 0.2127
0.019807 2.8602 0.23006
0.019953 3.2538 0.26364
0.0201 2.6975 0.20816
0.020248 2.5508 0.19822
0.020397 3.2197 0.23794
0.020547 2.8708 0.23438
0.020699 2.9815 0.21866
0.020851 2.6426 0.19114
0.021005 2.8448 0.22934
0.02116 2.7444 0.20995
0.021316 3.0686 0.20189
0.021473 2.7866 0.21797
0.021631 2.9617 0.21321
0.02179 2.5691 0.19612
0.021951 2.9846 0.19558
0.022113 2.7277 0.20936
0.022276 2.8971 0.21242
0.02244 3.0136 0.18412
0.022605 2.6006 0.21409
0.022772 3.0411 0.20104
0.02294 2.8698 0.18442
0.023109 3.403 0.21126
0.023279 3.0082 0.22455
0.02345 3.0401 0.18479
0.023623 3.1353 0.19068
0.023797 3.5554 0.235
0.023973 3.3057 0.18695
0.024149 3.364 0.20283
0.024327 3.1824 0.1952
0.024507 3.3817 0.20116
0.024687 3.2726 0.18246
0.024869 3.6132 0.21499
0.025052 3.4327 0.18682
0.025237 3.8678 0.21487
0.025423 3.3729 0.19554
0.02561 3.7624 0.1929
0.025799 3.9057 0.19822
0.025989 4.1934 0.23008
0.026181 3.7485 0.18503
0.026373 3.9188 0.19764
0.026568 3.9697 0.20171
0.026764 3.8704 0.18953
0.026961 4.1569 0.20253
0.027159 3.96 0.20146
0.02736 4.4891 0.19281
0.027561 4.3586 0.21535
0.027764 4.1885 0.18352
0.027969 4.6267 0.20886
0.028175 4.8494 0.20589
0.028383 4.8284 0.20799
0.028592 4.711 0.20136
0.028802 4.7997 0.20086
0.029015 4.9352 0.19478
0.029228 5.018 0.2111
0.029444 5.0771 0.19612
0.029661 5.0877 0.19841
0.029879 4.9991 0.2057
0.0301 5.6774 0.20105
0.030321 5.5547 0.222
0.030545 5.072 0.18417
0.03077 5.7182 0.20733
0.030997 5.5499 0.20866
0.031225 5.7668 0.19157
0.031455 5.9034 0.21437
0.031687 6.2256 0.19959
0.03192 6.2049 0.2115
0.032156 5.829 0.19851
0.032393 6.6702 0.20591
0.032631 6.2026 0.20601
0.032872 6.8715 0.20659
0.033114 6.2172 0.20007
0.033358 6.6131 0.20566
0.033604 6.3181 0.19537
0.033851 6.2813 0.19059
0.034101 7.5329 0.22836
0.034352 6.7946 0.18835
0.034605 7.3594 0.21434
0.03486 6.7158 0.19442
0.035117 7.0927 0.19772
0.035376 6.7941 0.19455
0.035637 7.3174 0.20449
0.035899 6.4377 0.18381
0.036164 7.5101 0.19748
0.03643 6.7736 0.19631
0.036699 7.3475 0.18616
0.036969 6.8494 0.18956
0.037241 7.5249 0.19533
0.037516 6.3245 0.18046
0.037792 7.3507 0.18542
0.038071 7.0006 0.18255
0.038351 7.4031 0.19287
0.038634 6.778 0.17221
0.038919 7.5391 0.18733
0.039205 6.8319 0.17542
0.039494 7.7061 0.19145
0.039785 6.606 0.16294
0.040079 7.5341 0.18338
0.040374 6.7966 0.16744
0.040671 7.4512 0.1835
0.040971 7.0627 0.16841
0.041273 6.5895 0.16395
0.041577 7.1386 0.16807
0.041883 6.4914 0.16213
0.042192 7.1997 0.17165
0.042503 6.5475 0.1549
0.042816 6.9346 0.16245
0.043132 6.9163 0.15838
0.04345 6.3225 0.15517
0.04377 6.8893 0.15966
0.044092 6.2011 0.14904
0.044417 6.5921 0.15311
0.044744 6.5759 0.14767
0.045074 6.56 0.15076
0.045406 6.5358 0.14907
0.045741 6.4141 0.14654
0.046078 6.0571 0.142
0.046417 6.1214 0.1406
0.04676 5.661 0.13687
0.047104 5.6237 0.13169
0.047451 5.6937 0.13064
0.047801 5.2269 0.12629
0.048153 5.5013 0.12917
0.048508 5.094 0.12098
0.048865 5.1294 0.12271
0.049225 5.3266 0.1247
0.049588 5.0335 0.11856
0.049954 4.7575 0.11545
0.050322 4.7798 0.11738
0.050693 4.5317 0.10923
0.051066 4.4034 0.10915
0.051442 4.4102 0.10789
0.051821 4.1998 0.10443
0.052203 4.0233 0.10199
0.052588 4.0103 0.10029
0.052975 3.7369 0.097089
0.053366 3.8568 0.097276
0.053759 3.622 0.093773
0.054155 3.5682 0.092557
0.054554 3.5622 0.089758
0.054956 3.339 0.088141
0.055361 3.2207 0.08541
0.055769 3.382 0.088407
0.05618 3.2888 0.085155
0.056594 2.9958 0.080837
0.057011 3.0702 0.081098
0.057431 3.163 0.082948
0.057854 2.8066 0.07648
0.058281 2.956 0.078905
0.05871 2.9035 0.07647
0.059143 2.7489 0.074359
0.059579 2.7379 0.073806
0.060018 2.6875 0.072015
0.06046 2.7662 0.072867
0.060905 2.7914 0.072539
0.061354 2.6749 0.07118
0.061806 2.683 0.070268
0.062262 2.6123 0.068943
0.062721 2.579 0.067455
0.063183 2.6327 0.06881
0.063648 2.5616 0.066731
0.064117 2.4775 0.064334
0.06459 2.5862 0.065895
0.065066 2.6048 0.065685
0.065545 2.5214 0.064708
0.066028 2.4914 0.064022
0.066515 2.3522 0.06042
0.067005 2.3807 0.061339
0.067499 2.4002 0.061855
0.067996 2.4671 0.061062
0.068497 2.3161 0.058329
0.069002 2.3063 0.059157
0.06951 2.2774 0.057348
0.070023 2.2185 0.05618
0.070539 2.2774 0.057349
0.071058 2.2442 0.055554
0.071582 2.3419 0.056338
0.072109 2.2535 0.055706
0.072641 2.2744 0.055035
0.073176 2.2638 0.054678
0.073715 2.1925 0.053412
0.074258 2.2143 0.052768
0.074806 2.1354 0.052239
0.075357 2.1887 0.052233
0.075912 2.0341 0.050062
0.076472 2.0472 0.049194
0.077035 2.057 0.049859
0.077603 2.0421 0.049038
0.078175 1.9362 0.047231
0.078751 1.9732 0.047495
0.079331 1.9902 0.047377
0.079916 1.9397 0.046519
0.080504 1.9389 0.046429
0.081098 1.9338 0.044965
0.081695 1.8816 0.045495
0.082297 1.9263 0.044182
0.082904 1.9233 0.0448
0.083515 1.9037 0.043408
0.08413 1.868 0.043416
0.08475 1.8007 0.042498
0.085374 1.7719 0.041456
0.086004 1.7403 0.041352
0.086637 1.6795 0.039429
0.087276 1.7678 0.040145
0.087919 1.7142 0.03999
0.088567 1.6889 0.03919
0.089219 1.6114 0.038098
0.089877 1.6858 0.038383
0.090539 1.6567 0.037767
0.091206 1.6631 0.037533
0.091878 1.5604 0.036487
0.092555 1.5967 0.036602
0.093237 1.5737 0.035612
0.093924 1.5187 0.034809
0.094616 1.4757 0.034561
0.095314 1.5387 0.034593
0.096016 1.4258 0.033138
0.096724 1.5119 0.034258
0.097436 1.5051 0.03385
0.098154 1.4619 0.032462
0.098878 1.4209 0.0323
0.099606 1.4358 0.032367
0.10034 1.3897 0.031071
0.10108 1.4417 0.031862
0.10182 1.3562 0.030589
0.10257 1.372 0.030339
0.10333 1.3461 0.030267
0.10409 1.3941 0.030012
0.10486 1.3542 0.02982
0.10563 1.3091 0.028916
0.10641 1.2352 0.027987
0.10719 1.2756 0.028415
0.10798 1.2529 0.027467
0.10878 1.225 0.027567
0.10958 1.1984 0.026521
0.11039 1.2297 0.027143
0.1112 1.2479 0.026662
0.11202 1.2093 0.026647
0.11285 1.1995 0.025743
0.11368 1.1289 0.025239
0.11452 1.1211 0.024497
0.11536 1.0857 0.024433
0.11621 1.1699 0.024908
0.11707 1.1082 0.024127
0.11793 1.1256 0.024168
0.1188 1.1241 0.023815
0.11967 1.1074 0.023806
0.12056 1.0759 0.022953
0.12144 1.0595 0.022678
0.12234 1.0306 0.022538
0.12324 1.051 0.022157
0.12415 1.0174 0.021812
0.12506 1.0139 0.021902
0.12598 1.0006 0.02115
0.12691 0.98566 0.021051
0.12785 0.97157 0.020762
0.12879 0.98488 0.020817
0.12974 0.93587 0.020004
0.1307 0.93585 0.019894
0.13166 0.8859 0.019335
0.13263 0.91928 0.019522
0.13361 0.91573 0.019245
0.13459 0.89539 0.01895
0.13558 0.89826 0.018759
0.13658 0.88646 0.018745
0.13759 0.88492 0.01838
0.1386 0.85242 0.017974
0.13962 0.86389 0.017995
0.14065 0.84986 0.017633
0.14169 0.86282 0.01767
0.14273 0.79276 0.016908
0.14378 0.84871 0.017246
0.14484 0.78944 0.016593
0.14591 0.77286 0.016288
0.14699 0.78088 0.016328
0.14807 0.7908 0.016247
0.14916 0.76048 0.01582
0.15026 0.73752 0.01545
0.15137 0.73012 0.01533
0.15248 0.69944 0.014848
0.15361 0.73662 0.015159
0.15474 0.71299 0.014784
0.15588 0.69053 0.014498
0.15703 0.70035 0.014449
0.15818 0.66436 0.014004
0.15935 0.65397 0.013813
0.16052 0.63149 0.013438
0.16171 0.67017 0.013754
0.1629 0.65726 0.013549
0.1641 0.63423 0.013211
0.16531 0.61008 0.01291
0.16653 0.6226 0.012889
0.16775 0.60699 0.012657
0.16899 0.60363 0.012531
0.17023 0.59097 0.01235
0.17149 0.56009 0.011939
0.17275 0.55536 0.011775
0.17403 0.55988 0.011771
0.17531 0.55375 0.011644
0.1766 0.54055 0.011361
0.1779 0.54657 0.011393
0.17921 0.50591 0.010871
0.18053 0.48883 0.010674
0.18186 0.49704 0.010639
0.1832 0.49759 0.010585
0.18455 0.46587 0.010202
0.18591 0.46056 0.010066
0.18728 0.45262 0.0098922
0.18866 0.44498 0.0098033
0.19005 0.44378 0.0096299
0.19145 0.42817 0.0094974
0.19286 0.41451 0.0092361
0.19429 0.41716 0.0092083
0.19572 0.38745 0.0088688
