#
0.0050184 9.7065 1.2179
0.0050554 13.287 1.5922
0.0050926 132.03 5.0132
0.0051301 9.1044 1.1793
0.0051679 12.398 1.2559
0.005206 22.808 2.9481
0.0052444 254.97 13.932
0.005283 NaN NaN
0.005322 7.8403 1.4127
0.0053612 11.377 1.4741
0.0054007 15.574 1.407
0.0054405 18.77 1.1963
0.0054806 12.398 1.2559
0.005521 241.27 5.5329
0.0055616 10.16 1.2461
0.0056026 128.92 4.4307
0.0056439 12.658 1.2687
0.0056855 12.906 1.812
0.0057274 148.77 7.5259
0.0057696 9.4861 1.3456
0.0058121 11.381 1.4741
0.0058549 8.766 0.86253
0.0058981 10.876 1.6639
0.0059416 27.751 2.2994
0.0059853 12.252 1.156
0.0060294 9.4795 1.903
0.0060739 89.848 2.2941
0.0061186 10.434 1.4113
0.0061637 67.718 2.5389
0.0062091 6.392 0.73734
0.0062549 46.852 2.6718
0.006301 5.6722 1.4741
0.0063474 5.8661 0.74922
0.0063942 9.2997 1.3321
0.0064413 33.074 3.55
0.0064888 11.766 2.1191
0.0065366 7.5794 0.66762
0.0065847 30.095 1.3825
0.0066333 53.662 1.9277
0.0066821 54.667 2.4389
0.0067314 7.7311 1.0872
0.006781 34.378 2.2887
0.006831 6.8153 1.1418
0.0068813 8.4292 0.89765
0.006932 11.926 1.1405
0.0069831 6.8263 1.3184
0.0070345 6.6014 0.84932
0.0070864 6.1028 0.54036
0.0071386 24.814 1.3112
0.0071912 129.89 5.7414
0.0072442 43.357 2.0319
0.0072976 6.1417 0.72264
0.0073513 16.015 1.009
0.0074055 5.0977 0.69922
0.0074601 11.078 1.3008
0.0075151 1.8662 0.85108
0.0075704 4.6243 0.62725
0.0076262 6.4887 0.59562
0.0076824 20.38 1.1886
0.007739 38.029 1.7942
0.0077961 17.476 0.8854
0.0078535 20.62 1.4989
0.0079114 4.4448 0.65233
0.0079697 16.969 2.0769
0.0080284 3.1634 0.69767
0.0080876 4.2453 0.50029
0.0081471 5.2956 0.48846
0.0082072 4.6709 0.57065
0.0082677 26.447 1.1999
0.0083286 20.242 1.1845
0.00839 21.913 1.6687
0.0084518 4.0276 0.58598
0.0085141 4.7095 0.52699
0.0085768 3.2821 0.42466
0.00864 3.9309 0.77629
0.0087037 5.9149 0.64174
0.0087678 8.2504 0.60903
0.0088324 21.667 0.95783
0.0088975 3.7787 0.53826
0.0089631 9.6475 0.72541
0.0090291 5.2192 0.63231
0.0090956 3.6368 0.50379
0.0091627 3.7758 1.2036
0.0092302 2.928 0.34465
0.0092982 5.9628 0.43604
0.0093667 22.471 1.0347
0.0094357 2.8177 0.73705
0.0095053 8.3349 0.5792
0.0095753 5.0414 0.65515
0.0096459 3.1149 0.39959
0.0097169 3.3287 0.46181
0.0097885 3.4448 0.35516
0.0098607 13.001 0.78752
0.0099333 15.447 1.1442
0.010007 5.5705 0.41302
0.01008 3.1989 0.39232
0.010155 3.2387 0.49917
0.010229 2.3128 0.38586
0.010305 2.5801 0.35284
0.010381 3.2353 0.38258
0.010457 11.348 0.57744
0.010534 4.2546 0.3853
0.010612 2.9132 0.52979
0.01069 3.4372 0.40649
0.010769 2.4506 0.35524
0.010848 3.3019 0.34768
0.010928 2.1772 0.28311
0.011009 9.2248 0.53089
0.01109 6.3476 0.61133
0.011171 2.7579 0.31808
0.011254 2.0372 0.29603
0.011337 2.1446 0.34389
0.01142 2.8074 0.31333
0.011504 4.9784 0.36277
0.011589 5.2942 0.41995
0.011675 4.5328 0.42777
0.011761 3.2184 0.3711
0.011847 2.4558 0.41522
0.011935 1.9213 0.23069
0.012023 2.056 0.22316
0.012111 7.5026 0.53556
0.0122 3.8071 0.3732
0.01229 2.3906 0.28949
0.012381 2.1241 0.26155
0.012472 1.8328 0.25427
0.012564 2.5696 0.27621
0.012657 5.4627 0.3937
0.01275 2.7497 0.27025
0.012844 2.2509 0.31077
0.012938 1.8376 0.23423
0.013034 2.0514 0.2627
0.01313 2.5797 0.21259
0.013227 4.4777 0.35662
0.013324 2.6069 0.34395
0.013422 2.2205 0.24768
0.013521 2.249 0.29482
0.013621 1.754 0.18451
0.013721 3.9705 0.3135
0.013822 2.9488 0.30143
0.013924 2.1455 0.2146
0.014027 1.5351 0.27331
0.01413 1.8278 0.19836
0.014234 1.9912 0.20132
0.014339 3.4003 0.26587
0.014445 1.6295 0.21656
0.014551 1.5331 0.26492
0.014658 1.4427 0.15142
0.014766 2.6325 0.23736
0.014875 2.6411 0.25637
0.014985 2.2239 0.23553
0.015095 1.3401 0.17048
0.015206 1.8484 0.2052
0.015319 2.1034 0.19911
0.015431 2.2299 0.19582
0.015545 2.0715 0.21707
0.01566 1.7667 0.22555
0.015775 1.7494 0.18192
0.015891 2.0851 0.17787
0.016008 2.1799 0.22941
0.016126 1.5478 0.17806
0.016245 1.2871 0.17198
0.016365 1.5304 0.14996
0.016486 2.7867 0.22891
0.016607 1.5168 0.15222
0.016729 1.7173 0.21078
0.016853 1.4859 0.15873
0.016977 1.8331 0.16688
0.017102 1.6391 0.16631
0.017228 1.6502 0.19709
0.017355 1.2121 0.12793
0.017483 1.4723 0.15458
0.017612 2.472 0.2058
0.017741 1.8468 0.17089
0.017872 1.2951 0.14667
0.018004 1.7482 0.1666
0.018136 1.7853 0.14713
0.01827 1.8677 0.18146
0.018405 1.9278 0.19831
0.01854 1.6107 0.13012
0.018677 2.1889 0.18765
0.018815 2.1901 0.18049
0.018953 1.5009 0.14718
0.019093 1.9964 0.16048
0.019234 2.1185 0.16002
0.019375 1.988 0.17197
0.019518 1.6085 0.15655
0.019662 1.7625 0.13504
0.019807 1.8226 0.15483
0.019953 1.5022 0.15149
0.0201 1.8017 0.14336
0.020248 1.6702 0.1352
0.020397 2.1736 0.16473
0.020547 1.8763 0.15971
0.020699 1.7456 0.14116
0.020851 2.1926 0.14646
0.021005 1.8117 0.15429
0.02116 1.6447 0.13711
0.021316 1.9912 0.13707
0.021473 1.8817 0.15093
0.021631 1.908 0.14425
0.02179 1.9998 0.14562
0.021951 1.9203 0.13223
0.022113 1.8567 0.14553
0.022276 1.9356 0.14631
0.02244 1.7847 0.11954
0.022605 2.029 0.15915
0.022772 1.7675 0.12931
0.02294 1.9283 0.12738
0.023109 2.1848 0.14268
0.023279 2.0052 0.15449
0.02345 2.1802 0.13179
0.023623 2.1513 0.13307
0.023797 2.2939 0.15909
0.023973 2.0272 0.12345
0.024149 2.5404 0.1484
0.024327 2.082 0.13306
0.024507 1.9724 0.1296
0.024687 2.2505 0.12747
0.024869 2.599 0.15356
0.025052 2.179 0.12547
0.025237 2.2837 0.13923
0.025423 2.5434 0.14296
0.02561 2.6068 0.13526
0.025799 2.665 0.13795
0.025989 2.4349 0.14786
0.026181 2.3202 0.12272
0.026373 2.815 0.14107
0.026568 2.6007 0.13758
0.026764 2.6611 0.13239
0.026961 2.9282 0.14317
0.027159 3.0318 0.1484
0.02736 2.8592 0.12968
0.027561 3.2338 0.1562
0.027764 2.9601 0.12994
0.027969 3.1696 0.14563
0.028175 2.9736 0.1359
0.028383 3.0541 0.13941
0.028592 3.3722 0.14349
0.028802 3.045 0.13483
0.029015 3.3445 0.13509
0.029228 3.2977 0.1442
0.029444 3.4048 0.13531
0.029661 3.3809 0.13627
0.029879 3.4393 0.14373
0.0301 3.7772 0.13816
0.030321 3.7658 0.15399
0.030545 3.8895 0.13579
0.03077 4.342 0.15212
0.030997 3.8102 0.14564
0.031225 3.8805 0.13239
0.031455 3.8484 0.14583
0.031687 4.385 0.14109
0.03192 4.6149 0.1536
0.032156 4.1161 0.1405
0.032393 4.3199 0.13961
0.032631 4.3086 0.14463
0.032872 4.5334 0.14137
0.033114 4.5827 0.14465
0.033358 4.5743 0.14408
0.033604 4.7033 0.14195
0.033851 4.6066 0.13745
0.034101 4.9437 0.15586
0.034352 4.4818 0.12888
0.034605 5.2076 0.15187
0.03486 4.562 0.13499
0.035117 5.0005 0.13983
0.035376 4.6039 0.13491
0.035637 5.3844 0.14772
0.035899 4.5632 0.13035
0.036164 5.2398 0.13894
0.03643 4.9254 0.14098
0.036699 5.1825 0.13168
0.036969 4.9181 0.13528
0.037241 5.1309 0.13587
0.037516 5.0014 0.13511
0.037792 5.1718 0.131
0.038071 5.0501 0.13058
0.038351 5.1597 0.13562
0.038634 4.87 0.12294
0.038919 5.0463 0.12911
0.039205 4.983 0.12617
0.039494 5.1749 0.13217
0.039785 4.7769 0.11669
0.040079 5.0521 0.1265
0.040374 4.7431 0.11782
0.040671 5.1489 0.12849
0.040971 4.9197 0.1184
0.041273 4.7694 0.11747
0.041577 5.0112 0.11861
0.041883 4.8389 0.11788
0.042192 5.0787 0.12143
0.042503 4.5184 0.10839
0.042816 4.898 0.11499
0.043132 4.8885 0.11215
0.04345 4.3914 0.10893
0.04377 4.7491 0.11166
0.044092 4.4672 0.10654
0.044417 4.3859 0.10522
0.044744 4.3543 0.10123
0.045074 4.3169 0.10304
0.045406 4.3971 0.10301
0.045741 4.1283 0.099056
0.046078 4.1212 0.098669
0.046417 4.1199 0.09717
0.04676 4.0439 0.097428
0.047104 3.9721 0.093222
0.047451 3.7819 0.089703
0.047801 3.8409 0.091169
0.048153 3.5934 0.087959
0.048508 3.6157 0.085849
0.048865 3.4242 0.084471
0.049225 3.5304 0.085532
0.049588 3.1077 0.078518
0.049954 3.2058 0.079844
0.050322 3.2977 0.08213
0.050693 3.1076 0.076196
0.051066 2.9928 0.075807
0.051442 2.9304 0.074102
0.051821 2.9575 0.073811
0.052203 2.7853 0.071487
0.052588 2.5935 0.067968
0.052975 2.5344 0.067363
0.053366 2.4903 0.065876
0.053759 2.4726 0.065274
0.054155 2.3767 0.06365
0.054554 2.2326 0.059904
0.054956 2.2304 0.060702
0.055361 2.2357 0.059946
0.055769 2.1761 0.059772
0.05618 2.0464 0.056634
0.056594 2.1557 0.057749
0.057011 2.0419 0.055733
0.057431 2.0144 0.055802
0.057854 1.9706 0.053982
0.058281 1.8677 0.052879
0.05871 1.8814 0.051887
0.059143 1.9234 0.052395
0.059579 1.9769 0.052816
0.060018 1.8688 0.05059
0.06046 1.8138 0.049732
0.060905 1.7738 0.04875
0.061354 1.7419 0.048418
0.061806 1.7046 0.047224
0.062262 1.8329 0.048645
0.062721 1.7473 0.046785
0.063183 1.6547 0.046002
0.063648 1.7445 0.046401
0.064117 1.6692 0.044499
0.06459 1.6744 0.044696
0.065066 1.6552 0.044147
0.065545 1.6524 0.044154
0.066028 1.6449 0.043846
0.066515 1.6061 0.042068
0.067005 1.6526 0.043054
0.067499 1.5941 0.042486
0.067996 1.6376 0.041929
0.068497 1.6083 0.040948
0.069002 1.6097 0.041634
0.06951 1.6036 0.040534
0.070023 1.5916 0.040074
0.070539 1.5685 0.040098
0.071058 1.5471 0.038862
0.071582 1.5935 0.039158
0.072109 1.4838 0.038103
0.072641 1.495 0.037612
0.073176 1.4986 0.037498
0.073715 1.5482 0.037804
0.074258 1.5909 0.037668
0.074806 1.506 0.036952
0.075357 1.4557 0.035904
0.075912 1.4234 0.035277
0.076472 1.4138 0.034443
0.077035 1.471 0.035509
0.077603 1.3809 0.033984
0.078175 1.4023 0.033846
0.078751 1.4045 0.033749
0.079331 1.4119 0.033609
0.079916 1.3598 0.03281
0.080504 1.3524 0.032666
0.081098 1.3146 0.031243
0.081695 1.3181 0.032077
0.082297 1.337 0.031012
0.082904 1.3152 0.031218
0.083515 1.3402 0.03068
0.08413 1.2511 0.029949
0.08475 1.2345 0.02965
0.085374 1.2503 0.029333
0.086004 1.1878 0.028788
0.086637 1.2048 0.028124
0.087276 1.1873 0.02773
0.087919 1.1961 0.028142
0.088567 1.1598 0.027366
0.089219 1.1934 0.027598
0.089877 1.1296 0.026484
0.090539 1.1284 0.026267
0.091206 1.1032 0.025771
0.091878 1.1199 0.026031
0.092555 1.1021 0.025623
0.093237 1.1086 0.025178
0.093924 1.0746 0.024663
0.094616 1.0352 0.024385
0.095314 1.0139 0.023679
0.096016 1.0321 0.023739
0.096724 1.095 0.024548
0.097436 1.0279 0.023575
0.098154 0.99843 0.022609
0.098878 1.0025 0.022853
0.099606 0.98748 0.02262
0.10034 0.95247 0.021678
0.10108 0.92261 0.021505
0.10182 0.94129 0.021472
0.10257 0.94709 0.021241
0.10333 0.9792 0.021733
0.10409 0.93311 0.020701
0.10486 0.90846 0.020591
0.10563 0.90158 0.020222
0.10641 0.87498 0.01984
0.10719 0.88458 0.019938
0.10798 0.88388 0.019433
0.10878 0.9127 0.020024
0.10958 0.89225 0.019257
0.11039 0.86702 0.019199
0.1112 0.86149 0.018668
0.11202 0.81578 0.018451
0.11285 0.81512 0.017888
0.11368 0.792 0.017809
0.11452 0.77747 0.01719
0.11536 0.77842 0.017421
0.11621 0.79124 0.017269
0.11707 0.77469 0.016996
0.11793 0.73947 0.016525
0.1188 0.77408 0.016655
0.11967 0.77617 0.016791
0.12056 0.76892 0.016341
0.12144 0.74598 0.016031
0.12234 0.72076 0.01588
0.12324 0.72434 0.015502
0.12415 0.72304 0.015486
0.12506 0.67884 0.015114
0.12598 0.70587 0.014964
0.12691 0.69071 0.014847
0.12785 0.67513 0.014584
0.12879 0.65937 0.014366
0.12974 0.67142 0.014267
0.1307 0.67504 0.014225
0.13166 0.61965 0.013625
0.13263 0.65718 0.0139
0.13361 0.63105 0.013465
0.13459 0.63573 0.013449
0.13558 0.62507 0.013186
0.13658 0.62485 0.013257
0.13759 0.60717 0.012834
0.1386 0.60802 0.012784
0.13962 0.59644 0.012602
0.14065 0.59329 0.012414
0.14169 0.58896 0.012308
0.14273 0.58076 0.012178
0.14378 0.57639 0.011985
0.14484 0.54438 0.011615
0.14591 0.55768 0.011648
0.14699 0.55053 0.011549
0.14807 0.5402 0.011322
0.14916 0.52716 0.011102
0.15026 0.52061 0.010935
0.15137 0.5128 0.010824
0.15248 0.49829 0.010554
0.15361 0.50319 0.010564
0.15474 0.49579 0.01039
0.15588 0.4848 0.010235
0.15703 0.47619 0.010049
0.15818 0.47483 0.0099694
0.15935 0.47398 0.0098977
0.16052 0.46216 0.0096724
0.16171 0.45538 0.0095631
0.1629 0.44459 0.0094008
0.1641 0.44883 0.0093617
0.16531 0.43622 0.0091922
0.16653 0.44097 0.009137
0.16775 0.40225 0.0087003
0.16899 0.42102 0.0088199
0.17023 0.41533 0.0087233
0.17149 0.40317 0.0085269
0.17275 0.39545 0.0083676
0.17403 0.39523 0.0083314
0.17531 0.37536 0.0080891
0.1766 0.37036 0.0079315
0.1779 0.36506 0.0078611
0.17921 0.36193 0.0077416
0.18053 0.34769 0.0075811
0.18186 0.3498 0.0075195
0.1832 0.34598 0.0074406
0.18455 0.3524 0.0074522
0.18591 0.32531 0.0071266
0.18728 0.31928 0.0069996
0.18866 0.32456 0.0070426
0.19005 0.29562 0.0066402
0.19145 0.30145 0.0067145
0.19286 0.29287 0.0065403
0.19429 0.28193 0.0063918
0.19572 0.2737 0.0062798
