#
0.0050184 10.313 1.0723
0.0050554 8.4535 1.0855
0.0050926 4.0046 0.74846
0.0051301 4.2032 0.68541
0.0051679 10.444 0.98495
0.005206 5.5392 1.2431
0.0052444 4.9765 1.6678
0.005283 NaN NaN
0.005322 2.7611 0.71772
0.0053612 7.1969 1.0022
0.0054007 5.074 0.68716
0.0054405 7.1487 0.63142
0.0054806 8.5914 0.89354
0.005521 5.719 0.72958
0.0055616 6.8644 0.87549
0.0056026 8.5387 0.97567
0.0056439 4.8896 0.67455
0.0056855 9.4259 1.3234
0.0057274 5.5286 1.2431
0.0057696 3.5924 0.70869
0.0058121 5.532 0.87902
0.0058549 5.4138 0.57946
0.0058981 5.905 1.0483
0.0059416 6.2302 0.93234
0.0059853 6.486 0.71918
0.0060294 5.2554 1.2116
0.0060739 6.1772 0.51495
0.0061186 5.2578 0.85676
0.0061637 4.2876 0.54718
0.0062091 5.286 0.57284
0.0062549 5.9764 0.81706
0.006301 2.4748 0.83392
0.0063474 4.0758 0.53378
0.0063942 4.5682 0.79841
0.0064413 6.6434 1.3618
0.0064888 5.5353 1.2431
0.0065366 4.2526 0.42765
0.0065847 5.1623 0.49029
0.0066333 4.4704 0.47679
0.0066821 4.7426 0.61518
0.0067314 5.3128 0.77033
0.006781 2.4254 0.52152
0.006831 4.0046 0.74846
0.0068813 4.0714 0.53378
0.006932 2.4362 0.4422
0.0069831 4.2442 0.88873
0.0070345 3.5505 0.53277
0.0070864 3.8317 0.36608
0.0071386 3.2136 0.40432
0.0071912 5.1702 0.98058
0.0072442 3.5905 0.50112
0.0072976 3.0648 0.43679
0.0073513 2.709 0.35586
0.0074055 3.9315 0.52466
0.0074601 2.1976 0.49725
0.0075151 0.807 0.48148
0.0075704 3.3155 0.45392
0.0076262 4.0242 0.40105
0.0076824 4.018 0.45205
0.007739 3.0041 0.4324
0.0077961 3.1162 0.32042
0.0078535 2.6701 0.4631
0.0079114 3.1767 0.47132
0.0079697 3.1272 0.76407
0.0080284 2.6439 0.54471
0.0080876 2.4163 0.32287
0.0081471 2.6576 0.29614
0.0082072 3.9168 0.44636
0.0082677 2.9946 0.34619
0.0083286 3.2103 0.40432
0.00839 2.2905 0.46329
0.0084518 3.1886 0.44544
0.0085141 1.9 0.28688
0.0085768 2.397 0.31015
0.00864 2.6485 0.54471
0.0087037 2.9553 0.38821
0.0087678 2.6246 0.29432
0.0088324 1.7094 0.23113
0.0088975 1.5366 0.29418
0.0089631 2.6779 0.32746
0.0090291 2.0328 0.33817
0.0090956 2.3023 0.34278
0.0091627 2.4796 0.83392
0.0092302 2.1677 0.2534
0.0092982 2.4554 0.23961
0.0093667 2.0268 0.2669
0.0094357 1.9189 0.52004
0.0095053 2.108 0.25
0.0095753 2.1994 0.37063
0.0096459 1.6449 0.24863
0.0097169 2.0141 0.30731
0.0097885 1.9335 0.22774
0.0098607 1.8513 0.25534
0.0099333 2.6333 0.40506
0.010007 2.0002 0.21214
0.01008 2.3363 0.28653
0.010155 1.587 0.29939
0.010229 1.9671 0.3038
0.010305 2.1971 0.27797
0.010381 2.0685 0.26162
0.010457 1.7662 0.19598
0.010534 1.3384 0.1857
0.010612 2.1276 0.38693
0.01069 1.8501 0.25534
0.010769 1.6045 0.24585
0.010848 1.9085 0.22619
0.010928 2.1725 0.24119
0.011009 1.6448 0.19259
0.01109 1.4713 0.25301
0.011171 1.4318 0.19634
0.011254 1.4261 0.21175
0.011337 1.606 0.25427
0.01142 1.545 0.19898
0.011504 1.9106 0.19266
0.011589 1.4495 0.18879
0.011675 1.4963 0.211
0.011761 1.5166 0.2184
0.011847 1.2376 0.25271
0.011935 1.3635 0.16612
0.012023 1.71 0.17374
0.012111 1.5322 0.20802
0.0122 1.5097 0.20162
0.01229 1.2405 0.17869
0.012381 1.4586 0.18532
0.012472 1.6165 0.20374
0.012564 1.5987 0.18641
0.012657 1.1894 0.15816
0.01275 1.2606 0.15692
0.012844 1.2115 0.19534
0.012938 1.3848 0.17372
0.013034 1.4741 0.19033
0.01313 1.1639 0.12251
0.013227 1.4171 0.17228
0.013324 1.4461 0.21938
0.013422 1.2643 0.16008
0.013521 1.031 0.17136
0.013621 1.4478 0.1431
0.013721 1.2499 0.15112
0.013822 1.1752 0.16342
0.013924 1.1036 0.13195
0.014027 1.1559 0.20261
0.01413 1.165 0.13552
0.014234 1.2201 0.13489
0.014339 0.98084 0.12299
0.014445 1.2724 0.16344
0.014551 1.0543 0.18787
0.014658 1.1558 0.11571
0.014766 1.413 0.14893
0.014875 1.1578 0.1457
0.014985 1.0683 0.14007
0.015095 1.1177 0.13285
0.015206 0.97386 0.12771
0.015319 1.3057 0.13424
0.015431 1.2703 0.1266
0.015545 0.98965 0.12876
0.01566 0.91969 0.13966
0.015775 1.2641 0.13217
0.015891 1.3593 0.12285
0.016008 1.0709 0.1379
0.016126 0.98414 0.12153
0.016245 1.1853 0.14066
0.016365 1.0023 0.10385
0.016486 1.2623 0.13217
0.016607 0.86799 0.098717
0.016729 1.106 0.14474
0.016853 1.0127 0.11208
0.016977 1.0771 0.10956
0.017102 1.1125 0.11718
0.017228 1.1546 0.14096
0.017355 1.0961 0.10369
0.017483 1.4343 0.13001
0.017612 1.0889 0.11721
0.017741 1.1105 0.11346
0.017872 1.2534 0.12293
0.018004 1.2768 0.12168
0.018136 1.3126 0.1078
0.01827 1.0987 0.11921
0.018405 1.1007 0.12839
0.01854 1.1088 0.092323
0.018677 1.448 0.13053
0.018815 1.1398 0.11163
0.018953 1.2506 0.11465
0.019093 1.1523 0.10442
0.019234 1.1389 0.10056
0.019375 1.2381 0.11614
0.019518 1.1529 0.11329
0.019662 1.3095 0.099455
0.019807 1.3217 0.11269
0.019953 1.1735 0.11434
0.0201 1.0542 0.093936
0.020248 1.1493 0.095905
0.020397 1.3453 0.11092
0.020547 1.185 0.10862
0.020699 1.0869 0.095349
0.020851 1.3058 0.096751
0.021005 1.3608 0.11425
0.02116 1.0131 0.092141
0.021316 1.4746 0.10079
0.021473 1.4437 0.11293
0.021631 1.4013 0.10564
0.02179 1.2854 0.099884
0.021951 1.324 0.093879
0.022113 1.2906 0.10374
0.022276 1.4057 0.10656
0.02244 1.5556 0.095222
0.022605 1.3832 0.11236
0.022772 1.196 0.090966
0.02294 1.644 0.1004
0.023109 1.3813 0.097071
0.023279 1.2507 0.10441
0.02345 1.3917 0.090081
0.023623 1.512 0.095371
0.023797 1.4291 0.10744
0.023973 1.1945 0.081148
0.024149 1.7991 0.10675
0.024327 1.3739 0.092456
0.024507 1.3428 0.091441
0.024687 1.602 0.091928
0.024869 1.5057 0.10006
0.025052 1.5758 0.091191
0.025237 1.8023 0.10565
0.025423 1.5043 0.0941
0.02561 1.6511 0.092095
0.025799 1.6014 0.091512
0.025989 1.5973 0.10242
0.026181 1.7412 0.090836
0.026373 1.8978 0.099038
0.026568 1.6948 0.094993
0.026764 1.8009 0.093119
0.026961 1.7898 0.095767
0.027159 1.6478 0.093681
0.02736 2.1985 0.097153
0.027561 2.0456 0.10626
0.027764 1.7747 0.086093
0.027969 2.2231 0.10425
0.028175 1.6875 0.087634
0.028383 2.2167 0.1015
0.028592 2.0834 0.096473
0.028802 1.7455 0.087377
0.029015 2.3992 0.097787
0.029228 2.0348 0.096889
0.029444 2.2067 0.09315
0.029661 2.1475 0.092882
0.029879 2.008 0.093968
0.0301 2.6306 0.098558
0.030321 2.2718 0.10231
0.030545 2.3533 0.090348
0.03077 2.5264 0.099267
0.030997 2.1784 0.094229
0.031225 2.7261 0.094845
0.031455 2.2026 0.094402
0.031687 2.538 0.091823
0.03192 2.5958 0.098557
0.032156 2.5092 0.093824
0.032393 2.7756 0.095688
0.032631 2.3515 0.091425
0.032872 3.1672 0.101
0.033114 2.3673 0.088988
0.033358 3.0842 0.10113
0.033604 2.7175 0.0923
0.033851 2.8411 0.092315
0.034101 3.0546 0.10476
0.034352 2.9213 0.088963
0.034605 3.3083 0.10349
0.03486 2.9554 0.092893
0.035117 3.3514 0.097857
0.035376 2.815 0.090222
0.035637 3.8824 0.1072
0.035899 2.89 0.0887
0.036164 3.7707 0.10073
0.03643 3.1553 0.096481
0.036699 3.7849 0.096174
0.036969 2.9144 0.08907
0.037241 4.3633 0.10703
0.037516 2.8584 0.087373
0.037792 4.1117 0.099795
0.038071 3.3405 0.090793
0.038351 4.4924 0.10809
0.038634 3.7121 0.091716
0.038919 4.7185 0.10662
0.039205 4.2625 0.099673
0.039494 5.3569 0.11481
0.039785 5.0617 0.10254
0.040079 6.0792 0.11843
0.040374 6.4309 0.11705
0.040671 6.9965 0.12781
0.040971 7.6092 0.12561
0.041273 7.7111 0.1274
0.041577 8.7598 0.13376
0.041883 8.5757 0.13383
0.042192 9.5053 0.14168
0.042503 8.6679 0.128
0.042816 8.7478 0.13106
0.043132 8.3077 0.12469
0.04345 6.7255 0.11496
0.04377 6.6409 0.11266
0.044092 5.2252 0.098326
0.044417 5.0542 0.096387
0.044744 4.3911 0.086787
0.045074 3.8906 0.083535
0.045406 4.2011 0.085964
0.045741 3.6675 0.07973
0.046078 3.8893 0.081838
0.046417 3.711 0.078751
0.04676 3.3258 0.075474
0.047104 3.7026 0.076845
0.047451 3.4305 0.07295
0.047801 3.2641 0.071779
0.048153 3.1633 0.070471
0.048508 3.0434 0.067268
0.048865 2.9363 0.0668
0.049225 3.2709 0.070285
0.049588 2.8931 0.064667
0.049954 2.8686 0.064483
0.050322 2.9896 0.066764
0.050693 2.8621 0.062422
0.051066 2.7723 0.062279
0.051442 2.8721 0.062604
0.051821 2.6189 0.0593
0.052203 2.5466 0.058346
0.052588 2.5349 0.057333
0.052975 2.518 0.05728
0.053366 2.346 0.054557
0.053759 2.3086 0.05382
0.054155 2.3729 0.05425
0.054554 2.3312 0.052192
0.054956 2.3015 0.052579
0.055361 2.3554 0.052461
0.055769 2.4169 0.053692
0.05618 2.4401 0.05268
0.056594 2.4964 0.052956
0.057011 2.8111 0.055666
0.057431 3.0307 0.05824
0.057854 3.2795 0.059223
0.058281 3.2932 0.059687
0.05871 3.4959 0.060109
0.059143 3.8125 0.062691
0.059579 3.9337 0.063324
0.060018 3.9371 0.06239
0.06046 3.5003 0.058699
0.060905 3.1415 0.055143
0.061354 2.8653 0.052782
0.061806 2.3123 0.046785
0.062262 2.053 0.043854
0.062721 1.8412 0.04092
0.063183 1.7784 0.04062
0.063648 1.6172 0.038102
0.064117 1.5706 0.036806
0.06459 1.562 0.036815
0.065066 1.5653 0.036605
0.065545 1.6051 0.037095
0.066028 1.53 0.03606
0.066515 1.4771 0.034402
0.067005 1.5512 0.035567
0.067499 1.569 0.035924
0.067996 1.6009 0.035337
0.068497 1.6689 0.035537
0.069002 1.8466 0.037966
0.06951 1.9926 0.038449
0.070023 2.2625 0.040622
0.070539 2.5517 0.043452
0.071058 2.7636 0.044109
0.071582 2.959 0.045317
0.072109 3.3113 0.048279
0.072641 3.3924 0.048055
0.073176 3.4768 0.04844
0.073715 3.2222 0.046285
0.074258 2.9938 0.043878
0.074806 2.5568 0.040886
0.075357 2.1244 0.036856
0.075912 1.7934 0.033673
0.076472 1.5852 0.031043
0.077035 1.5094 0.030639
0.077603 1.4229 0.029377
0.078175 1.3724 0.028529
0.078751 1.3843 0.028545
0.079331 1.2736 0.027219
0.079916 1.2114 0.026408
0.080504 1.2639 0.026916
0.081098 1.1981 0.025426
0.081695 1.1983 0.026072
0.082297 1.1056 0.024064
0.082904 1.1173 0.024547
0.083515 1.1079 0.023804
0.08413 1.1427 0.024396
0.08475 1.1451 0.024334
0.085374 1.0971 0.02343
0.086004 1.0807 0.023404
0.086637 1.0152 0.022021
0.087276 1.0355 0.022083
0.087919 1.0227 0.022193
0.088567 1.0368 0.022055
0.089219 0.99355 0.021484
0.089877 0.95887 0.020811
0.090539 0.99276 0.021004
0.091206 0.99447 0.020853
0.091878 1.0115 0.021084
0.092555 1.0248 0.021048
0.093237 0.99418 0.020321
0.093924 1.0254 0.020515
0.094616 1.0174 0.020576
0.095314 1.006 0.020072
0.096016 0.9974 0.019866
0.096724 0.99039 0.019894
0.097436 0.9626 0.019429
0.098154 0.95241 0.018799
0.098878 0.94572 0.0189
0.099606 0.92497 0.01864
0.10034 0.94564 0.018377
0.10108 0.95399 0.018592
0.10182 0.97415 0.018573
0.10257 0.99311 0.018491
0.10333 0.98487 0.018542
0.10409 0.99323 0.018152
0.10486 0.99415 0.018299
0.10563 0.9645 0.017773
0.10641 0.99579 0.017969
0.10719 0.96147 0.017659
0.10798 1.0006 0.017555
0.10878 1.0111 0.017902
0.10958 1.037 0.017623
0.11039 1.0337 0.017786
0.1112 1.0691 0.017635
0.11202 1.0572 0.017797
0.11285 1.0497 0.017201
0.11368 1.0134 0.017068
0.11452 1.0142 0.016628
0.11536 0.982 0.016577
0.11621 0.99315 0.016394
0.11707 0.99154 0.016288
0.11793 0.95702 0.015916
0.1188 0.94739 0.015614
0.11967 0.93881 0.015653
0.12056 0.97724 0.015604
0.12144 0.96515 0.015438
0.12234 0.9182 0.015173
0.12324 0.90918 0.014706
0.12415 0.91526 0.014751
0.12506 0.93253 0.014973
0.12598 0.90452 0.014336
0.12691 0.88013 0.014182
0.12785 0.85825 0.01391
0.12879 0.85455 0.013828
0.12974 0.86331 0.013685
0.1307 0.83819 0.013416
0.13166 0.82313 0.013265
0.13263 0.80845 0.013046
0.13361 0.76921 0.012578
0.13459 0.76435 0.01248
0.13558 0.75261 0.012243
0.13658 0.75411 0.012323
0.13759 0.74839 0.012049
0.1386 0.7254 0.011813
0.13962 0.73618 0.011837
0.14065 0.71914 0.011558
0.14169 0.70612 0.011397
0.14273 0.68789 0.01121
0.14378 0.70246 0.011184
0.14484 0.68725 0.011017
0.14591 0.67263 0.010811
0.14699 0.6568 0.010661
0.14807 0.66945 0.010644
0.14916 0.65044 0.010411
0.15026 0.63768 0.010219
0.15137 0.62248 0.010069
0.15248 0.61695 0.0099093
0.15361 0.59911 0.0097352
0.15474 0.58841 0.0095561
0.15588 0.58208 0.0094651
0.15703 0.5981 0.0094943
0.15818 0.57023 0.0092184
0.15935 0.56221 0.0090973
0.16052 0.5451 0.0088637
0.16171 0.53853 0.0087717
0.1629 0.5353 0.0086962
0.1641 0.52459 0.0085379
0.16531 0.53756 0.0085957
0.16653 0.53088 0.0084507
0.16775 0.52533 0.0083538
0.16899 0.51209 0.0081912
0.17023 0.49703 0.0080378
0.17149 0.48618 0.0078827
0.17275 0.48999 0.0078346
0.17403 0.47128 0.0076585
0.17531 0.47081 0.0076109
0.1766 0.45226 0.0073668
0.1779 0.45881 0.0074005
0.17921 0.43706 0.0071504
0.18053 0.44199 0.0071693
0.18186 0.41967 0.00692
0.1832 0.40735 0.0067853
0.18455 0.40799 0.0067436
0.18591 0.3917 0.0065606
0.18728 0.39797 0.0065487
0.18866 0.38144 0.0064108
0.19005 0.37081 0.0062213
0.19145 0.35983 0.0061485
0.19286 0.35009 0.0059891
0.19429 0.33797 0.005857
0.19572 0.3365 0.0058174
