#
0.0050184 13.309 1.2491
0.0050554 13.721 1.4178
0.0050926 31.414 2.1443
0.0051301 9.2192 1.0398
0.0051679 13.232 1.1369
0.005206 26.886 2.8053
0.0052444 11.086 2.5498
0.005283 NaN NaN
0.005322 6.4149 1.1201
0.0053612 8.0112 1.0845
0.0054007 10.701 1.0225
0.0054405 11.265 0.81264
0.0054806 12.354 1.0987
0.005521 54.471 2.305
0.0055616 11.317 1.1522
0.0056026 27.937 1.8086
0.0056439 11.482 1.059
0.0056855 13.428 1.6197
0.0057274 24.243 2.6646
0.0057696 3.9262 0.75988
0.0058121 8.3067 1.1041
0.0058549 4.9814 0.57033
0.0058981 12.453 1.5599
0.0059416 7.4328 1.0444
0.0059853 14.93 1.118
0.0060294 9.0394 1.6284
0.0060739 22.383 1.0041
0.0061186 10.504 1.2409
0.0061637 13.286 0.98643
0.0062091 8.0967 0.72667
0.0062549 12.372 1.2045
0.006301 3.1889 0.97005
0.0063474 5.6046 0.64162
0.0063942 6.5615 0.981
0.0064413 10.5 1.7549
0.0064888 12.259 1.8955
0.0065366 5.5095 0.49904
0.0065847 12.841 0.79203
0.0066333 14.488 0.87864
0.0066821 12.344 1.0166
0.0067314 8.1638 0.97882
0.006781 8.2845 0.98578
0.006831 4.9448 0.85271
0.0068813 5.6732 0.64577
0.006932 3.9004 0.5729
0.0069831 3.4908 0.82725
0.0070345 6.4099 0.73328
0.0070864 5.3478 0.44326
0.0071386 10.348 0.74259
0.0071912 30.203 2.4275
0.0072442 9.7006 0.84325
0.0072976 4.0047 0.51177
0.0073513 5.3364 0.51126
0.0074055 4.356 0.56638
0.0074601 5.1201 0.77603
0.0075151 2.019 0.77384
0.0075704 3.3586 0.46869
0.0076262 6.574 0.5252
0.0076824 7.6843 0.64035
0.007739 8.5555 0.74674
0.0077961 7.0294 0.49266
0.0078535 6.8205 0.75672
0.0079114 3.4887 0.50659
0.0079697 7.1901 1.186
0.0080284 2.6649 0.56108
0.0080876 3.1723 0.37915
0.0081471 4.2071 0.38162
0.0082072 4.5466 0.49315
0.0082677 7.538 0.56213
0.0083286 7.1002 0.61558
0.00839 5.9197 0.76144
0.0084518 3.485 0.47762
0.0085141 2.6291 0.34563
0.0085768 3.2324 0.36902
0.00864 3.6057 0.65138
0.0087037 4.8112 0.50729
0.0087678 4.1035 0.37694
0.0088324 6.9657 0.47651
0.0088975 2.8452 0.40947
0.0089631 4.0711 0.41363
0.0090291 2.7823 0.40527
0.0090956 2.7415 0.38347
0.0091627 6.4112 1.3718
0.0092302 3.1429 0.31246
0.0092982 3.5097 0.29349
0.0093667 4.9112 0.42479
0.0094357 2.4577 0.60297
0.0095053 3.665 0.33726
0.0095753 2.8992 0.43601
0.0096459 2.9786 0.3422
0.0097169 2.2655 0.33419
0.0097885 3.5107 0.31391
0.0098607 5.348 0.44327
0.0099333 6.6054 0.65642
0.010007 2.947 0.26369
0.01008 2.3486 0.29476
0.010155 2.6643 0.39674
0.010229 2.5573 0.35488
0.010305 2.8236 0.32289
0.010381 3.1399 0.33005
0.010457 3.6357 0.28724
0.010534 2.8174 0.27504
0.010612 2.7505 0.45075
0.01069 2.0929 0.27844
0.010769 2.3122 0.30208
0.010848 2.6209 0.2715
0.010928 2.3137 0.2553
0.011009 3.0644 0.26883
0.01109 3.348 0.38969
0.011171 1.8686 0.2297
0.011254 1.793 0.2432
0.011337 1.3974 0.24364
0.01142 2.9551 0.28139
0.011504 2.6557 0.23263
0.011589 2.9494 0.2751
0.011675 1.9439 0.2463
0.011761 2.2782 0.27384
0.011847 1.5149 0.28638
0.011935 1.9778 0.2047
0.012023 2.1466 0.19941
0.012111 2.9283 0.29394
0.0122 2.2571 0.25224
0.01229 1.6243 0.20937
0.012381 1.5835 0.19801
0.012472 2.1795 0.24224
0.012564 2.3346 0.23054
0.012657 2.2264 0.22095
0.01275 2.2744 0.21537
0.012844 1.8597 0.2475
0.012938 1.5471 0.18824
0.013034 2.3903 0.24789
0.01313 1.9159 0.16064
0.013227 2.2277 0.22095
0.013324 1.8312 0.25286
0.013422 1.6019 0.18451
0.013521 1.3773 0.20264
0.013621 1.7135 0.15953
0.013721 1.9567 0.19336
0.013822 2.032 0.2195
0.013924 1.34 0.14893
0.014027 1.3625 0.22538
0.01413 1.8595 0.17501
0.014234 1.5455 0.15547
0.014339 1.8699 0.17319
0.014445 1.6855 0.19257
0.014551 1.1438 0.20065
0.014658 1.5743 0.1382
0.014766 1.7143 0.16808
0.014875 1.4635 0.16772
0.014985 1.8222 0.18681
0.015095 1.3223 0.14804
0.015206 1.7817 0.1763
0.015319 1.9017 0.16578
0.015431 1.7396 0.1516
0.015545 1.523 0.16322
0.01566 1.141 0.15921
0.015775 1.6582 0.15499
0.015891 1.4876 0.13178
0.016008 1.7483 0.18004
0.016126 1.2202 0.13855
0.016245 1.5224 0.16322
0.016365 1.2974 0.12091
0.016486 1.8419 0.1633
0.016607 1.4409 0.12977
0.016729 1.2417 0.15721
0.016853 1.3835 0.13398
0.016977 1.5807 0.13572
0.017102 1.4758 0.13814
0.017228 1.0377 0.13731
0.017355 1.3954 0.11976
0.017483 1.5458 0.13842
0.017612 1.6397 0.14707
0.017741 1.4669 0.13348
0.017872 1.3312 0.12995
0.018004 1.3435 0.12803
0.018136 1.4999 0.11812
0.01827 1.4485 0.14007
0.018405 1.3583 0.14604
0.01854 1.2299 0.099681
0.018677 1.4139 0.13239
0.018815 1.278 0.12116
0.018953 1.3267 0.12112
0.019093 1.5049 0.12216
0.019234 1.4908 0.11777
0.019375 1.269 0.12064
0.019518 1.1902 0.11809
0.019662 1.1672 0.096479
0.019807 1.2023 0.11041
0.019953 1.5329 0.13377
0.0201 1.2469 0.10466
0.020248 1.3494 0.10648
0.020397 1.3967 0.11594
0.020547 1.2366 0.11382
0.020699 1.5135 0.1151
0.020851 1.5368 0.10756
0.021005 1.3129 0.1152
0.02116 1.1262 0.099586
0.021316 1.4231 0.10164
0.021473 1.4368 0.11562
0.021631 1.1943 0.10024
0.02179 1.4406 0.10841
0.021951 1.7027 0.10903
0.022113 1.4182 0.11151
0.022276 1.1699 0.099936
0.02244 1.4498 0.094398
0.022605 1.5309 0.1212
0.022772 1.2441 0.095181
0.02294 1.768 0.10678
0.023109 1.5168 0.1043
0.023279 1.5679 0.11974
0.02345 1.5005 0.095927
0.023623 1.8088 0.10689
0.023797 1.5371 0.11428
0.023973 1.6714 0.098209
0.024149 2.1362 0.11922
0.024327 1.5228 0.099798
0.024507 1.4964 0.098966
0.024687 1.877 0.10199
0.024869 1.5981 0.10573
0.025052 1.598 0.094221
0.025237 1.9928 0.11391
0.025423 1.5097 0.096735
0.02561 1.8383 0.099636
0.025799 1.9992 0.10475
0.025989 1.9051 0.11463
0.026181 1.8567 0.096207
0.026373 2.0666 0.10599
0.026568 1.6177 0.095271
0.026764 1.9149 0.098489
0.026961 1.5695 0.092114
0.027159 1.778 0.099799
0.02736 2.0989 0.097429
0.027561 2.0549 0.10927
0.027764 1.8154 0.089335
0.027969 2.1763 0.10585
0.028175 1.8369 0.093764
0.028383 2.2261 0.10437
0.028592 2.1225 0.099903
0.028802 1.8502 0.092272
0.029015 2.5203 0.10281
0.029228 2.1506 0.10217
0.029444 2.2155 0.095767
0.029661 2.2721 0.097997
0.029879 2.0808 0.09813
0.0301 2.6909 0.10226
0.030321 2.4719 0.10945
0.030545 2.2414 0.090496
0.03077 2.6013 0.10334
0.030997 2.2624 0.09851
0.031225 2.6207 0.095428
0.031455 2.5028 0.10318
0.031687 2.6877 0.096925
0.03192 2.8561 0.10602
0.032156 2.5049 0.096183
0.032393 3.0203 0.10237
0.032631 2.4964 0.096624
0.032872 3.1744 0.10374
0.033114 2.3586 0.091139
0.033358 3.4805 0.11018
0.033604 2.6861 0.094158
0.033851 3.0895 0.098732
0.034101 3.1765 0.10959
0.034352 2.7121 0.087976
0.034605 3.3119 0.10624
0.03486 2.9817 0.095726
0.035117 3.2965 0.099578
0.035376 2.8534 0.093191
0.035637 3.955 0.111
0.035899 2.8222 0.089941
0.036164 3.6835 0.10215
0.03643 3.2184 0.099964
0.036699 3.8445 0.099437
0.036969 3.0126 0.092897
0.037241 3.9127 0.10401
0.037516 2.9268 0.090701
0.037792 4.0756 0.10194
0.038071 3.252 0.091918
0.038351 4.0548 0.10539
0.038634 3.3942 0.090005
0.038919 4.0443 0.10131
0.039205 3.5002 0.092727
0.039494 4.085 0.10293
0.039785 3.4425 0.086859
0.040079 3.8533 0.096852
0.040374 3.7185 0.091443
0.040671 3.7878 0.096621
0.040971 4.0394 0.094024
0.041273 3.2125 0.084559
0.041577 4.1337 0.094415
0.041883 3.4292 0.087016
0.042192 3.9493 0.093864
0.042503 3.4087 0.082537
0.042816 3.7701 0.088438
0.043132 3.953 0.088391
0.04345 3.2984 0.082762
0.04377 3.8939 0.088613
0.044092 3.4038 0.081527
0.044417 3.7322 0.085051
0.044744 3.5058 0.079615
0.045074 3.2424 0.078288
0.045406 3.6402 0.082135
0.045741 3.1362 0.075688
0.046078 3.4406 0.079004
0.046417 3.255 0.075705
0.04676 2.9197 0.07259
0.047104 3.3774 0.075324
0.047451 2.9986 0.07001
0.047801 2.6912 0.066926
0.048153 2.9925 0.070338
0.048508 2.7118 0.065182
0.048865 2.6329 0.064932
0.049225 2.7903 0.066648
0.049588 2.4273 0.060825
0.049954 2.4499 0.061188
0.050322 2.4548 0.062127
0.050693 2.2304 0.05661
0.051066 2.1014 0.055714
0.051442 2.1793 0.056029
0.051821 2.0866 0.054375
0.052203 1.9398 0.05233
0.052588 2.1159 0.053797
0.052975 1.8363 0.050285
0.053366 1.985 0.051545
0.053759 1.8035 0.048886
0.054155 1.9077 0.049975
0.054554 1.8373 0.047613
0.054956 1.7378 0.046964
0.055361 2.1414 0.051352
0.055769 2.4263 0.055195
0.05618 3.1313 0.061158
0.056594 4.3879 0.071873
0.057011 5.9972 0.083214
0.057431 7.9574 0.096563
0.057854 9.5464 0.10339
0.058281 10.539 0.10924
0.05871 10.443 0.10632
0.059143 9.2551 0.10001
0.059579 7.3333 0.088566
0.060018 5.6241 0.076426
0.06046 3.8959 0.06351
0.060905 2.596 0.051473
0.061354 1.8963 0.044159
0.061806 1.4794 0.038521
0.062262 1.315 0.036144
0.062721 1.2191 0.034291
0.063183 1.1869 0.034178
0.063648 1.1406 0.032945
0.064117 1.0897 0.031574
0.06459 1.0611 0.031256
0.065066 1.0485 0.030868
0.065545 1.07 0.031207
0.066028 1.0168 0.030293
0.066515 1.0311 0.029609
0.067005 1.0386 0.029987
0.067499 0.99839 0.029546
0.067996 0.99738 0.02876
0.068497 1.0312 0.028802
0.069002 0.98494 0.028623
0.06951 0.97937 0.027843
0.070023 0.99459 0.027838
0.070539 1.0079 0.028236
0.071058 0.9789 0.027159
0.071582 1.021 0.027533
0.072109 0.99909 0.027451
0.072641 1.028 0.027376
0.073176 0.99227 0.026795
0.073715 0.96892 0.026281
0.074258 0.99303 0.02615
0.074806 1.0476 0.027048
0.075357 1.0608 0.026884
0.075912 1.021 0.026213
0.076472 1.0764 0.026348
0.077035 1.0924 0.026835
0.077603 1.0574 0.02607
0.078175 1.1193 0.026496
0.078751 1.1675 0.02695
0.079331 1.2651 0.027842
0.079916 1.5916 0.030987
0.080504 2.1134 0.035578
0.081098 2.9981 0.041017
0.081695 3.9815 0.048409
0.082297 4.5803 0.049827
0.082904 4.5242 0.050266
0.083515 3.9465 0.045728
0.08413 2.8741 0.039443
0.08475 2.0666 0.033385
0.085374 1.5209 0.028221
0.086004 1.2232 0.025521
0.086637 1.1118 0.023629
0.087276 1.0852 0.02319
0.087919 1.035 0.022912
0.088567 0.99207 0.022155
0.089219 0.92328 0.021278
0.089877 0.98157 0.021606
0.090539 1.0222 0.021868
0.091206 0.9637 0.021078
0.091878 0.95408 0.021033
0.092555 0.98193 0.021158
0.093237 1.0068 0.020987
0.093924 0.96288 0.020421
0.094616 1.0337 0.021284
0.095314 1.082 0.021346
0.096016 1.0718 0.021119
0.096724 1.1869 0.022306
0.097436 1.3577 0.023594
0.098154 1.7593 0.026067
0.098878 2.7399 0.032734
0.099606 3.9834 0.039286
0.10034 5.4048 0.044604
0.10108 6.1676 0.047982
0.10182 5.7464 0.045802
0.10257 4.7065 0.040904
0.10333 3.2027 0.034014
0.10409 2.0782 0.026771
0.10486 1.5129 0.023069
0.10563 1.2316 0.020557
0.10641 1.0921 0.019293
0.10719 0.99168 0.0184
0.10798 0.98323 0.017865
0.10878 0.95898 0.017907
0.10958 0.88547 0.016748
0.11039 0.87804 0.016861
0.1112 0.87627 0.016429
0.11202 0.82076 0.016149
0.11285 0.8012 0.015481
0.11368 0.79358 0.015555
0.11452 0.77034 0.014931
0.11536 0.76687 0.01509
0.11621 0.71588 0.014356
0.11707 0.71816 0.014295
0.11793 0.7144 0.014176
0.1188 0.71969 0.014027
0.11967 0.67488 0.013692
0.12056 0.67835 0.013418
0.12144 0.67083 0.013285
0.12234 0.6829 0.013494
0.12324 0.66364 0.012961
0.12415 0.65967 0.012922
0.12506 0.64567 0.012863
0.12598 0.64813 0.012524
0.12691 0.65529 0.012622
0.12785 0.69248 0.012871
0.12879 0.73805 0.013222
0.12974 0.79156 0.013469
0.1307 0.79344 0.01341
0.13166 0.76889 0.013174
0.13263 0.71837 0.012648
0.13361 0.72647 0.01256
0.13459 0.67289 0.012047
0.13558 0.65297 0.011736
0.13658 0.67295 0.011974
0.13759 0.65768 0.011622
0.1386 0.67392 0.011705
0.13962 0.72457 0.012059
0.14065 0.78637 0.01239
0.14169 0.85056 0.012803
0.14273 0.94557 0.013428
0.14378 0.95723 0.013341
0.14484 0.92272 0.013046
0.14591 0.81186 0.012156
0.14699 0.79207 0.011982
0.14807 0.7288 0.011385
0.14916 0.74677 0.011426
0.15026 0.76862 0.011481
0.15137 0.80794 0.011725
0.15248 0.93119 0.012418
0.15361 1.08 0.013301
0.15474 1.1515 0.013587
0.15588 1.1139 0.013312
0.15703 1.0397 0.012743
0.15818 0.90705 0.011845
0.15935 0.83448 0.011301
0.16052 0.78482 0.010848
0.16171 0.7675 0.010681
0.1629 0.77174 0.010649
0.1641 0.79245 0.010692
0.16531 0.7855 0.010595
0.16653 0.77803 0.01043
0.16775 0.75509 0.010213
0.16899 0.72868 0.0099641
0.17023 0.73342 0.0099492
0.17149 0.72919 0.0098329
0.17275 0.74548 0.0098415
0.17403 0.77201 0.0099672
0.17531 0.80592 0.010118
0.1766 0.78295 0.0098441
0.1779 0.73584 0.0095313
0.17921 0.68888 0.0091288
0.18053 0.64414 0.0088141
0.18186 0.6106 0.0084979
0.1832 0.57125 0.0081848
0.18455 0.58456 0.0082184
0.18591 0.55699 0.007964
0.18728 0.54261 0.0077928
0.18866 0.50783 0.0075407
0.19005 0.51023 0.0074322
0.19145 0.50473 0.0074111
0.19286 0.50783 0.0073332
0.19429 0.49686 0.0072152
0.19572 0.48941 0.0071288
