#
0.0050184 11.394 2.2556
0.0050554 12.067 2.5936
0.0050926 566.66 17.703
0.0051301 14.953 2.5794
0.0051679 15.38 2.389
0.005206 331.69 19.155
0.0052444 196.74 20.866
0.005283 NaN NaN
0.005322 2.8751 1.4746
0.0053612 11.491 2.5339
0.0054007 40.83 3.8838
0.0054405 17.161 1.9534
0.0054806 15.012 2.3604
0.005521 1383.7 22.586
0.0055616 11.827 2.2986
0.0056026 563.03 15.783
0.0056439 16.136 2.4452
0.0056855 14.646 3.2972
0.0057274 478.73 23.012
0.0057696 5.9983 1.8339
0.0058121 9.2911 2.2799
0.0058549 8.0223 1.4118
0.0058981 78.787 7.6263
0.0059416 22.575 3.5406
0.0059853 11.902 1.9478
0.0060294 2.1086 1.5641
0.0060739 535.5 9.5459
0.0061186 23.13 3.5835
0.0061637 273.62 8.699
0.0062091 9.9714 1.5736
0.0062549 146.31 8.048
0.006301 4.3165 2.2119
0.0063474 8.1976 1.5143
0.0063942 13.751 2.7647
0.0064413 102.74 10.665
0.0064888 10.963 3.4972
0.0065366 8.0719 1.1788
0.0065847 170.2 5.6027
0.0066333 292.45 7.6697
0.0066821 216.98 8.2817
0.0067314 14.059 2.5024
0.006781 102.54 6.7378
0.006831 9.8498 2.346
0.0068813 9.5628 1.6357
0.006932 20.119 2.5278
0.0069831 9.513 2.6583
0.0070345 8.7543 1.672
0.0070864 8.7472 1.1059
0.0071386 142.48 5.3539
0.0071912 753.4 23.569
0.0072442 151.69 6.478
0.0072976 3.8377 0.98305
0.0073513 40.084 2.7214
0.0074055 7.6237 1.463
0.0074601 21.129 3.0648
0.0075151 3.2106 1.9156
0.0075704 5.8182 1.204
0.0076262 9.6907 1.244
0.0076824 108.48 4.6725
0.007739 193.07 6.8899
0.0077961 60.927 2.8176
0.0078535 46.643 3.8439
0.0079114 6.0031 1.2968
0.0079697 22.026 4.0382
0.0080284 3.8833 1.3271
0.0080876 3.8285 0.81598
0.0081471 6.8002 0.9472
0.0082072 6.7356 1.1725
0.0082677 159.63 5.0233
0.0083286 65.251 3.6249
0.00839 43.395 4.0044
0.0084518 3.8386 0.98305
0.0085141 6.8786 1.0894
0.0085768 4.639 0.86535
0.00864 6.1135 1.6552
0.0087037 10.752 1.4776
0.0087678 40.106 2.287
0.0088324 90.357 3.3336
0.0088975 6.1135 1.1704
0.0089631 17.131 1.6494
0.0090291 6.539 1.2115
0.0090956 7.7521 1.2557
0.0091627 9.8651 3.3177
0.0092302 3.6185 0.65855
0.0092982 28.292 1.6174
0.0093667 82.02 3.3691
0.0094357 3.7636 1.463
0.0095053 10.365 1.1044
0.0095753 11.699 1.7027
0.0096459 2.7104 0.64277
0.0097169 4.8797 0.95776
0.0097885 3.9007 0.64928
0.0098607 77.037 3.2654
0.0099333 40.213 3.1472
0.010007 7.3386 0.81087
0.01008 5.5626 0.88518
0.010155 3.8811 0.93842
0.010229 2.2967 0.66461
0.010305 3.4881 0.70491
0.010381 4.4565 0.76974
0.010457 49.051 2.0452
0.010534 9.145 0.96433
0.010612 4.041 1.0708
0.01069 2.5223 0.6026
0.010769 3.4344 0.7224
0.010848 3.3799 0.60507
0.010928 3.377 0.60507
0.011009 42.906 1.9504
0.01109 7.3849 1.1286
0.011171 3.9058 0.64928
0.011254 3.9534 0.70591
0.011337 4.3357 0.83601
0.01142 2.6279 0.52243
0.011504 25.982 1.4105
0.011589 13.556 1.146
0.011675 3.0429 0.60492
0.011761 3.2077 0.63853
0.011847 3.9186 0.89926
0.011935 2.6599 0.46736
0.012023 11.918 0.91175
0.012111 30.757 1.8472
0.0122 6.1118 0.80903
0.01229 3.3268 0.58625
0.012381 4.2365 0.63183
0.012472 2.3093 0.49256
0.012564 8.8276 0.87172
0.012657 17.511 1.2012
0.01275 3.6423 0.53391
0.012844 2.731 0.58934
0.012938 2.6172 0.48126
0.013034 3.268 0.56895
0.01313 9.3054 0.68742
0.013227 8.3413 0.8314
0.013324 3.2811 0.66345
0.013422 2.0282 0.41049
0.013521 3.3277 0.61577
0.013621 3.106 0.42114
0.013721 15.889 1.0679
0.013822 4.6753 0.65016
0.013924 2.1175 0.36866
0.014027 2.9399 0.64843
0.01413 2.3003 0.38371
0.014234 8.0556 0.68871
0.014339 5.1576 0.56079
0.014445 2.2771 0.44118
0.014551 2.8935 0.624
0.014658 2.0254 0.30948
0.014766 8.3864 0.72176
0.014875 5.2483 0.61792
0.014985 2.4664 0.42812
0.015095 2.1736 0.37375
0.015206 2.7686 0.43154
0.015319 6.7052 0.60556
0.015431 3.5795 0.42569
0.015545 2.5712 0.41657
0.01566 1.9387 0.40963
0.015775 1.9541 0.33258
0.015891 7.3162 0.56714
0.016008 2.878 0.45327
0.016126 1.9364 0.34438
0.016245 2.3087 0.39573
0.016365 1.8593 0.28613
0.016486 8.313 0.67381
0.016607 1.9787 0.3005
0.016729 2.7043 0.45451
0.016853 2.6826 0.36621
0.016977 5.4997 0.49259
0.017102 2.5508 0.35662
0.017228 1.9798 0.37321
0.017355 2.1491 0.29294
0.017483 4.4623 0.45851
0.017612 3.7914 0.43689
0.017741 1.9355 0.30283
0.017872 2.1158 0.32265
0.018004 1.9652 0.30618
0.018136 4.0815 0.38017
0.01827 2.1594 0.33724
0.018405 2.9239 0.41976
0.01854 2.02 0.25188
0.018677 5.2081 0.49417
0.018815 2.6205 0.3403
0.018953 1.6578 0.26862
0.019093 3.2571 0.35168
0.019234 3.84 0.36902
0.019375 1.8633 0.28851
0.019518 2.2449 0.31872
0.019662 3.5581 0.32842
0.019807 3.4588 0.36541
0.019953 1.8495 0.29096
0.0201 1.8522 0.25198
0.020248 3.5134 0.33554
0.020397 2.8551 0.32503
0.020547 2.4638 0.31527
0.020699 2.5351 0.29276
0.020851 4.1311 0.34406
0.021005 2.6023 0.31813
0.02116 2.5669 0.29457
0.021316 3.2771 0.30159
0.021473 2.7026 0.31106
0.021631 2.5222 0.28554
0.02179 2.7201 0.29222
0.021951 2.8213 0.27541
0.022113 3.5407 0.34425
0.022276 3.0331 0.31441
0.02244 4.0455 0.30764
0.022605 2.9703 0.33086
0.022772 2.6541 0.27244
0.02294 3.5594 0.29642
0.023109 3.2569 0.29915
0.023279 2.5597 0.30055
0.02345 3.1881 0.27365
0.023623 3.4273 0.2882
0.023797 3.1577 0.3207
0.023973 3.1417 0.2639
0.024149 4.2749 0.32972
0.024327 2.9868 0.27393
0.024507 3.2518 0.28555
0.024687 3.9551 0.28942
0.024869 3.5184 0.30681
0.025052 3.086 0.25655
0.025237 4.3023 0.32702
0.025423 3.8651 0.30219
0.02561 3.613 0.27351
0.025799 3.7088 0.27933
0.025989 4.04 0.32636
0.026181 4.0464 0.27758
0.026373 4.486 0.30508
0.026568 3.571 0.27685
0.026764 3.9511 0.27657
0.026961 3.7225 0.27719
0.027159 4.5108 0.31022
0.02736 4.3905 0.27539
0.027561 4.8856 0.32889
0.027764 4.3081 0.26874
0.027969 4.9399 0.31134
0.028175 4.1807 0.27636
0.028383 5.4007 0.31716
0.028592 5.0585 0.30102
0.028802 5.2296 0.3024
0.029015 5.2156 0.28885
0.029228 5.0674 0.30609
0.029444 5.1907 0.28606
0.029661 5.7789 0.30474
0.029879 5.2758 0.30476
0.0301 5.518 0.28592
0.030321 5.4848 0.3182
0.030545 4.9249 0.26194
0.03077 6.3491 0.31481
0.030997 5.7015 0.30498
0.031225 5.9275 0.27998
0.031455 5.9623 0.31063
0.031687 6.3015 0.28944
0.03192 6.0213 0.30042
0.032156 5.6696 0.28232
0.032393 6.3064 0.28862
0.032631 6.3592 0.3006
0.032872 6.7273 0.2946
0.033114 6.4559 0.29383
0.033358 7.074 0.30641
0.033604 6.8817 0.29374
0.033851 6.8673 0.28709
0.034101 6.9346 0.3158
0.034352 6.8886 0.27328
0.034605 6.9993 0.30123
0.03486 6.4813 0.27531
0.035117 7.2504 0.28796
0.035376 6.9579 0.28369
0.035637 7.78 0.30363
0.035899 6.9988 0.27608
0.036164 7.3872 0.28218
0.03643 7.1398 0.29036
0.036699 7.7557 0.27543
0.036969 6.8165 0.27251
0.037241 7.2443 0.27614
0.037516 6.9376 0.27225
0.037792 7.3569 0.26728
0.038071 6.7318 0.25801
0.038351 7.1728 0.27358
0.038634 6.4485 0.24214
0.038919 7.1304 0.26252
0.039205 6.8748 0.2536
0.039494 7.4258 0.27077
0.039785 6.7008 0.23649
0.040079 6.6814 0.249
0.040374 6.5882 0.23762
0.040671 7.3065 0.26179
0.040971 6.9925 0.24144
0.041273 6.3955 0.23284
0.041577 7.3166 0.24511
0.041883 6.5454 0.23464
0.042192 7.14 0.2463
0.042503 6.2075 0.21747
0.042816 6.8788 0.23316
0.043132 6.3728 0.21921
0.04345 6.0689 0.21921
0.04377 6.2687 0.21957
0.044092 5.8088 0.20809
0.044417 6.4712 0.21867
0.044744 6.0224 0.20381
0.045074 5.9707 0.20745
0.045406 5.7851 0.20234
0.045741 5.7354 0.19992
0.046078 6.0734 0.205
0.046417 5.6182 0.19434
0.04676 5.499 0.19456
0.047104 5.1884 0.18256
0.047451 4.9526 0.17591
0.047801 4.9537 0.17747
0.048153 5.0625 0.17885
0.048508 4.8727 0.17078
0.048865 4.5658 0.16723
0.049225 4.5456 0.16644
0.049588 4.3487 0.15925
0.049954 4.4445 0.16119
0.050322 4.2865 0.1606
0.050693 4.3956 0.15535
0.051066 4.1887 0.15379
0.051442 4.2353 0.15273
0.051821 4.2747 0.15212
0.052203 3.7264 0.14193
0.052588 3.7344 0.13993
0.052975 3.9506 0.14419
0.053366 3.5603 0.13521
0.053759 3.3969 0.13141
0.054155 3.5799 0.13402
0.054554 3.332 0.12563
0.054956 3.3088 0.12694
0.055361 3.2582 0.12428
0.055769 3.3261 0.12683
0.05618 3.2589 0.12266
0.056594 3.131 0.11956
0.057011 3.06 0.1172
0.057431 2.987 0.11676
0.057854 2.8211 0.11108
0.058281 2.9069 0.11333
0.05871 3.0133 0.11276
0.059143 2.867 0.10994
0.059579 2.7419 0.10701
0.060018 2.7603 0.10569
0.06046 2.7156 0.10463
0.060905 2.6853 0.10311
0.061354 2.5918 0.1016
0.061806 2.8224 0.10437
0.062262 2.9108 0.1053
0.062721 2.7074 0.10012
0.063183 2.7374 0.10164
0.063648 2.7263 0.099685
0.064117 2.6476 0.096323
0.06459 2.7172 0.097805
0.065066 2.6873 0.096647
0.065545 2.6322 0.095799
0.066028 2.8064 0.098315
0.066515 2.6389 0.09266
0.067005 2.5189 0.091436
0.067499 2.6156 0.09352
0.067996 2.5182 0.089423
0.068497 2.588 0.089285
0.069002 2.5167 0.089514
0.06951 2.5924 0.088576
0.070023 2.5725 0.087575
0.070539 2.6157 0.08896
0.071058 2.5769 0.086163
0.071582 2.494 0.084237
0.072109 2.5517 0.085823
0.072641 2.5211 0.083918
0.073176 2.4829 0.082954
0.073715 2.5428 0.083263
0.074258 2.3159 0.078264
0.074806 2.4257 0.080651
0.075357 2.3966 0.079207
0.075912 2.4687 0.079818
0.076472 2.3762 0.07675
0.077035 2.4336 0.078515
0.077603 2.25 0.074635
0.078175 2.3875 0.075911
0.078751 2.2523 0.073547
0.079331 2.2503 0.073027
0.079916 2.2789 0.073045
0.080504 2.3117 0.073406
0.081098 2.3262 0.071406
0.081695 2.1961 0.071236
0.082297 2.2323 0.068932
0.082904 2.2153 0.069678
0.083515 1.9517 0.06388
0.08413 2.0713 0.066331
0.08475 2.0665 0.066033
0.085374 2.0484 0.064653
0.086004 2.173 0.066899
0.086637 2.1539 0.064645
0.087276 2.1024 0.063448
0.087919 2.0424 0.063286
0.088567 2.0155 0.062073
0.089219 2.1562 0.063756
0.089877 1.9449 0.059821
0.090539 1.9605 0.059592
0.091206 1.9978 0.059629
0.091878 1.8876 0.058199
0.092555 1.9914 0.059239
0.093237 1.8305 0.055753
0.093924 1.9631 0.057327
0.094616 1.6918 0.053778
0.095314 1.8355 0.054826
0.096016 1.7745 0.053639
0.096724 1.8181 0.05452
0.097436 1.8671 0.05467
0.098154 1.7021 0.050893
0.098878 1.7715 0.052318
0.099606 1.6729 0.050779
0.10034 1.669 0.049452
0.10108 1.6224 0.04916
0.10182 1.7099 0.049837
0.10257 1.6343 0.048114
0.10333 1.6231 0.048289
0.10409 1.5625 0.046244
0.10486 1.5817 0.046864
0.10563 1.641 0.046995
0.10641 1.5714 0.04583
0.10719 1.5998 0.046201
0.10798 1.53 0.044117
0.10878 1.54 0.044897
0.10958 1.4249 0.042091
0.11039 1.5258 0.04393
0.1112 1.486 0.042324
0.11202 1.4252 0.042105
0.11285 1.4542 0.041225
0.11368 1.4231 0.041191
0.11452 1.4475 0.040433
0.11536 1.3078 0.039061
0.11621 1.3773 0.039357
0.11707 1.3967 0.039384
0.11793 1.3557 0.038615
0.1188 1.355 0.038073
0.11967 1.3069 0.037687
0.12056 1.3735 0.037709
0.12144 1.3127 0.036747
0.12234 1.2595 0.036301
0.12324 1.2973 0.035843
0.12415 1.2643 0.035412
0.12506 1.2081 0.034871
0.12598 1.256 0.034506
0.12691 1.2751 0.034833
0.12785 1.2291 0.034015
0.12879 1.2384 0.034004
0.12974 1.1767 0.032688
0.1307 1.0905 0.031391
0.13166 1.1719 0.032375
0.13263 1.093 0.0311
0.13361 1.1512 0.031453
0.13459 1.0943 0.030583
0.13558 1.0829 0.030081
0.13658 1.1146 0.030655
0.13759 1.0731 0.029557
0.1386 1.0548 0.029196
0.13962 1.0673 0.029203
0.14065 1.0495 0.028612
0.14169 1.0364 0.028312
0.14273 1.0146 0.027921
0.14378 0.97678 0.027102
0.14484 0.9852 0.027093
0.14591 0.94448 0.026351
0.14699 1.0153 0.027167
0.14807 0.98407 0.026491
0.14916 0.95005 0.025859
0.15026 0.90917 0.025109
0.15137 0.89661 0.024877
0.15248 0.90578 0.024697
0.15361 0.87541 0.024229
0.15474 0.90974 0.024424
0.15588 0.88979 0.024066
0.15703 0.85831 0.023442
0.15818 0.85494 0.023248
0.15935 0.82666 0.022755
0.16052 0.76599 0.021746
0.16171 0.79437 0.022009
0.1629 0.80482 0.022001
0.1641 0.78449 0.021569
0.16531 0.80729 0.021736
0.16653 0.73222 0.020581
0.16775 0.72664 0.020387
0.16899 0.75135 0.020537
0.17023 0.73518 0.020243
0.17149 0.71688 0.019838
0.17275 0.73885 0.019904
0.17403 0.69938 0.019351
0.17531 0.67101 0.018894
0.1766 0.6649 0.018565
0.1779 0.62739 0.018059
0.17921 0.64473 0.018067
0.18053 0.6333 0.017883
0.18186 0.59848 0.017259
0.1832 0.60441 0.017239
0.18455 0.6144 0.017244
0.18591 0.59439 0.016862
0.18728 0.52449 0.015829
0.18866 0.58158 0.01652
0.19005 0.52547 0.015562
0.19145 0.52754 0.015624
0.19286 0.51467 0.015261
0.19429 0.54402 0.015531
0.19572 0.48531 0.014742
