#
0.0050184 7.2553 1.3134
0.0050554 11.742 1.8648
0.0050926 244.08 8.4844
0.0051301 10.332 1.5647
0.0051679 10.757 1.4578
0.005206 94.311 7.4593
0.0052444 155.63 13.551
0.005283 NaN NaN
0.005322 10.182 2.0046
0.0053612 6.4226 1.383
0.0054007 18.431 1.9058
0.0054405 15.638 1.3602
0.0054806 8.005 1.2587
0.005521 717.03 11.873
0.0055616 6.071 1.2028
0.0056026 261.08 7.8482
0.0056439 11.553 1.5099
0.0056855 11.741 2.1533
0.0057274 209.28 11.111
0.0057696 4.0831 1.1033
0.0058121 5.2493 1.251
0.0058549 8.4714 1.0565
0.0058981 17.638 2.6373
0.0059416 19.115 2.3772
0.0059853 15.108 1.5984
0.0060294 5.8421 1.8649
0.0060739 275.21 4.9973
0.0061186 7.0266 1.4445
0.0061637 130.72 4.3908
0.0062091 6.8898 0.95405
0.0062549 65.045 3.9188
0.006301 4.6606 1.668
0.0063474 7.6148 1.0631
0.0063942 10.576 1.7691
0.0064413 32.965 4.413
0.0064888 16.461 3.1205
0.0065366 6.7539 0.78571
0.0065847 96.46 3.08
0.0066333 154.55 4.0715
0.0066821 104.58 4.1987
0.0067314 7.261 1.3134
0.006781 38.641 3.0208
0.006831 6.1369 1.3512
0.0068813 6.721 0.99992
0.006932 12.413 1.4494
0.0069831 4.6796 1.3619
0.0070345 7.1955 1.1049
0.0070864 5.2541 0.62549
0.0071386 79.835 2.9265
0.0071912 400.57 12.55
0.0072442 71.306 3.2434
0.0072976 4.0122 0.72965
0.0073513 16.165 1.2625
0.0074055 6.5716 0.98899
0.0074601 15.277 1.9018
0.0075151 3.4812 1.4445
0.0075704 4.1509 0.74133
0.0076262 8.1161 0.82972
0.0076824 61.277 2.5643
0.007739 105.18 3.7135
0.0077961 27.286 1.3771
0.0078535 21.839 1.9211
0.0079114 5.56 0.90882
0.0079697 11.745 2.1533
0.0080284 2.3067 0.74596
0.0080876 5.0354 0.67893
0.0081471 5.9156 0.64339
0.0082072 4.7712 0.71927
0.0082677 93.378 2.8055
0.0083286 30.077 1.7973
0.00839 15.081 1.7249
0.0084518 2.5711 0.58608
0.0085141 3.9401 0.60181
0.0085768 2.895 0.49841
0.00864 3.26 0.88262
0.0087037 5.0902 0.74286
0.0087678 24.855 1.3145
0.0088324 49.231 1.7968
0.0088975 3.3779 0.63515
0.0089631 7.1976 0.78126
0.0090291 3.8407 0.67754
0.0090956 2.2038 0.49136
0.0091627 2.312 1.1795
0.0092302 3.6676 0.48084
0.0092982 17.839 0.93759
0.0093667 47.496 1.8721
0.0094357 1.7121 0.72229
0.0095053 5.8377 0.60504
0.0095753 4.1419 0.74133
0.0096459 2.1529 0.41608
0.0097169 2.8969 0.53835
0.0097885 3.1471 0.42403
0.0098607 47.198 1.8663
0.0099333 22.754 1.7286
0.010007 4.2907 0.45252
0.01008 4.5142 0.58044
0.010155 3.131 0.61287
0.010229 1.8144 0.42844
0.010305 2.8183 0.46036
0.010381 3.0008 0.46022
0.010457 28.243 1.1332
0.010534 3.6971 0.44855
0.010612 3.0394 0.67562
0.01069 3.1879 0.48898
0.010769 2.6176 0.4585
0.010848 2.4201 0.37256
0.010928 3.6542 0.45628
0.011009 24.861 1.0841
0.01109 3.938 0.60182
0.011171 1.7458 0.31772
0.011254 2.4358 0.40393
0.011337 2.3962 0.45369
0.01142 1.9374 0.32611
0.011504 16.742 0.82652
0.011589 6.8697 0.59582
0.011675 2.1192 0.36726
0.011761 1.645 0.33413
0.011847 2.6257 0.53612
0.011935 1.5447 0.25968
0.012023 6.9082 0.50671
0.012111 15.399 0.95454
0.0122 2.3605 0.3683
0.01229 2.8998 0.3976
0.012381 2.0625 0.32227
0.012472 1.7675 0.31262
0.012564 6.5671 0.54813
0.012657 10.168 0.66822
0.01275 2.3083 0.30975
0.012844 1.7839 0.34674
0.012938 1.8946 0.29748
0.013034 2.3067 0.34781
0.01313 6.0879 0.40564
0.013227 4.0985 0.42578
0.013324 1.8884 0.36713
0.013422 1.4606 0.25275
0.013521 1.7745 0.32836
0.013621 1.8921 0.23956
0.013721 8.4728 0.56943
0.013822 1.8798 0.3021
0.013924 1.6861 0.23852
0.014027 1.1991 0.30396
0.01413 1.7508 0.24298
0.014234 5.1647 0.4023
0.014339 2.9734 0.31071
0.014445 1.8695 0.28977
0.014551 1.9592 0.37363
0.014658 1.7781 0.20985
0.014766 5.2583 0.417
0.014875 2.6464 0.3206
0.014985 1.125 0.21185
0.015095 1.4539 0.22222
0.015206 1.4763 0.23012
0.015319 5.4166 0.39653
0.015431 2.4591 0.25681
0.015545 1.4751 0.23012
0.01566 1.7764 0.28311
0.015775 0.95572 0.1702
0.015891 4.4101 0.32129
0.016008 2.2718 0.29256
0.016126 1.1257 0.19135
0.016245 1.4046 0.22483
0.016365 1.7036 0.19781
0.016486 5.2383 0.39022
0.016607 1.7489 0.20426
0.016729 1.442 0.24237
0.016853 1.3023 0.18668
0.016977 3.3721 0.28135
0.017102 1.7705 0.21606
0.017228 1.2344 0.21446
0.017355 1.5934 0.18303
0.017483 3.3133 0.28761
0.017612 1.7859 0.2193
0.017741 1.6579 0.20283
0.017872 1.5549 0.20077
0.018004 1.6015 0.19996
0.018136 3.0057 0.23745
0.01827 1.4195 0.19881
0.018405 1.8075 0.24043
0.01854 1.5394 0.15939
0.018677 3.5143 0.29589
0.018815 1.6015 0.1938
0.018953 1.299 0.17199
0.019093 1.6582 0.18336
0.019234 3.0981 0.241
0.019375 1.6967 0.19904
0.019518 1.4052 0.18357
0.019662 2.2591 0.19068
0.019807 1.9044 0.19791
0.019953 1.8882 0.21197
0.0201 1.5774 0.16818
0.020248 2.7373 0.21532
0.020397 2.0361 0.19953
0.020547 1.6035 0.18509
0.020699 1.612 0.16996
0.020851 2.606 0.1992
0.021005 1.4476 0.17314
0.02116 1.8545 0.18193
0.021316 2.0496 0.17381
0.021473 1.9387 0.19153
0.021631 1.5277 0.16192
0.02179 1.7413 0.17023
0.021951 2.3647 0.18304
0.022113 1.8187 0.18026
0.022276 2.0555 0.18839
0.02244 2.3275 0.17024
0.022605 2.1356 0.20402
0.022772 1.631 0.15559
0.02294 2.5519 0.18267
0.023109 2.1346 0.17636
0.023279 2.0908 0.19712
0.02345 2.1378 0.16314
0.023623 2.3295 0.17296
0.023797 2.0714 0.18914
0.023973 2.0646 0.15576
0.024149 2.7964 0.19433
0.024327 2.3315 0.17582
0.024507 2.071 0.16599
0.024687 2.7925 0.17706
0.024869 2.3341 0.18199
0.025052 2.2298 0.1586
0.025237 2.67 0.18783
0.025423 2.3313 0.17113
0.02561 2.5807 0.16818
0.025799 2.7531 0.17509
0.025989 2.5383 0.18856
0.026181 2.8912 0.17082
0.026373 2.944 0.1801
0.026568 2.5941 0.17167
0.026764 2.7823 0.169
0.026961 2.8964 0.17782
0.027159 2.7503 0.17665
0.02736 3.0975 0.16845
0.027561 2.9059 0.18503
0.027764 3.005 0.16346
0.027969 3.5675 0.19271
0.028175 3.2662 0.17771
0.028383 3.6305 0.18953
0.028592 4.0361 0.19569
0.028802 3.8493 0.18894
0.029015 4.0025 0.18423
0.029228 3.7077 0.19069
0.029444 3.4938 0.17105
0.029661 3.6292 0.17613
0.029879 3.744 0.18705
0.0301 4.0056 0.17747
0.030321 3.9979 0.19791
0.030545 3.9659 0.17107
0.03077 4.516 0.19349
0.030997 4.2625 0.19208
0.031225 4.4722 0.17717
0.031455 4.3419 0.19314
0.031687 4.9097 0.18611
0.03192 4.7678 0.19469
0.032156 4.7999 0.18911
0.032393 5.1807 0.19053
0.032631 5.1753 0.19752
0.032872 5.4718 0.19353
0.033114 5.1065 0.19035
0.033358 5.2728 0.19279
0.033604 4.9151 0.18095
0.033851 5.876 0.19339
0.034101 5.4067 0.20317
0.034352 5.6506 0.18029
0.034605 6.4187 0.21004
0.03486 5.9627 0.19223
0.035117 6.3397 0.19612
0.035376 5.735 0.1876
0.035637 6.3767 0.2003
0.035899 6.2859 0.19052
0.036164 6.5705 0.19381
0.03643 6.3278 0.19905
0.036699 6.5 0.18371
0.036969 6.16 0.18861
0.037241 6.139 0.18517
0.037516 5.8957 0.18279
0.037792 5.9911 0.17571
0.038071 6.084 0.17858
0.038351 6.7711 0.19351
0.038634 5.8694 0.16817
0.038919 5.8258 0.17287
0.039205 5.9268 0.17146
0.039494 6.0851 0.17858
0.039785 5.279 0.15292
0.040079 6.1072 0.1733
0.040374 5.7597 0.16177
0.040671 5.7815 0.16969
0.040971 5.7064 0.1589
0.041273 5.3333 0.15484
0.041577 5.4959 0.15483
0.041883 5.1205 0.15119
0.042192 5.5723 0.15855
0.042503 4.7456 0.13852
0.042816 5.3129 0.1493
0.043132 5.0806 0.14256
0.04345 4.9973 0.14484
0.04377 5.0193 0.14312
0.044092 4.6482 0.13554
0.044417 4.6498 0.13509
0.044744 4.695 0.13107
0.045074 4.5109 0.13136
0.045406 4.6429 0.13199
0.045741 4.4024 0.12757
0.046078 4.6977 0.13132
0.046417 4.2811 0.12355
0.04676 3.9641 0.12035
0.047104 4.1783 0.11925
0.047451 3.9611 0.11451
0.047801 3.8677 0.11415
0.048153 4.0742 0.11678
0.048508 3.631 0.10735
0.048865 3.4897 0.10642
0.049225 3.7785 0.11038
0.049588 3.4165 0.1027
0.049954 3.4216 0.10292
0.050322 3.2741 0.10215
0.050693 3.1972 0.096467
0.051066 3.0661 0.095783
0.051442 3.1052 0.0952
0.051821 2.7198 0.088443
0.052203 2.8494 0.090279
0.052588 3.1901 0.093988
0.052975 2.8594 0.089286
0.053366 2.7107 0.0858
0.053759 2.7646 0.086141
0.054155 2.6121 0.083298
0.054554 2.5224 0.079478
0.054956 2.4299 0.079118
0.055361 2.5443 0.079819
0.055769 2.4224 0.078734
0.05618 2.3731 0.076125
0.056594 2.2571 0.07383
0.057011 2.334 0.07439
0.057431 2.1956 0.072774
0.057854 2.2518 0.07205
0.058281 2.099 0.070017
0.05871 2.2315 0.070537
0.059143 2.1741 0.069564
0.059579 2.1992 0.069572
0.060018 1.9889 0.065223
0.06046 1.9043 0.06371
0.060905 1.9964 0.0646
0.061354 2.0732 0.065944
0.061806 2.0791 0.065096
0.062262 1.9212 0.062268
0.062721 1.8738 0.06057
0.063183 1.9701 0.062673
0.063648 1.9884 0.061874
0.064117 1.9738 0.06042
0.06459 1.9528 0.060276
0.065066 1.9014 0.059104
0.065545 2.0302 0.061087
0.066028 2.066 0.061311
0.066515 2.0155 0.058805
0.067005 1.9357 0.05819
0.067499 1.946 0.058598
0.067996 2.0582 0.058649
0.068497 1.902 0.055609
0.069002 1.9254 0.05685
0.06951 1.9358 0.055599
0.070023 1.9258 0.055033
0.070539 1.9498 0.055795
0.071058 1.9204 0.054035
0.071582 1.933 0.053838
0.072109 1.9418 0.054367
0.072641 1.8003 0.051538
0.073176 2.032 0.054436
0.073715 1.9802 0.05334
0.074258 1.6978 0.048662
0.074806 1.8292 0.050848
0.075357 1.8385 0.050354
0.075912 1.7993 0.049501
0.076472 1.8069 0.048587
0.077035 1.8144 0.049231
0.077603 1.7589 0.047865
0.078175 1.7007 0.04655
0.078751 1.677 0.046065
0.079331 1.58 0.044457
0.079916 1.7275 0.046155
0.080504 1.7303 0.046108
0.081098 1.6241 0.043362
0.081695 1.5825 0.043909
0.082297 1.5468 0.041695
0.082904 1.6034 0.043048
0.083515 1.5597 0.041366
0.08413 1.5015 0.040994
0.08475 1.5648 0.041676
0.085374 1.5283 0.04051
0.086004 1.5206 0.04066
0.086637 1.5423 0.039722
0.087276 1.455 0.038348
0.087919 1.4712 0.038988
0.088567 1.4597 0.03834
0.089219 1.4807 0.038394
0.089877 1.4221 0.037113
0.090539 1.3803 0.036302
0.091206 1.3271 0.03533
0.091878 1.3271 0.035427
0.092555 1.3109 0.03494
0.093237 1.3203 0.03435
0.093924 1.3096 0.034029
0.094616 1.3298 0.034512
0.095314 1.2251 0.032544
0.096016 1.2469 0.032625
0.096724 1.2441 0.032747
0.097436 1.2544 0.032555
0.098154 1.2492 0.031601
0.098878 1.2564 0.031966
0.099606 1.1583 0.030656
0.10034 1.2372 0.030852
0.10108 1.1469 0.029974
0.10182 1.1932 0.030207
0.10257 1.2365 0.030306
0.10333 1.1754 0.029783
0.10409 1.1285 0.028477
0.10486 1.1008 0.028354
0.10563 1.0872 0.027781
0.10641 1.1267 0.028128
0.10719 1.0887 0.02766
0.10798 1.1692 0.027907
0.10878 1.095 0.027441
0.10958 1.0882 0.026601
0.11039 1.0737 0.026717
0.1112 1.0748 0.026072
0.11202 1.0614 0.026295
0.11285 1.0321 0.025164
0.11368 0.95845 0.024522
0.11452 1.0425 0.024855
0.11536 0.97724 0.024413
0.11621 0.99786 0.024251
0.11707 0.94098 0.023447
0.11793 0.99512 0.02394
0.1188 0.96787 0.023297
0.11967 0.94246 0.02316
0.12056 0.94022 0.022617
0.12144 0.94682 0.022586
0.12234 0.9188 0.022423
0.12324 0.9036 0.021666
0.12415 0.90167 0.021641
0.12506 0.88925 0.021624
0.12598 0.81343 0.02015
0.12691 0.87106 0.020861
0.12785 0.85679 0.020558
0.12879 0.81447 0.019997
0.12974 0.83434 0.019911
0.1307 0.8188 0.019628
0.13166 0.80638 0.019441
0.13263 0.78277 0.019019
0.13361 0.80344 0.019014
0.13459 0.75956 0.018431
0.13558 0.79774 0.018642
0.13658 0.79223 0.018685
0.13759 0.76167 0.017999
0.1386 0.74813 0.017768
0.13962 0.74664 0.01766
0.14065 0.72628 0.017215
0.14169 0.74127 0.017294
0.14273 0.69947 0.016763
0.14378 0.71007 0.016672
0.14484 0.70414 0.016536
0.14591 0.70148 0.016366
0.14699 0.6979 0.016288
0.14807 0.68 0.015917
0.14916 0.6525 0.015488
0.15026 0.66398 0.015469
0.15137 0.64515 0.015217
0.15248 0.62119 0.014777
0.15361 0.60273 0.014519
0.15474 0.61669 0.014534
0.15588 0.6056 0.014346
0.15703 0.61175 0.01427
0.15818 0.61583 0.01422
0.15935 0.56933 0.013628
0.16052 0.57399 0.013526
0.16171 0.57242 0.013451
0.1629 0.57178 0.013363
0.1641 0.5745 0.013278
0.16531 0.55528 0.013007
0.16653 0.55569 0.012868
0.16775 0.51143 0.012312
0.16899 0.53897 0.012516
0.17023 0.51041 0.012152
0.17149 0.4983 0.011912
0.17275 0.50145 0.011827
0.17403 0.49957 0.01176
0.17531 0.481 0.011494
0.1766 0.48197 0.01135
0.1779 0.46116 0.0111
0.17921 0.45417 0.010899
0.18053 0.43715 0.010687
0.18186 0.42357 0.010422
0.1832 0.42986 0.010434
0.18455 0.39573 0.0099883
0.18591 0.40435 0.010002
0.18728 0.3886 0.0097333
0.18866 0.40026 0.0098486
0.19005 0.36715 0.0093245
0.19145 0.36949 0.0093725
0.19286 0.36635 0.0092148
0.19429 0.34859 0.0089636
0.19572 0.33378 0.0087585
