#
0.0050184 17.293 2.4827
0.0050554 60.658 5.189
0.0050926 811.21 18.965
0.0051301 18.373 2.5575
0.0051679 119.03 5.9332
0.005206 1540.1 36.953
0.0052444 21.194 6.143
0.005283 NaN NaN
0.005322 15.309 3.0141
0.0053612 10.987 2.2167
0.0054007 337.45 9.9877
0.0054405 17.838 1.7822
0.0054806 42.182 3.5343
0.005521 403.35 10.919
0.0055616 13.029 2.1574
0.0056026 562.78 14.129
0.0056439 131.75 6.2417
0.0056855 11.742 2.6435
0.0057274 1390.2 35.11
0.0057696 7.9125 1.8809
0.0058121 21.192 3.0715
0.0058549 13.525 1.6367
0.0058981 633.58 19.354
0.0059416 53.123 4.8564
0.0059853 16.636 2.0581
0.0060294 15.877 3.7618
0.0060739 112.6 3.9204
0.0061186 195.43 9.3099
0.0061637 228.03 7.1106
0.0062091 14.3 1.6835
0.0062549 422.67 12.245
0.006301 5.2341 2.1719
0.0063474 14.331 1.7871
0.0063942 69.544 5.5549
0.0064413 738.5 25.59
0.0064888 13.223 3.434
0.0065366 10.564 1.2047
0.0065847 21.934 1.8039
0.0066333 112.11 4.253
0.0066821 149.39 6.1534
0.0067314 11.981 2.068
0.006781 279.41 9.9559
0.006831 9.6705 2.0794
0.0068813 35.597 2.8126
0.006932 171.42 6.5915
0.0069831 7.036 2.0477
0.0070345 10.059 1.6022
0.0070864 9.2298 1.0158
0.0071386 64.74 3.2323
0.0071912 82.104 6.969
0.0072442 83.937 4.3154
0.0072976 7.4117 1.2146
0.0073513 105.29 3.9459
0.0074055 9.8806 1.487
0.0074601 214.49 8.7236
0.0075151 -0.085828 NaN
0.0075704 7.0292 1.1822
0.0076262 52.863 2.5897
0.0076824 8.7863 1.1956
0.007739 22.981 2.1313
0.0077961 28.508 1.7267
0.0078535 151.4 6.195
0.0079114 8.5813 1.3843
0.0079697 288.39 13.058
0.0080284 6.3055 1.5047
0.0080876 11.254 1.2428
0.0081471 42.9 2.1173
0.0082072 9.1082 1.2171
0.0082677 12.085 1.2411
0.0083286 43.449 2.649
0.00839 94.494 5.287
0.0084518 6.4272 1.1319
0.0085141 61.852 2.9065
0.0085768 7.8994 1.0054
0.00864 6.6749 1.546
0.0087037 54.082 2.9551
0.0087678 7.2244 0.87276
0.0088324 29.097 1.695
0.0088975 4.3695 0.88668
0.0089631 25.008 1.7824
0.0090291 58.442 3.2214
0.0090956 12.986 1.4509
0.0091627 259.72 15.177
0.0092302 5.5145 0.72297
0.0092982 7.6845 0.75714
0.0093667 24.198 1.6402
0.0094357 3.9041 1.33
0.0095053 17.924 1.2966
0.0095753 62.974 3.5247
0.0096459 3.9464 0.68937
0.0097169 36.571 2.3272
0.0097885 4.9007 0.64864
0.0098607 21.089 1.5317
0.0099333 11.355 1.5006
0.010007 9.9979 0.84527
0.01008 26.072 1.7027
0.010155 5.949 1.034
0.010229 34.057 2.246
0.010305 6.5649 0.85853
0.010381 18.907 1.4073
0.010457 5.6337 0.62513
0.010534 7.3321 0.77316
0.010612 51.341 3.3763
0.01069 3.1306 0.59688
0.010769 23.442 1.6677
0.010848 4.2299 0.60307
0.010928 15.036 1.1298
0.011009 5.6013 0.63446
0.01109 17.516 1.5493
0.011171 8.1982 0.83597
0.011254 7.1104 0.84176
0.011337 20.069 1.5972
0.01142 15.407 1.1169
0.011504 4.2598 0.51527
0.011589 10.56 0.90575
0.011675 2.6263 0.50264
0.011761 10.453 1.0191
0.011847 18.296 1.7213
0.011935 10.303 0.81107
0.012023 4.568 0.50792
0.012111 10.385 0.96318
0.0122 3.5491 0.55376
0.01229 8.2291 0.81807
0.012381 7.6083 0.75353
0.012472 12.33 1.0003
0.012564 3.3945 0.4871
0.012657 7.5375 0.7074
0.01275 4.6936 0.54007
0.012844 7.5096 0.86451
0.012938 6.6681 0.67865
0.013034 9.5593 0.86203
0.01313 6.7756 0.5255
0.013227 4.0606 0.52133
0.013324 8.055 0.92129
0.013422 4.7295 0.55214
0.013521 9.8501 0.93837
0.013621 3.0666 0.37358
0.013721 7.4192 0.65475
0.013822 6.1602 0.66543
0.013924 3.8159 0.43784
0.014027 4.3521 0.701
0.01413 4.5536 0.4776
0.014234 4.872 0.48048
0.014339 4.8062 0.48406
0.014445 3.6647 0.49589
0.014551 6.2838 0.81474
0.014658 3.7591 0.37262
0.014766 5.6895 0.53283
0.014875 5.2948 0.55463
0.014985 2.7212 0.40045
0.015095 6.1761 0.55514
0.015206 2.8456 0.39033
0.015319 3.4296 0.38929
0.015431 4.2886 0.4152
0.015545 4.6693 0.49756
0.01566 2.9993 0.4503
0.015775 3.8159 0.41034
0.015891 3.1537 0.33534
0.016008 3.4158 0.43988
0.016126 3.5125 0.40952
0.016245 3.3114 0.42052
0.016365 3.0633 0.32442
0.016486 4.2429 0.43254
0.016607 3.0816 0.33171
0.016729 3.9415 0.48746
0.016853 2.1894 0.29614
0.016977 3.6097 0.35801
0.017102 3.2017 0.35544
0.017228 2.9307 0.40216
0.017355 3.4658 0.32932
0.017483 3.7255 0.37496
0.017612 2.5669 0.32258
0.017741 2.1308 0.28268
0.017872 3.3943 0.36192
0.018004 3.2404 0.34715
0.018136 2.8845 0.28663
0.01827 2.215 0.3043
0.018405 4.1176 0.44274
0.01854 3.297 0.28457
0.018677 3.6214 0.36946
0.018815 2.9877 0.32355
0.018953 2.7084 0.30279
0.019093 2.9661 0.29997
0.019234 3.1064 0.29716
0.019375 2.8921 0.31811
0.019518 3.0517 0.32989
0.019662 3.0419 0.27167
0.019807 3.1338 0.31093
0.019953 2.839 0.31871
0.0201 2.2935 0.24879
0.020248 2.9168 0.27362
0.020397 2.8611 0.2903
0.020547 2.4732 0.28174
0.020699 2.9974 0.2833
0.020851 2.4816 0.23969
0.021005 3.469 0.32652
0.02116 2.5536 0.26211
0.021316 3.5358 0.27949
0.021473 3.2198 0.30228
0.021631 2.5717 0.25717
0.02179 3.0311 0.27486
0.021951 2.9505 0.25124
0.022113 2.6563 0.26725
0.022276 2.4825 0.25462
0.02244 3.1704 0.24393
0.022605 2.7533 0.28461
0.022772 2.5172 0.23692
0.02294 3.2393 0.25281
0.023109 3.0599 0.25906
0.023279 2.707 0.27556
0.02345 3.2326 0.24597
0.023623 2.7101 0.22953
0.023797 2.7598 0.26813
0.023973 3.1732 0.23671
0.024149 4.0053 0.2853
0.024327 3.0378 0.24652
0.024507 3.0359 0.24652
0.024687 3.8671 0.2557
0.024869 3.1547 0.25976
0.025052 3.0212 0.22665
0.025237 3.6832 0.27075
0.025423 3.025 0.23945
0.02561 2.8645 0.2181
0.025799 3.8603 0.25439
0.025989 3.3009 0.26409
0.026181 3.5721 0.23327
0.026373 4.1987 0.26386
0.026568 3.4152 0.24188
0.026764 3.8347 0.24347
0.026961 3.5972 0.24345
0.027159 3.7671 0.25374
0.02736 3.818 0.22975
0.027561 3.9519 0.26483
0.027764 3.2176 0.20813
0.027969 4.1302 0.25481
0.028175 3.8096 0.23588
0.028383 4.7551 0.26626
0.028592 4.2668 0.24742
0.028802 4.1242 0.24049
0.029015 4.647 0.2439
0.029228 5.0368 0.27273
0.029444 4.6206 0.24144
0.029661 4.4179 0.23868
0.029879 3.8281 0.23267
0.0301 5.7659 0.26116
0.030321 5.0952 0.27428
0.030545 5.0105 0.23607
0.03077 5.8787 0.27095
0.030997 4.7383 0.24887
0.031225 6.1921 0.25575
0.031455 5.0738 0.25645
0.031687 5.9443 0.25142
0.03192 5.7026 0.26146
0.032156 6.0863 0.26137
0.032393 6.6211 0.26433
0.032631 5.1996 0.24335
0.032872 7.0652 0.26986
0.033114 5.7567 0.24825
0.033358 7.5396 0.28276
0.033604 6.5974 0.25723
0.033851 7.2984 0.26454
0.034101 7.1287 0.28626
0.034352 7.168 0.2492
0.034605 7.8055 0.28429
0.03486 7.2656 0.26045
0.035117 8.2924 0.2752
0.035376 7.8275 0.26887
0.035637 9.1842 0.29481
0.035899 7.9272 0.26255
0.036164 9.7853 0.29003
0.03643 8.9168 0.28982
0.036699 11.322 0.29714
0.036969 10.76 0.30548
0.037241 14.709 0.3509
0.037516 13.594 0.33982
0.037792 19.096 0.38373
0.038071 17.343 0.36895
0.038351 21.746 0.42433
0.038634 18.626 0.36648
0.038919 22.122 0.41196
0.039205 18.067 0.36623
0.039494 19.752 0.39361
0.039785 15.796 0.32354
0.040079 16.555 0.34918
0.040374 14.671 0.31599
0.040671 13.234 0.31432
0.040971 13.538 0.29961
0.041273 10.642 0.26788
0.041577 11.915 0.27913
0.041883 9.7449 0.25547
0.042192 10.683 0.2689
0.042503 9.0351 0.23409
0.042816 10.218 0.2536
0.043132 10.156 0.24684
0.04345 9.1812 0.2405
0.04377 10.298 0.25103
0.044092 9.1676 0.23308
0.044417 9.9842 0.24232
0.044744 9.9481 0.23357
0.045074 9.3462 0.23148
0.045406 9.1672 0.22711
0.045741 8.2116 0.21338
0.046078 8.2694 0.21347
0.046417 7.6335 0.2021
0.04676 6.6436 0.19093
0.047104 7.1665 0.19136
0.047451 6.2603 0.17647
0.047801 5.9852 0.17409
0.048153 6.1356 0.17573
0.048508 5.5817 0.16318
0.048865 5.5161 0.164
0.049225 5.4565 0.16269
0.049588 4.4192 0.1434
0.049954 4.4388 0.14392
0.050322 4.7906 0.15155
0.050693 4.3853 0.13864
0.051066 4.4155 0.14099
0.051442 4.2459 0.13661
0.051821 4.1105 0.13332
0.052203 3.7985 0.12796
0.052588 3.9813 0.12896
0.052975 3.8053 0.12645
0.053366 3.4431 0.11878
0.053759 3.6024 0.12075
0.054155 3.5633 0.11941
0.054554 3.0697 0.10777
0.054956 3.0016 0.10807
0.055361 3.1802 0.10965
0.055769 3.3145 0.11305
0.05618 3.0473 0.10598
0.056594 3.0921 0.10608
0.057011 3.0458 0.10438
0.057431 2.9968 0.10438
0.057854 2.9524 0.10133
0.058281 2.9573 0.10199
0.05871 2.7989 0.097092
0.059143 2.7821 0.096693
0.059579 2.8898 0.097955
0.060018 2.7678 0.094444
0.06046 2.832 0.095282
0.060905 2.9006 0.095522
0.061354 2.905 0.095804
0.061806 2.7228 0.091517
0.062262 2.5876 0.08875
0.062721 2.7401 0.089848
0.063183 2.7987 0.091668
0.063648 2.6596 0.087887
0.064117 2.9217 0.090156
0.06459 2.8053 0.08864
0.065066 2.7755 0.087597
0.065545 2.891 0.089448
0.066028 2.7596 0.087021
0.066515 2.8947 0.086467
0.067005 3.0077 0.088904
0.067499 2.9286 0.088143
0.067996 2.9942 0.086775
0.068497 3.0999 0.086959
0.069002 3.2242 0.090085
0.06951 3.1583 0.086991
0.070023 3.2269 0.08723
0.070539 3.2869 0.088703
0.071058 3.4885 0.089099
0.071582 3.5761 0.089571
0.072109 3.5169 0.089518
0.072641 3.4117 0.086742
0.073176 3.6002 0.088679
0.073715 3.7771 0.090084
0.074258 3.6839 0.087492
0.074806 3.8244 0.089796
0.075357 3.853 0.089034
0.075912 3.7495 0.087272
0.076472 3.75 0.085499
0.077035 3.782 0.086812
0.077603 3.5383 0.082939
0.078175 3.5882 0.082549
0.078751 3.6133 0.082528
0.079331 3.4602 0.080261
0.079916 3.4197 0.079345
0.080504 3.3892 0.078861
0.081098 3.238 0.074789
0.081695 3.1664 0.075853
0.082297 3.1132 0.072227
0.082904 2.9832 0.071784
0.083515 2.9418 0.06943
0.08413 2.7585 0.067925
0.08475 2.737 0.067431
0.085374 2.7956 0.066985
0.086004 2.6975 0.066239
0.086637 2.6521 0.063738
0.087276 2.5824 0.062482
0.087919 2.572 0.063058
0.088567 2.5222 0.061657
0.089219 2.4605 0.060592
0.089877 2.467 0.059797
0.090539 2.399 0.05854
0.091206 2.4053 0.058138
0.091878 2.3775 0.05797
0.092555 2.2389 0.055862
0.093237 2.1946 0.054207
0.093924 2.1902 0.053857
0.094616 2.0616 0.052662
0.095314 2.1102 0.052237
0.096016 2.142 0.0523
0.096724 2.1032 0.052092
0.097436 2.0349 0.050769
0.098154 2.0501 0.049558
0.098878 2.0452 0.049935
0.099606 1.9994 0.04925
0.10034 1.9756 0.047751
0.10108 1.9611 0.047935
0.10182 1.9857 0.047686
0.10257 1.9631 0.046773
0.10333 1.9879 0.047379
0.10409 1.9797 0.046101
0.10486 1.8742 0.045246
0.10563 1.8965 0.04485
0.10641 1.9374 0.045103
0.10719 1.9235 0.044931
0.10798 1.8347 0.042828
0.10878 1.9614 0.044869
0.10958 1.8238 0.042128
0.11039 1.8996 0.043425
0.1112 1.8409 0.041722
0.11202 1.9135 0.043126
0.11285 1.8699 0.041366
0.11368 1.811 0.04112
0.11452 1.8095 0.040027
0.11536 1.8561 0.04104
0.11621 1.8163 0.039947
0.11707 1.8097 0.039647
0.11793 1.7672 0.038971
0.1188 1.6833 0.037542
0.11967 1.6321 0.037244
0.12056 1.637 0.036462
0.12144 1.6011 0.035911
0.12234 1.6417 0.036598
0.12324 1.5736 0.03493
0.12415 1.6061 0.035266
0.12506 1.4992 0.034326
0.12598 1.4792 0.033146
0.12691 1.4863 0.033304
0.12785 1.4854 0.033065
0.12879 1.4861 0.032946
0.12974 1.4309 0.031859
0.1307 1.4088 0.031452
0.13166 1.4495 0.031803
0.13263 1.3667 0.030683
0.13361 1.3626 0.030259
0.13459 1.3222 0.02969
0.13558 1.3842 0.029989
0.13658 1.366 0.029968
0.13759 1.3713 0.029462
0.1386 1.3297 0.028904
0.13962 1.3436 0.028896
0.14065 1.3294 0.028392
0.14169 1.2909 0.02786
0.14273 1.2629 0.027462
0.14378 1.2769 0.027264
0.14484 1.2459 0.026832
0.14591 1.1842 0.025976
0.14699 1.1878 0.025951
0.14807 1.1892 0.025683
0.14916 1.164 0.02522
0.15026 1.1957 0.025304
0.15137 1.1261 0.024526
0.15248 1.1212 0.02419
0.15361 1.114 0.024029
0.15474 1.1474 0.02413
0.15588 1.0436 0.022979
0.15703 1.0687 0.023004
0.15818 1.0322 0.022487
0.15935 1.0551 0.022573
0.16052 1.0146 0.021917
0.16171 1.0251 0.021926
0.1629 0.99215 0.021467
0.1641 0.96678 0.021029
0.16531 0.97592 0.021016
0.16653 0.9316 0.020342
0.16775 0.92616 0.020159
0.16899 0.91415 0.019889
0.17023 0.89321 0.019585
0.17149 0.87395 0.019215
0.17275 0.89876 0.019272
0.17403 0.84821 0.01869
0.17531 0.84046 0.018505
0.1766 0.78682 0.017714
0.1779 0.79 0.017706
0.17921 0.81981 0.017804
0.18053 0.77796 0.017339
0.18186 0.77667 0.017138
0.1832 0.73927 0.016666
0.18455 0.70915 0.016244
0.18591 0.69809 0.015997
0.18728 0.70263 0.015892
0.18866 0.66165 0.015448
0.19005 0.66398 0.015217
0.19145 0.63566 0.014958
0.19286 0.62358 0.014636
0.19429 0.6048 0.014353
0.19572 0.58469 0.014078
