#
0.0050184 6.2142 1.4847
0.0050554 9.1088 2.0046
0.0050926 4.2926 1.3833
0.0051301 4.1303 1.2123
0.0051679 7.793 1.5153
0.005206 9.5598 2.9016
0.0052444 8.6638 3.9125
0.005283 NaN NaN
0.005322 5.7739 1.8444
0.0053612 4.279 1.3833
0.0054007 4.5963 1.1665
0.0054405 10.251 1.344
0.0054806 7.793 1.5153
0.005521 8.3762 1.5704
0.0055616 6.5569 1.5254
0.0056026 5.5277 1.3998
0.0056439 7.2239 1.4581
0.0056855 10.42 2.4745
0.0057274 5.1523 2.143
0.0057696 2.9954 1.1574
0.0058121 4.2881 1.3833
0.0058549 4.4022 0.93239
0.0058981 8.0866 2.1823
0.0059416 4.2986 1.3833
0.0059853 4.9162 1.1179
0.0060294 6.9171 2.4745
0.0060739 4.7709 0.80757
0.0061186 7.3621 1.8036
0.0061637 4.7459 1.0259
0.0062091 6.7217 1.1502
0.0062549 4.4621 1.2618
0.006301 1.665 1.2373
0.0063474 3.6417 0.90181
0.0063942 3.0045 1.1574
0.0064413 4.2865 1.9563
0.0064888 5.1735 2.143
0.0065366 4.0974 0.7494
0.0065847 6.0408 0.94497
0.0066333 5.9575 0.98056
0.0066821 3.6785 0.96811
0.0067314 5.8728 1.4429
0.006781 2.3843 0.9259
0.006831 3.4177 1.2373
0.0068813 7.3463 1.2753
0.006932 3.4182 0.93529
0.0069831 2.2765 1.1665
0.0070345 4.1758 1.0306
0.0070864 3.6391 0.63767
0.0071386 4.0697 0.81109
0.0071912 4.6074 1.6497
0.0072442 3.4268 0.87488
0.0072976 4.7857 0.97208
0.0073513 3.277 0.6993
0.0074055 3.1877 0.84711
0.0074601 3.4171 1.1067
0.0075151 1.665 1.2373
0.0075704 3.4362 0.82484
0.0076262 4.4167 0.7499
0.0076824 3.8974 0.79535
0.007739 3.817 0.86946
0.0077961 4.2499 0.66704
0.0078535 2.4045 0.79049
0.0079114 3.2179 0.8471
0.0079697 4.5933 1.6497
0.0080284 2.7221 0.98983
0.0080876 2.3557 0.57106
0.0081471 3.8357 0.63449
0.0082072 3.2606 0.72895
0.0082677 2.8011 0.5994
0.0083286 2.3095 0.61609
0.00839 3.4177 1.0102
0.0084518 3.4255 0.82485
0.0085141 2.3459 0.57106
0.0085768 2.1701 0.53027
0.00864 1.3369 0.69994
0.0087037 3.893 0.79535
0.0087678 3.32 0.59128
0.0088324 2.561 0.50512
0.0088975 2.9116 0.72145
0.0089631 2.6791 0.58623
0.0090291 2.1984 0.6309
0.0090956 1.5197 0.50304
0.0091627 3.4299 1.7498
0.0092302 4.2439 0.63136
0.0092982 2.6246 0.44348
0.0093667 3.2077 0.59899
0.0094357 2.1024 0.97818
0.0095053 2.9508 0.52904
0.0095753 2.0619 0.64483
0.0096459 2.2608 0.52169
0.0097169 2.1105 0.56475
0.0097885 2.2526 0.44091
0.0098607 3.3114 0.6089
0.0099333 3.8163 0.86947
0.010007 1.8861 0.37037
0.01008 2.6507 0.54681
0.010155 3.0702 0.74237
0.010229 0.94203 0.38583
0.010305 2.8687 0.56826
0.010381 2.805 0.54465
0.010457 2.3957 0.40938
0.010534 2.1444 0.42087
0.010612 2.3219 0.72544
0.01069 2.2141 0.50117
0.010769 2.4836 0.54716
0.010848 2.2572 0.44091
0.010928 2.8381 0.49295
0.011009 2.1673 0.39594
0.01109 1.9389 0.52131
0.011171 2.09 0.42487
0.011254 2.2526 0.47624
0.011337 1.4302 0.43298
0.01142 2.1584 0.42087
0.011504 2.3327 0.38161
0.011589 1.9754 0.39532
0.011675 2.1309 0.45118
0.011761 1.7599 0.42375
0.011847 2.3046 0.61609
0.011935 1.9792 0.359
0.012023 2.4841 0.37488
0.012111 1.7604 0.40094
0.0122 1.9187 0.40821
0.01229 1.9955 0.40556
0.012381 2.4037 0.42513
0.012472 1.7473 0.38145
0.012564 2.5418 0.42029
0.012657 1.7343 0.34294
0.01275 2.0366 0.35697
0.012844 1.6744 0.41244
0.012938 2.4069 0.40937
0.013034 2.1288 0.4097
0.01313 2.2315 0.30287
0.013227 2.192 0.38341
0.013324 1.8752 0.44867
0.013422 1.1671 0.2795
0.013521 2.2826 0.45462
0.013621 1.8447 0.29018
0.013721 1.4504 0.29331
0.013822 2.0888 0.38971
0.013924 1.0433 0.23312
0.014027 1.9976 0.47671
0.01413 1.5281 0.27923
0.014234 1.2616 0.24799
0.014339 1.6683 0.28768
0.014445 1.5422 0.32405
0.014551 1.6714 0.4244
0.014658 1.8522 0.26242
0.014766 2.1142 0.32606
0.014875 1.8941 0.33394
0.014985 1.7254 0.31931
0.015095 1.7195 0.29567
0.015206 1.3153 0.26743
0.015319 2.2316 0.31362
0.015431 1.4319 0.24285
0.015545 1.5708 0.29114
0.01566 1.0152 0.26723
0.015775 1.7166 0.27659
0.015891 1.6021 0.24018
0.016008 1.7299 0.31413
0.016126 1.8081 0.29486
0.016245 1.9808 0.3255
0.016365 2.0981 0.26822
0.016486 1.7538 0.27987
0.016607 1.9084 0.2613
0.016729 1.4394 0.29742
0.016853 2.0841 0.2872
0.016977 1.709 0.24742
0.017102 1.6756 0.258
0.017228 1.9903 0.33115
0.017355 1.7605 0.23564
0.017483 1.8897 0.26789
0.017612 1.5218 0.24899
0.017741 1.6739 0.24998
0.017872 2.0461 0.28109
0.018004 2.1974 0.28569
0.018136 2.2993 0.25502
0.01827 1.7878 0.27265
0.018405 1.6684 0.28387
0.01854 1.9526 0.21929
0.018677 1.6048 0.24726
0.018815 1.501 0.23071
0.018953 1.4086 0.21979
0.019093 1.9351 0.24226
0.019234 2.1629 0.24759
0.019375 1.4403 0.22574
0.019518 2.0847 0.27234
0.019662 2.0915 0.225
0.019807 2.321 0.26693
0.019953 2.0464 0.27017
0.0201 1.877 0.22434
0.020248 1.6211 0.20473
0.020397 2.4279 0.26626
0.020547 2.1947 0.26409
0.020699 2.3657 0.25082
0.020851 2.2714 0.22805
0.021005 1.7027 0.22974
0.02116 1.9535 0.22872
0.021316 2.7205 0.24424
0.021473 2.1653 0.24759
0.021631 2.5128 0.25254
0.02179 2.1758 0.23241
0.021951 1.8613 0.1996
0.022113 2.0291 0.23303
0.022276 1.8995 0.22219
0.02244 2.0278 0.19513
0.022605 2.3497 0.26174
0.022772 2.185 0.21971
0.02294 2.2072 0.20836
0.023109 2.5765 0.23665
0.023279 2.0249 0.23776
0.02345 2.5401 0.21723
0.023623 2.6926 0.22723
0.023797 2.573 0.25737
0.023973 2.5533 0.21151
0.024149 2.9493 0.24399
0.024327 2.5359 0.22425
0.024507 2.4955 0.2226
0.024687 2.6218 0.21007
0.024869 2.4952 0.23017
0.025052 2.4249 0.20229
0.025237 3.0189 0.24399
0.025423 2.5655 0.21949
0.02561 2.9377 0.21928
0.025799 2.934 0.22097
0.025989 2.9925 0.25003
0.026181 3.2893 0.22252
0.026373 2.8424 0.21658
0.026568 2.5773 0.20947
0.026764 3.3201 0.22534
0.026961 3.0084 0.22157
0.027159 3.4694 0.24206
0.02736 3.8205 0.22826
0.027561 3.2645 0.23957
0.027764 3.2136 0.20658
0.027969 3.8926 0.24583
0.028175 3.3214 0.21908
0.028383 3.8386 0.23807
0.028592 4.0989 0.24095
0.028802 3.6216 0.22413
0.029015 4.0391 0.22613
0.029228 3.7219 0.23349
0.029444 3.9839 0.22297
0.029661 4.0341 0.22672
0.029879 3.7635 0.22917
0.0301 4.3422 0.2256
0.030321 4.382 0.25295
0.030545 4.7062 0.22735
0.03077 4.7432 0.24213
0.030997 4.2187 0.23347
0.031225 5.0392 0.22948
0.031455 4.9055 0.25052
0.031687 5.5649 0.24173
0.03192 4.8217 0.23908
0.032156 4.846 0.23201
0.032393 5.4933 0.23942
0.032631 5.0861 0.23908
0.032872 6.1465 0.25021
0.033114 5.055 0.23128
0.033358 5.7514 0.24569
0.033604 5.8742 0.24125
0.033851 5.9099 0.23674
0.034101 5.8672 0.25824
0.034352 6.3878 0.23382
0.034605 6.7508 0.2628
0.03486 6.8589 0.25143
0.035117 6.8874 0.24935
0.035376 7.3083 0.25814
0.035637 8.3304 0.279
0.035899 7.9321 0.26086
0.036164 8.9567 0.27571
0.03643 9.323 0.29429
0.036699 9.1232 0.26515
0.036969 8.9007 0.27618
0.037241 10.636 0.29667
0.037516 8.5964 0.26886
0.037792 10.6 0.28446
0.038071 8.9024 0.26313
0.038351 10.118 0.28811
0.038634 8.7995 0.25079
0.038919 9.5479 0.26944
0.039205 9.529 0.26471
0.039494 9.7135 0.27473
0.039785 8.7748 0.24
0.040079 8.6552 0.25133
0.040374 8.9521 0.24559
0.040671 8.4745 0.25024
0.040971 8.7063 0.23903
0.041273 8.1036 0.23245
0.041577 8.6341 0.23631
0.041883 7.7669 0.22676
0.042192 8.3131 0.23586
0.042503 7.592 0.21331
0.042816 8.1838 0.22565
0.043132 8.0951 0.2191
0.04345 7.8265 0.22072
0.04377 8.1654 0.22223
0.044092 8.1358 0.21821
0.044417 8.32 0.21989
0.044744 8.9728 0.22042
0.045074 7.9878 0.2127
0.045406 8.6379 0.21903
0.045741 7.6688 0.20489
0.046078 8.0839 0.20966
0.046417 8.0699 0.20633
0.04676 6.9672 0.19415
0.047104 7.2157 0.19071
0.047451 6.6084 0.18003
0.047801 5.9203 0.17198
0.048153 5.8676 0.17074
0.048508 5.2984 0.15797
0.048865 5.0537 0.15601
0.049225 4.8413 0.15235
0.049588 4.6941 0.14672
0.049954 4.6465 0.14619
0.050322 4.4196 0.14467
0.050693 4.2419 0.13547
0.051066 4.3043 0.13829
0.051442 4.3469 0.13726
0.051821 4.0516 0.13147
0.052203 3.5146 0.12235
0.052588 3.8676 0.12628
0.052975 3.4623 0.11991
0.053366 3.6422 0.12126
0.053759 3.5154 0.1185
0.054155 3.3845 0.11565
0.054554 3.3345 0.11144
0.054956 3.1935 0.11063
0.055361 3.2361 0.10983
0.055769 3.3001 0.11204
0.05618 3.1733 0.10735
0.056594 3.0544 0.10472
0.057011 3.1428 0.10526
0.057431 2.9324 0.10257
0.057854 2.9699 0.10093
0.058281 2.8807 0.10001
0.05871 2.7422 0.095472
0.059143 2.7708 0.09584
0.059579 2.7621 0.095167
0.060018 2.6722 0.092206
0.06046 2.6835 0.092183
0.060905 2.7591 0.092587
0.061354 2.6146 0.090399
0.061806 2.6836 0.09025
0.062262 2.7162 0.090239
0.062721 2.6612 0.087974
0.063183 2.5225 0.086561
0.063648 2.602 0.086358
0.064117 2.669 0.085684
0.06459 2.5662 0.084303
0.065066 2.6351 0.084829
0.065545 2.5975 0.084333
0.066028 2.4307 0.081261
0.066515 2.6479 0.082233
0.067005 2.4675 0.080197
0.067499 2.6016 0.082644
0.067996 2.5143 0.079163
0.068497 2.5401 0.07839
0.069002 2.6358 0.081105
0.06951 2.5466 0.077804
0.070023 2.614 0.078192
0.070539 2.4729 0.076704
0.071058 2.5305 0.075674
0.071582 2.573 0.075768
0.072109 2.5156 0.075515
0.072641 2.4049 0.072665
0.073176 2.5758 0.074809
0.073715 2.5514 0.07389
0.074258 2.5668 0.072858
0.074806 2.6342 0.074353
0.075357 2.5822 0.072743
0.075912 2.6104 0.072645
0.076472 2.7259 0.072669
0.077035 2.5646 0.071339
0.077603 2.6337 0.07133
0.078175 2.6458 0.070669
0.078751 2.6643 0.070649
0.079331 2.3906 0.066585
0.079916 2.5521 0.068334
0.080504 2.5245 0.06785
0.081098 2.5808 0.066509
0.081695 2.5261 0.067493
0.082297 2.501 0.064488
0.082904 2.4601 0.064913
0.083515 2.4083 0.062567
0.08413 2.4586 0.063792
0.08475 2.3692 0.06244
0.085374 2.3858 0.061599
0.086004 2.3323 0.061301
0.086637 2.2117 0.05797
0.087276 2.27 0.058293
0.087919 2.2684 0.058928
0.088567 2.1814 0.057078
0.089219 2.0924 0.055639
0.089877 2.1181 0.055162
0.090539 2.2019 0.055775
0.091206 2.1301 0.054441
0.091878 2.1404 0.054719
0.092555 2.047 0.053129
0.093237 1.9727 0.051134
0.093924 1.9731 0.05086
0.094616 1.9856 0.051359
0.095314 1.9898 0.050427
0.096016 1.9409 0.04953
0.096724 1.8543 0.04869
0.097436 1.8718 0.048431
0.098154 1.8771 0.047171
0.098878 1.7897 0.046508
0.099606 1.8887 0.047588
0.10034 1.6797 0.043868
0.10108 1.7638 0.045239
0.10182 1.7353 0.044389
0.10257 1.6894 0.043222
0.10333 1.7117 0.043791
0.10409 1.6813 0.042332
0.10486 1.6744 0.042569
0.10563 1.6521 0.041689
0.10641 1.6984 0.042049
0.10719 1.5623 0.040389
0.10798 1.6361 0.040261
0.10878 1.5719 0.040075
0.10958 1.6116 0.039431
0.11039 1.5063 0.038593
0.1112 1.6052 0.038802
0.11202 1.5525 0.038746
0.11285 1.4765 0.036692
0.11368 1.4413 0.036615
0.11452 1.4929 0.036258
0.11536 1.4523 0.036248
0.11621 1.3764 0.034755
0.11707 1.4864 0.035837
0.11793 1.469 0.035431
0.1188 1.4359 0.034562
0.11967 1.3982 0.034359
0.12056 1.3336 0.032847
0.12144 1.3895 0.033335
0.12234 1.3254 0.032828
0.12324 1.3573 0.032332
0.12415 1.3566 0.032319
0.12506 1.3384 0.032299
0.12598 1.275 0.030677
0.12691 1.2845 0.030861
0.12785 1.2311 0.030042
0.12879 1.2042 0.029619
0.12974 1.2464 0.029636
0.1307 1.2528 0.029545
0.13166 1.2335 0.029261
0.13263 1.1844 0.028478
0.13361 1.1662 0.027919
0.13459 1.2238 0.028425
0.13558 1.1665 0.027468
0.13658 1.1139 0.02703
0.13759 1.0927 0.026286
0.1386 1.1327 0.026613
0.13962 1.1007 0.026122
0.14065 1.1091 0.025887
0.14169 1.0521 0.025132
0.14273 1.091 0.025457
0.14378 1.0296 0.024471
0.14484 1.0462 0.024548
0.14591 1.0412 0.024285
0.14699 1.0023 0.023801
0.14807 0.97744 0.023269
0.14916 0.9412 0.02268
0.15026 0.95323 0.022601
0.15137 0.97585 0.022779
0.15248 0.89936 0.021677
0.15361 0.92817 0.021914
0.15474 0.9252 0.021673
0.15588 0.9566 0.02191
0.15703 0.84459 0.020481
0.15818 0.9055 0.02101
0.15935 0.86461 0.020437
0.16052 0.80589 0.019566
0.16171 0.84533 0.019913
0.1629 0.83889 0.019723
0.1641 0.7862 0.018984
0.16531 0.79146 0.018946
0.16653 0.77941 0.018606
0.16775 0.76791 0.018366
0.16899 0.71805 0.017682
0.17023 0.75604 0.018015
0.17149 0.71893 0.01745
0.17275 0.69128 0.016973
0.17403 0.72547 0.017278
0.17531 0.68336 0.016722
0.1766 0.66336 0.016278
0.1779 0.6945 0.016579
0.17921 0.65562 0.015972
0.18053 0.6159 0.015493
0.18186 0.60765 0.015232
0.1832 0.61823 0.015265
0.18455 0.57979 0.014736
0.18591 0.60019 0.014842
0.18728 0.52914 0.013905
0.18866 0.54146 0.014027
0.19005 0.51628 0.013513
0.19145 0.53296 0.013734
0.19286 0.50427 0.013231
0.19429 0.50461 0.013157
0.19572 0.47628 0.012777
