#
0.0050184 16.443 1.1279
0.0050554 20.173 1.3966
0.0050926 256.08 4.9739
0.0051301 16.755 1.1385
0.0051679 40.878 1.6229
0.005206 465.04 9.479
0.0052444 20.075 2.7865
0.005283 NaN NaN
0.005322 14.156 1.3509
0.0053612 10.026 0.98518
0.0054007 103.09 2.5769
0.0054405 16.871 0.80779
0.0054806 19.11 1.1099
0.005521 115.07 2.7225
0.0055616 11.495 0.94337
0.0056026 178.59 3.7152
0.0056439 38.434 1.5736
0.0056855 14.151 1.3509
0.0057274 445.71 9.2801
0.0057696 6.168 0.77284
0.0058121 11.09 1.036
0.0058549 11.363 0.69894
0.0058981 191.13 4.962
0.0059416 18.725 1.3455
0.0059853 16.598 0.95773
0.0060294 11.381 1.4841
0.0060739 39.16 1.0791
0.0061186 54.565 2.2963
0.0061637 77.269 1.9321
0.0062091 12.175 0.72356
0.0062549 137.93 3.2652
0.006301 3.2658 0.79663
0.0063474 11.044 0.73095
0.0063942 18.342 1.3316
0.0064413 234.15 6.7263
0.0064888 14.86 1.6954
0.0065366 10.328 0.5545
0.0065847 12.54 0.63593
0.0066333 36.831 1.1378
0.0066821 59.658 1.815
0.0067314 11.808 0.95595
0.006781 95.122 2.7115
0.006831 7.6137 0.85864
0.0068813 14.084 0.82539
0.006932 55.626 1.7526
0.0069831 8.4887 1.0464
0.0070345 7.1049 0.62698
0.0070864 7.7592 0.43338
0.0071386 24.611 0.93009
0.0071912 31.416 2.012
0.0072442 32.685 1.2568
0.0072976 6.4238 0.52585
0.0073513 37.723 1.1024
0.0074055 7.2731 0.59355
0.0074601 66.909 2.2743
0.0075151 3.6523 0.84219
0.0075704 6.3405 0.52233
0.0076262 18.53 0.71551
0.0076824 6.7273 0.48676
0.007739 10.503 0.67205
0.0077961 13.713 0.55864
0.0078535 48.502 1.6366
0.0079114 7.2315 0.59158
0.0079697 100.32 3.5951
0.0080284 4.5426 0.59363
0.0080876 5.3951 0.40101
0.0081471 15.054 0.58528
0.0082072 6.9731 0.49556
0.0082677 6.2769 0.41677
0.0083286 17.653 0.78786
0.00839 33.214 1.463
0.0084518 5.0071 0.46442
0.0085141 20.998 0.79036
0.0085768 5.3095 0.38345
0.00864 4.1594 0.56792
0.0087037 18.249 0.80107
0.0087678 4.6656 0.32625
0.0088324 11.664 0.50071
0.0088975 3.3093 0.35835
0.0089631 13.233 0.60472
0.0090291 21.661 0.91525
0.0090956 5.3591 0.43452
0.0091627 74.37 3.791
0.0092302 3.6625 0.27362
0.0092982 4.3472 0.26505
0.0093667 10.369 0.50081
0.0094357 3.8455 0.61099
0.0095053 8.4614 0.41531
0.0095753 22.696 0.98752
0.0096459 3.1012 0.28338
0.0097169 14.731 0.68915
0.0097885 4.4169 0.28566
0.0098607 8.508 0.45376
0.0099333 6.2956 0.52057
0.010007 5.4091 0.28958
0.01008 12.13 0.54166
0.010155 3.4216 0.36455
0.010229 11.511 0.60929
0.010305 3.7249 0.30068
0.010381 7.7114 0.41913
0.010457 3.7691 0.23733
0.010534 5.0755 0.29912
0.010612 18.868 0.95512
0.01069 2.735 0.25787
0.010769 9.5907 0.49754
0.010848 2.4122 0.21141
0.010928 5.7791 0.32659
0.011009 3.7555 0.24144
0.01109 6.7893 0.44982
0.011171 4.9882 0.30348
0.011254 3.2239 0.2638
0.011337 7.2162 0.44677
0.01142 5.5177 0.31174
0.011504 2.7404 0.19171
0.011589 4.5525 0.27709
0.011675 1.8739 0.19614
0.011761 5.7556 0.3521
0.011847 8.2023 0.53738
0.011935 4.5359 0.2507
0.012023 2.6135 0.1783
0.012111 4.3689 0.2911
0.0122 3.1103 0.23992
0.01229 4.4103 0.27883
0.012381 3.5578 0.2399
0.012472 4.8649 0.29286
0.012564 2.5975 0.19717
0.012657 3.3742 0.22033
0.01275 2.6217 0.1875
0.012844 2.6239 0.23809
0.012938 3.4446 0.22687
0.013034 4.116 0.26351
0.01313 2.7938 0.1571
0.013227 2.316 0.18272
0.013324 4.1874 0.30917
0.013422 2.5625 0.18873
0.013521 3.4602 0.25922
0.013621 1.9241 0.13696
0.013721 2.9131 0.19109
0.013822 3.2745 0.22559
0.013924 2.1303 0.1518
0.014027 2.3491 0.23909
0.01413 2.5916 0.16733
0.014234 2.7395 0.16741
0.014339 2.6661 0.16743
0.014445 2.0437 0.17175
0.014551 3.0059 0.26215
0.014658 2.1204 0.12982
0.014766 2.5171 0.1649
0.014875 2.338 0.17137
0.014985 1.64 0.14376
0.015095 2.9344 0.17801
0.015206 1.8248 0.14466
0.015319 2.4438 0.15227
0.015431 2.1797 0.1374
0.015545 2.4609 0.16781
0.01566 2.0418 0.17175
0.015775 1.9625 0.13658
0.015891 1.9829 0.12311
0.016008 1.7225 0.14491
0.016126 1.9349 0.14091
0.016245 1.9036 0.14775
0.016365 1.7539 0.11366
0.016486 2.1215 0.142
0.016607 1.7853 0.11689
0.016729 2.1856 0.16844
0.016853 1.9052 0.12713
0.016977 1.7034 0.11416
0.017102 1.8822 0.12629
0.017228 1.8799 0.14904
0.017355 1.728 0.10784
0.017483 1.6491 0.11583
0.017612 1.8131 0.12533
0.017741 1.3555 0.10403
0.017872 1.6852 0.11829
0.018004 1.9442 0.12445
0.018136 1.6127 0.099215
0.01827 1.6771 0.12201
0.018405 2.0871 0.14631
0.01854 1.6271 0.092683
0.018677 1.6506 0.11583
0.018815 1.684 0.11246
0.018953 1.4919 0.10395
0.019093 1.5673 0.10102
0.019234 1.5645 0.097735
0.019375 1.7523 0.11465
0.019518 1.5742 0.1098
0.019662 1.5491 0.089837
0.019807 1.6391 0.10418
0.019953 1.5809 0.11007
0.0201 1.3465 0.088039
0.020248 1.6751 0.095984
0.020397 1.7204 0.10411
0.020547 1.5965 0.10459
0.020699 1.3749 0.088952
0.020851 1.4653 0.085148
0.021005 1.5026 0.099764
0.02116 1.3009 0.08656
0.021316 1.4397 0.082841
0.021473 1.4322 0.093542
0.021631 1.3333 0.085714
0.02179 1.3169 0.084035
0.021951 1.5067 0.083212
0.022113 1.3915 0.089495
0.022276 1.4242 0.089188
0.02244 1.5235 0.078373
0.022605 1.4539 0.095752
0.022772 1.2319 0.076718
0.02294 1.7056 0.085053
0.023109 1.449 0.082635
0.023279 1.3925 0.091526
0.02345 1.5211 0.078272
0.023623 1.754 0.085348
0.023797 1.435 0.089529
0.023973 1.3368 0.071286
0.024149 1.7238 0.08695
0.024327 1.4561 0.079106
0.024507 1.5661 0.082016
0.024687 1.6011 0.076444
0.024869 1.4967 0.082964
0.025052 1.6624 0.077881
0.025237 1.7538 0.086719
0.025423 1.5609 0.0797
0.02561 1.5481 0.074193
0.025799 1.7465 0.079449
0.025989 1.6899 0.087596
0.026181 1.6065 0.072615
0.026373 1.7693 0.079594
0.026568 1.2692 0.068498
0.026764 1.767 0.076754
0.026961 1.497 0.072935
0.027159 1.8198 0.081847
0.02736 1.947 0.07613
0.027561 1.9826 0.087058
0.027764 1.6086 0.068223
0.027969 2.0829 0.084011
0.028175 1.7121 0.073421
0.028383 2.1221 0.082669
0.028592 1.9358 0.077409
0.028802 1.7165 0.072085
0.029015 2.172 0.077473
0.029228 1.7818 0.075494
0.029444 2.104 0.075717
0.029661 2.1358 0.077093
0.029879 1.8003 0.074077
0.0301 2.2302 0.075593
0.030321 2.2475 0.084701
0.030545 1.9888 0.06918
0.03077 2.3169 0.079158
0.030997 1.9146 0.073561
0.031225 2.445 0.074811
0.031455 2.0259 0.075375
0.031687 2.4089 0.074485
0.03192 2.5076 0.080653
0.032156 2.1716 0.072702
0.032393 2.6431 0.077758
0.032631 2.1334 0.072517
0.032872 2.6101 0.076392
0.033114 2.0411 0.068819
0.033358 2.768 0.079807
0.033604 2.3077 0.070853
0.033851 2.5266 0.072509
0.034101 2.6335 0.081035
0.034352 2.3927 0.067081
0.034605 2.8223 0.07964
0.03486 2.4507 0.070478
0.035117 2.8895 0.075701
0.035376 2.5025 0.070852
0.035637 3.0666 0.079405
0.035899 2.5435 0.069312
0.036164 3.1077 0.076201
0.03643 2.6427 0.073564
0.036699 3.0747 0.072234
0.036969 2.5173 0.068956
0.037241 3.2669 0.077192
0.037516 2.5205 0.068341
0.037792 3.2411 0.073841
0.038071 2.5109 0.065608
0.038351 3.5899 0.080529
0.038634 2.7132 0.065361
0.038919 3.388 0.075313
0.039205 2.6842 0.065964
0.039494 3.388 0.076139
0.039785 2.8401 0.064075
0.040079 3.0549 0.07005
0.040374 3.0465 0.067226
0.040671 2.9663 0.069458
0.040971 3.2632 0.068648
0.041273 2.7245 0.063235
0.041577 3.188 0.06736
0.041883 2.7806 0.06364
0.042192 3.4243 0.070982
0.042503 2.6658 0.059289
0.042816 3.0743 0.064866
0.043132 3.1508 0.064103
0.04345 2.5477 0.059084
0.04377 3.2076 0.065327
0.044092 2.69 0.058869
0.044417 2.9397 0.061315
0.044744 2.84 0.058201
0.045074 2.7006 0.058023
0.045406 2.9201 0.059752
0.045741 2.5599 0.055534
0.046078 2.6332 0.056146
0.046417 2.5898 0.054847
0.04676 2.2786 0.052086
0.047104 2.578 0.053459
0.047451 2.332 0.050149
0.047801 2.1458 0.048531
0.048153 2.1241 0.04815
0.048508 2.0744 0.046305
0.048865 2.0179 0.046171
0.049225 2.2152 0.048227
0.049588 1.8127 0.042695
0.049954 1.8921 0.043671
0.050322 1.9238 0.044666
0.050693 1.844 0.041787
0.051066 1.5896 0.039354
0.051442 1.8064 0.041411
0.051821 1.5633 0.038226
0.052203 1.4958 0.037314
0.052588 1.7004 0.039155
0.052975 1.4426 0.036185
0.053366 1.3741 0.034846
0.053759 1.3872 0.034812
0.054155 1.4044 0.034827
0.054554 1.2644 0.032094
0.054956 1.2066 0.031795
0.055361 1.2 0.031279
0.055769 1.1621 0.03111
0.05618 1.1554 0.030295
0.056594 1.0928 0.029295
0.057011 1.0966 0.029087
0.057431 1.1121 0.029521
0.057854 0.96866 0.026973
0.058281 0.96155 0.02703
0.05871 0.90086 0.025595
0.059143 0.92658 0.025923
0.059579 0.9388 0.025947
0.060018 0.89201 0.024916
0.06046 0.86914 0.024542
0.060905 0.8804 0.024476
0.061354 0.88291 0.024561
0.061806 0.80026 0.023073
0.062262 0.79604 0.022877
0.062721 0.82278 0.022892
0.063183 0.8025 0.022836
0.063648 0.82292 0.022723
0.064117 0.78833 0.021805
0.06459 0.74905 0.021328
0.065066 0.80452 0.021939
0.065545 0.76958 0.02149
0.066028 0.78735 0.021627
0.066515 0.78574 0.020973
0.067005 0.79486 0.021286
0.067499 0.75688 0.020874
0.067996 0.78114 0.020646
0.068497 0.74079 0.019822
0.069002 0.78986 0.020786
0.06951 0.78856 0.020259
0.070023 0.78789 0.020095
0.070539 0.77533 0.020092
0.071058 0.81012 0.02003
0.071582 0.84432 0.0203
0.072109 0.89312 0.021025
0.072641 0.92946 0.021087
0.073176 0.99226 0.021683
0.073715 1.073 0.02236
0.074258 1.1251 0.022503
0.074806 1.2668 0.02404
0.075357 1.3303 0.024331
0.075912 1.3744 0.024561
0.076472 1.5055 0.025171
0.077035 1.6106 0.026312
0.077603 1.7125 0.026773
0.078175 1.8179 0.027258
0.078751 2.0071 0.028524
0.079331 1.9924 0.028231
0.079916 2.1074 0.028864
0.080504 2.1815 0.029316
0.081098 2.2797 0.029054
0.081695 2.2374 0.029511
0.082297 2.3229 0.028865
0.082904 2.2539 0.028863
0.083515 2.1786 0.027632
0.08413 2.1244 0.027549
0.08475 2.0446 0.026934
0.085374 1.9603 0.025934
0.086004 1.7802 0.024885
0.086637 1.6757 0.023425
0.087276 1.4835 0.021906
0.087919 1.3724 0.021312
0.088567 1.2265 0.019903
0.089219 1.1249 0.01897
0.089877 1.0859 0.018376
0.090539 1.0879 0.01825
0.091206 1.1079 0.018269
0.091878 1.0949 0.018212
0.092555 1.1064 0.018156
0.093237 1.133 0.018002
0.093924 1.1368 0.01793
0.094616 1.1459 0.018124
0.095314 1.1993 0.018181
0.096016 1.2292 0.01829
0.096724 1.3429 0.019199
0.097436 1.4019 0.019421
0.098154 1.5844 0.020067
0.098878 1.7063 0.021002
0.099606 1.8975 0.022066
0.10034 2.0836 0.022547
0.10108 2.1881 0.02327
0.10182 2.3159 0.023667
0.10257 2.3769 0.023646
0.10333 2.3494 0.023668
0.10409 2.3537 0.023097
0.10486 2.3031 0.023024
0.10563 2.2423 0.022397
0.10641 2.2015 0.022093
0.10719 2.1782 0.02197
0.10798 2.1717 0.021387
0.10878 2.1445 0.021564
0.10958 2.1361 0.020926
0.11039 2.0546 0.020751
0.1112 2.0053 0.019994
0.11202 1.9609 0.020067
0.11285 1.9202 0.019261
0.11368 1.8988 0.019336
0.11452 1.9224 0.018946
0.11536 1.8161 0.018653
0.11621 1.8343 0.018436
0.11707 1.7734 0.018028
0.11793 1.7827 0.01797
0.1188 1.7525 0.017565
0.11967 1.7233 0.017542
0.12056 1.6913 0.016989
0.12144 1.6917 0.016913
0.12234 1.6625 0.016886
0.12324 1.6572 0.016419
0.12415 1.6576 0.016418
0.12506 1.6221 0.016338
0.12598 1.64 0.015963
0.12691 1.6318 0.015965
0.12785 1.6314 0.015848
0.12879 1.6095 0.015681
0.12974 1.6172 0.015482
0.1307 1.6006 0.015317
0.13166 1.6235 0.015386
0.13263 1.6273 0.015284
0.13361 1.6732 0.015306
0.13459 1.6584 0.015166
0.13558 1.6703 0.015044
0.13658 1.6888 0.015209
0.13759 1.7053 0.015001
0.1386 1.6796 0.014817
0.13962 1.7113 0.014878
0.14065 1.7573 0.014888
0.14169 1.8142 0.015044
0.14273 1.8967 0.015322
0.14378 1.9102 0.015185
0.14484 1.9708 0.015352
0.14591 2.0239 0.015424
0.14699 2.0422 0.015456
0.14807 2.0939 0.01548
0.14916 2.0765 0.01529
0.15026 2.1245 0.015327
0.15137 2.1601 0.015404
0.15248 2.1455 0.015176
0.15361 2.1587 0.015168
0.15474 2.1495 0.014983
0.15588 2.1809 0.015028
0.15703 2.1757 0.014862
0.15818 2.1675 0.014737
0.15935 2.1796 0.014682
0.16052 2.18 0.014521
0.16171 2.1934 0.014494
0.1629 2.2139 0.014481
0.1641 2.2235 0.014384
0.16531 2.2226 0.014311
0.16653 2.2286 0.014174
0.16775 2.219 0.014049
0.16899 2.1577 0.013753
0.17023 2.023 0.013259
0.17149 1.8889 0.012702
0.17275 1.7838 0.012227
0.17403 1.6522 0.011721
0.17531 1.4507 0.010927
0.1766 1.2315 0.0099435
0.1779 0.95239 0.0087417
0.17921 0.75872 0.0077317
0.18053 0.63175 0.0070508
0.18186 0.5794 0.0066875
0.1832 0.55877 0.006534
0.18455 0.53336 0.0063438
0.18591 0.52535 0.0062452
0.18728 0.49729 0.0060259
0.18866 0.49547 0.0060076
0.19005 0.4773 0.0058019
0.19145 0.46775 0.0057588
0.19286 0.43966 0.0055143
0.19429 0.44235 0.0054985
0.19572 0.43579 0.0054321
