#
0.0050184 17.504 1.6079
0.0050554 2535.7 21.615
0.0050926 662.5 11.048
0.0051301 28.271 2.0424
0.0051679 1696.8 14.437
0.005206 2362 29.502
0.0052444 30.18 4.7189
0.005283 NaN NaN
0.005322 26.015 2.5292
0.0053612 19.49 1.8969
0.0054007 1639 14.189
0.0054405 16.109 1.0906
0.0054806 1333.9 12.8
0.005521 188.88 4.817
0.0055616 13.522 1.4138
0.0056026 341.04 7.0902
0.0056439 1162 11.947
0.0056855 17.9 2.0989
0.0057274 1382.1 22.568
0.0057696 7.5259 1.1797
0.0058121 1148.5 14.547
0.0058549 17.986 1.2146
0.0058981 1330.9 18.082
0.0059416 1413.8 16.14
0.0059853 13.231 1.1818
0.0060294 13.231 2.2109
0.0060739 59.947 1.844
0.0061186 1118.9 14.358
0.0061637 107.2 3.1429
0.0062091 179.38 3.8329
0.0062549 950.06 11.834
0.006301 3.6492 1.1653
0.0063474 21.064 1.3941
0.0063942 1007.8 13.626
0.0064413 1008.5 19.278
0.0064888 8.8118 1.8052
0.0065366 9.6624 0.74132
0.0065847 162.84 3.1627
0.0066333 250.33 4.0956
0.0066821 483.63 7.1359
0.0067314 12.496 1.3589
0.006781 145.16 4.6259
0.006831 10.652 1.4032
0.0068813 329.57 5.5104
0.006932 154.52 4.0338
0.0069831 190.85 6.8476
0.0070345 218.95 4.8016
0.0070864 10.837 0.7076
0.0071386 315.93 4.6009
0.0071912 41.246 3.1841
0.0072442 32.673 1.7357
0.0072976 9.2217 0.87046
0.0073513 221 3.6843
0.0074055 13.503 1.1169
0.0074601 395.57 7.6361
0.0075151 3.6492 1.1653
0.0075704 10.7 0.93723
0.0076262 164.68 2.9446
0.0076824 8.1403 0.74002
0.007739 40.913 1.831
0.0077961 53.508 1.5235
0.0078535 184.31 4.4055
0.0079114 133.09 3.5018
0.0079697 120.34 5.4379
0.0080284 10.727 1.2593
0.0080876 88.182 2.2362
0.0081471 53.55 1.5241
0.0082072 61.202 2.0255
0.0082677 12.392 0.80869
0.0083286 74.938 2.2412
0.00839 180.52 4.7093
0.0084518 5.3733 0.66525
0.0085141 47.757 1.646
0.0085768 55.976 1.7171
0.00864 127.17 4.33
0.0087037 34.736 1.5263
0.0087678 8.0745 0.59282
0.0088324 69.085 1.6822
0.0088975 13.386 0.99423
0.0089631 33.976 1.338
0.0090291 19.792 1.2087
0.0090956 103.68 2.636
0.0091627 112.73 6.4459
0.0092302 5.0457 0.44395
0.0092982 35.037 1.0377
0.0093667 26.408 1.1035
0.0094357 81.584 3.8779
0.0095053 8.8065 0.58569
0.0095753 99.95 2.8613
0.0096459 8.4202 0.64436
0.0097169 27.052 1.2897
0.0097885 23.374 0.90635
0.0098607 37.46 1.3141
0.0099333 9.0591 0.86273
0.010007 6.8376 0.44998
0.01008 52.797 1.56
0.010155 23.697 1.3225
0.010229 12.311 0.87071
0.010305 39.669 1.3523
0.010381 11.716 0.71366
0.010457 7.075 0.44908
0.010534 24.319 0.90323
0.010612 54.685 2.2452
0.01069 4.9399 0.47869
0.010769 41.432 1.4274
0.010848 5.5831 0.44391
0.010928 13.864 0.69837
0.011009 15.21 0.67029
0.01109 32.337 1.3547
0.011171 5.5829 0.44391
0.011254 31.943 1.1442
0.011337 6.8667 0.60251
0.01142 13.371 0.66998
0.011504 19 0.6955
0.011589 8.7465 0.5304
0.011675 6.1339 0.48911
0.011761 23.26 0.97665
0.011847 18.926 1.1271
0.011935 4.8344 0.358
0.012023 14.105 0.57068
0.012111 11.059 0.63931
0.0122 11.933 0.64806
0.01229 14.14 0.68897
0.012381 4.1753 0.35943
0.012472 19.227 0.80328
0.012564 6.4278 0.42801
0.012657 4.8794 0.36621
0.01275 13.259 0.58118
0.012844 8.2388 0.58192
0.012938 12.068 0.58573
0.013034 12.528 0.63441
0.01313 3.6031 0.24674
0.013227 13.834 0.61521
0.013324 9.4602 0.64155
0.013422 7.4665 0.44435
0.013521 12.458 0.67846
0.013621 3.2643 0.24651
0.013721 9.6211 0.47903
0.013822 7.2178 0.46237
0.013924 8.6076 0.42054
0.014027 5.4936 0.50458
0.01413 3.8986 0.28367
0.014234 9.2782 0.42491
0.014339 3.4713 0.26425
0.014445 10.067 0.52504
0.014551 8.0305 0.59124
0.014658 4.4049 0.25833
0.014766 6.0699 0.3534
0.014875 6.8125 0.40346
0.014985 5.3388 0.3574
0.015095 3.2013 0.25733
0.015206 7.642 0.40783
0.015319 2.9532 0.2316
0.015431 5.9258 0.31246
0.015545 3.0243 0.25739
0.01566 8.4252 0.48059
0.015775 3.9406 0.26722
0.015891 4.9522 0.26841
0.016008 2.8244 0.25646
0.016126 5.2417 0.31986
0.016245 3.5438 0.27844
0.016365 4.1932 0.24245
0.016486 3.2552 0.24317
0.016607 3.7373 0.23346
0.016729 3.6279 0.29987
0.016853 3.8899 0.25078
0.016977 2.873 0.20488
0.017102 4.5669 0.27142
0.017228 3.4066 0.27715
0.017355 3.8928 0.22337
0.017483 3.1144 0.21984
0.017612 4.5061 0.27258
0.017741 2.6002 0.19897
0.017872 4.6408 0.27069
0.018004 2.3093 0.18786
0.018136 3.8358 0.21108
0.01827 1.7748 0.17407
0.018405 4.9113 0.30971
0.01854 3.1031 0.17676
0.018677 2.9637 0.21441
0.018815 3.2259 0.21495
0.018953 2.3812 0.18158
0.019093 2.9278 0.19069
0.019234 2.1316 0.1579
0.019375 3.2995 0.21727
0.019518 2.0775 0.17461
0.019662 2.5122 0.15815
0.019807 3.1636 0.19987
0.019953 1.7001 0.15831
0.0201 3.0774 0.18361
0.020248 2.2398 0.15362
0.020397 2.247 0.16472
0.020547 3.1095 0.20156
0.020699 1.6684 0.13581
0.020851 2.2628 0.14632
0.021005 2.491 0.17754
0.02116 1.8633 0.14338
0.021316 2.6019 0.15385
0.021473 2.1097 0.15706
0.021631 1.785 0.13732
0.02179 2.1986 0.15009
0.021951 2.0932 0.13572
0.022113 2.2203 0.15632
0.022276 2.432 0.16106
0.02244 2.047 0.12577
0.022605 1.8218 0.14847
0.022772 2.1606 0.1404
0.02294 2.2034 0.13381
0.023109 1.9998 0.13438
0.023279 2.2022 0.15915
0.02345 2.202 0.13028
0.023623 1.9966 0.12618
0.023797 2.3472 0.15828
0.023973 2.0844 0.12311
0.024149 2.2359 0.13708
0.024327 1.7484 0.12013
0.024507 1.9906 0.12806
0.024687 2.0342 0.11931
0.024869 1.97 0.13179
0.025052 1.6826 0.10869
0.025237 2.2434 0.13577
0.025423 1.7869 0.11819
0.02561 1.9409 0.11508
0.025799 1.7954 0.11172
0.025989 1.8775 0.12798
0.026181 2.0915 0.11471
0.026373 2.3602 0.12722
0.026568 1.9269 0.11676
0.026764 1.9653 0.11216
0.026961 1.9439 0.11508
0.027159 2.0453 0.12023
0.02736 2.1381 0.11054
0.027561 2.2349 0.12804
0.027764 1.8558 0.10155
0.027969 2.4984 0.12738
0.028175 2.0884 0.11231
0.028383 2.2503 0.11796
0.028592 2.2295 0.11507
0.028802 2.0625 0.10946
0.029015 2.3024 0.11052
0.029228 2.353 0.12007
0.029444 2.2965 0.10958
0.029661 2.3467 0.11193
0.029879 2.1264 0.11151
0.0301 2.3962 0.10853
0.030321 2.329 0.11946
0.030545 2.1233 0.099054
0.03077 2.6939 0.11817
0.030997 2.1882 0.10893
0.031225 2.504 0.10486
0.031455 2.3366 0.11211
0.031687 2.405 0.10311
0.03192 2.5665 0.11301
0.032156 2.4327 0.10655
0.032393 2.7863 0.11054
0.032631 2.5854 0.11049
0.032872 2.8388 0.1103
0.033114 2.5372 0.1062
0.033358 3.1726 0.11824
0.033604 2.4412 0.10095
0.033851 2.7099 0.10398
0.034101 3.0902 0.12147
0.034352 2.6763 0.098226
0.034605 3.2056 0.11745
0.03486 2.7431 0.10322
0.035117 3.1792 0.10989
0.035376 2.7933 0.10363
0.035637 3.731 0.12115
0.035899 2.722 0.099285
0.036164 3.2977 0.10864
0.03643 2.8756 0.10624
0.036699 3.4436 0.10578
0.036969 2.8759 0.10202
0.037241 3.6734 0.11325
0.037516 2.8276 0.1002
0.037792 3.7915 0.11049
0.038071 3.0191 0.099552
0.038351 3.7681 0.11417
0.038634 3.1931 0.098114
0.038919 3.8182 0.11061
0.039205 3.0831 0.097845
0.039494 3.916 0.11323
0.039785 3.2712 0.095157
0.040079 3.6639 0.10612
0.040374 3.4668 0.099227
0.040671 3.5294 0.10481
0.040971 3.7082 0.10124
0.041273 3.0238 0.09221
0.041577 3.796 0.10167
0.041883 3.1306 0.093456
0.042192 3.9091 0.10492
0.042503 3.4176 0.092854
0.042816 3.7299 0.098831
0.043132 3.6199 0.095061
0.04345 2.9903 0.088588
0.04377 3.775 0.098027
0.044092 3.2511 0.089546
0.044417 3.5795 0.093595
0.044744 3.3724 0.087746
0.045074 3.3148 0.088934
0.045406 3.5455 0.091082
0.045741 3.1822 0.085663
0.046078 3.2053 0.085708
0.046417 3.3286 0.086012
0.04676 2.8579 0.080712
0.047104 3.0371 0.080299
0.047451 2.8896 0.077243
0.047801 2.5559 0.073325
0.048153 2.8699 0.077423
0.048508 2.5367 0.070877
0.048865 2.4522 0.070459
0.049225 2.7207 0.073971
0.049588 2.3115 0.066739
0.049954 2.2904 0.066531
0.050322 2.3889 0.068897
0.050693 2.268 0.064163
0.051066 2.085 0.062394
0.051442 2.3044 0.064743
0.051821 1.9675 0.059388
0.052203 1.9753 0.059365
0.052588 1.9985 0.058803
0.052975 1.785 0.055765
0.053366 1.6888 0.053535
0.053759 1.7818 0.054649
0.054155 1.6599 0.05248
0.054554 1.5424 0.04914
0.054956 1.4979 0.04911
0.055361 1.5883 0.049852
0.055769 1.5356 0.049545
0.05618 1.3097 0.04477
0.056594 1.3086 0.044478
0.057011 1.2745 0.043523
0.057431 1.2322 0.043153
0.057854 1.2383 0.042301
0.058281 1.0924 0.040028
0.05871 1.1414 0.039982
0.059143 1.1386 0.039885
0.059579 1.1204 0.039358
0.060018 1.1086 0.038552
0.06046 1.0681 0.037776
0.060905 1.0234 0.036662
0.061354 1.0054 0.036433
0.061806 0.98139 0.035499
0.062262 0.97969 0.035257
0.062721 0.94849 0.034176
0.063183 1.0152 0.035664
0.063648 0.9295 0.033586
0.064117 0.87993 0.032056
0.06459 0.93254 0.033058
0.065066 0.93116 0.032817
0.065545 0.95759 0.033302
0.066028 0.93843 0.032815
0.066515 0.98999 0.032693
0.067005 0.96804 0.032637
0.067499 0.94878 0.032464
0.067996 0.94701 0.031587
0.068497 0.98488 0.03172
0.069002 1.0122 0.032663
0.06951 0.98424 0.031434
0.070023 1.0886 0.032753
0.070539 1.0387 0.032264
0.071058 1.138 0.032904
0.071582 1.1413 0.032725
0.072109 1.2698 0.034734
0.072641 1.279 0.03428
0.073176 1.4038 0.035723
0.073715 1.4333 0.035809
0.074258 1.5268 0.036311
0.074806 1.6452 0.037954
0.075357 1.8149 0.039346
0.075912 1.8964 0.039937
0.076472 2.0252 0.04041
0.077035 2.0658 0.04126
0.077603 2.2087 0.042089
0.078175 2.4332 0.043638
0.078751 2.4122 0.043293
0.079331 2.5649 0.044326
0.079916 2.6208 0.044547
0.080504 2.6865 0.045022
0.081098 2.7679 0.044305
0.081695 2.6662 0.044593
0.082297 2.7197 0.043235
0.082904 2.7699 0.044278
0.083515 2.6557 0.042225
0.08413 2.6517 0.042595
0.08475 2.564 0.041744
0.085374 2.6886 0.042015
0.086004 2.6991 0.042368
0.086637 2.9727 0.043104
0.087276 3.2863 0.044991
0.087919 3.6965 0.048217
0.088567 4.2011 0.050714
0.089219 4.8627 0.054242
0.089877 5.8707 0.058711
0.090539 6.6471 0.061965
0.091206 7.4958 0.065274
0.091878 8.4572 0.069505
0.092555 9.3366 0.072408
0.093237 9.718 0.072397
0.093924 10.201 0.073743
0.094616 10.596 0.075671
0.095314 11.088 0.07592
0.096016 10.967 0.075034
0.096724 11.272 0.076439
0.097436 11.412 0.076168
0.098154 11.092 0.073041
0.098878 10.548 0.071868
0.099606 9.7387 0.068839
0.10034 8.6161 0.063182
0.10108 7.3831 0.058932
0.10182 6.1335 0.053135
0.10257 5.5122 0.049698
0.10333 4.8748 0.047069
0.10409 4.3361 0.043299
0.10486 3.9737 0.041781
0.10563 3.7924 0.040245
0.10641 3.4359 0.038148
0.10719 3.2219 0.036942
0.10798 3.0419 0.035004
0.10878 2.927 0.034846
0.10958 2.8588 0.033487
0.11039 2.9088 0.034145
0.1112 2.9061 0.033284
0.11202 2.9861 0.034234
0.11285 2.9957 0.033255
0.11368 2.9605 0.033376
0.11452 2.8868 0.032099
0.11536 2.7326 0.031638
0.11621 2.5202 0.029897
0.11707 2.2774 0.028278
0.11793 2.0408 0.026635
0.1188 1.7344 0.02424
0.11967 1.5727 0.023264
0.12056 1.3677 0.021239
0.12144 1.2711 0.0204
0.12234 1.1945 0.01993
0.12324 1.1217 0.018825
0.12415 1.0785 0.018466
0.12506 1.0213 0.018088
0.12598 1.0289 0.017642
0.12691 1.0004 0.017448
0.12785 1.0099 0.017404
0.12879 1.0138 0.017369
0.12974 1.0222 0.017173
0.1307 1.0248 0.0171
0.13166 1.0205 0.017022
0.13263 1.0403 0.017047
0.13361 1.0419 0.016849
0.13459 1.0426 0.016774
0.13558 1.1087 0.017083
0.13658 1.1412 0.017419
0.13759 1.3854 0.018793
0.1386 2.0911 0.022891
0.13962 3.1897 0.028054
0.14065 4.094 0.031356
0.14169 4.5109 0.032725
0.14273 4.4991 0.032562
0.14378 4.3171 0.031505
0.14484 4.0642 0.030436
0.14591 3.6994 0.028803
0.14699 3.3782 0.02747
0.14807 3.0053 0.025646
0.14916 2.6574 0.023934
0.15026 2.3457 0.022304
0.15137 2.1175 0.021139
0.15248 1.9956 0.020294
0.15361 1.8731 0.019601
0.15474 1.785 0.01895
0.15588 1.7488 0.018681
0.15703 1.646 0.017954
0.15818 1.6429 0.017819
0.15935 1.594 0.017445
0.16052 1.6458 0.017524
0.16171 1.5621 0.016999
0.1629 1.5705 0.016948
0.1641 1.586 0.016881
0.16531 1.6056 0.0169
0.16653 1.6509 0.016946
0.16775 1.655 0.016853
0.16899 1.684 0.016872
0.17023 1.69 0.016824
0.17149 1.698 0.016713
0.17275 1.7376 0.016738
0.17403 1.7457 0.016705
0.17531 1.7567 0.01666
0.1766 1.707 0.016208
0.1779 1.735 0.016301
0.17921 1.6883 0.015904
0.18053 1.6339 0.015606
0.18186 1.5598 0.015092
0.1832 1.5505 0.014963
0.18455 1.5329 0.014776
0.18591 1.475 0.01438
0.18728 1.3995 0.013888
0.18866 1.3849 0.013799
0.19005 1.3584 0.013442
0.19145 1.2782 0.013078
0.19286 1.2241 0.012633
0.19429 1.1653 0.012262
0.19572 1.1198 0.011967
