#
0.0050184 11.751 0.69664
0.0050554 10.875 0.74927
0.0050926 166.86 2.9338
0.0051301 14.682 0.7786
0.0051679 37.508 1.1358
0.005206 468.56 6.9527
0.0052444 6.7988 1.1853
0.005283 NaN NaN
0.005322 12.992 0.94552
0.0053612 6.6944 0.58813
0.0054007 119.35 2.026
0.0054405 10.948 0.47545
0.0054806 15.052 0.71969
0.005521 57.418 1.4053
0.0055616 4.8585 0.44826
0.0056026 123.38 2.2564
0.0056439 54.635 1.3708
0.0056855 6.5932 0.67387
0.0057274 428.12 6.6459
0.0057696 6.4399 0.57671
0.0058121 7.0566 0.60375
0.0058549 7.7406 0.42148
0.0058981 241.33 4.0741
0.0059416 24.028 1.1135
0.0059853 10.218 0.54907
0.0060294 5.0454 0.72215
0.0060739 19.815 0.56091
0.0061186 87.578 2.1255
0.0061637 48.737 1.1212
0.0062091 7.7161 0.42085
0.0062549 128.08 2.2991
0.006301 1.847 0.43769
0.0063474 8.0894 0.45702
0.0063942 28.879 1.2207
0.0064413 292.05 5.4891
0.0064888 7.0062 0.85072
0.0065366 6.2604 0.31544
0.0065847 5.819 0.31658
0.0066333 37.035 0.83359
0.0066821 33.122 0.9882
0.0067314 6.8411 0.53167
0.006781 80.048 1.8176
0.006831 3.9106 0.44968
0.0068813 17.063 0.66359
0.006932 67.519 1.4108
0.0069831 3.7073 0.5054
0.0070345 4.2358 0.35371
0.0070864 5.0586 0.25564
0.0071386 34.58 0.80547
0.0071912 14.23 0.98952
0.0072442 15.853 0.6396
0.0072976 4.0261 0.30414
0.0073513 32.35 0.74591
0.0074055 4.6572 0.34698
0.0074601 70.678 1.7079
0.0075151 1.228 0.35738
0.0075704 5.2195 0.34617
0.0076262 26.179 0.62126
0.0076824 4.0985 0.27758
0.007739 4.4162 0.31849
0.0077961 6.8731 0.289
0.0078535 42.964 1.1255
0.0079114 4.4545 0.33923
0.0079697 83.486 2.3963
0.0080284 3.0858 0.35737
0.0080876 6.0232 0.30939
0.0081471 16.995 0.45429
0.0082072 3.3669 0.25166
0.0082677 3.8379 0.2381
0.0083286 17.829 0.57844
0.00839 18.044 0.78793
0.0084518 2.536 0.24154
0.0085141 15.386 0.49431
0.0085768 5.812 0.29291
0.00864 1.9733 0.2859
0.0087037 20.529 0.62069
0.0087678 2.7097 0.18165
0.0088324 12.063 0.37197
0.0088975 1.8908 0.19791
0.0089631 5.9605 0.29659
0.0090291 13.175 0.52157
0.0090956 7.4945 0.37514
0.0091627 80.151 2.8757
0.0092302 1.999 0.14771
0.0092982 2.9058 0.15829
0.0093667 11.056 0.37773
0.0094357 2.6723 0.37197
0.0095053 4.1705 0.21308
0.0095753 17.896 0.64068
0.0096459 1.7659 0.15623
0.0097169 12.491 0.4636
0.0097885 3.056 0.17355
0.0098607 10.346 0.36543
0.0099333 3.0635 0.26538
0.010007 2.8139 0.15263
0.01008 10.384 0.36611
0.010155 2.2396 0.21542
0.010229 9.9977 0.4148
0.010305 3.7298 0.21961
0.010381 8.5718 0.32272
0.010457 1.9728 0.12548
0.010534 2.6913 0.15916
0.010612 14.33 0.60815
0.01069 2.1567 0.16715
0.010769 8.1196 0.3344
0.010848 1.4256 0.11872
0.010928 5.6403 0.2356
0.011009 2.129 0.13282
0.01109 7.1804 0.33781
0.011171 2.3196 0.15126
0.011254 3.9223 0.21229
0.011337 4.5016 0.25781
0.01142 4.3155 0.20137
0.011504 2.132 0.12344
0.011589 4.1173 0.1924
0.011675 1.5001 0.12803
0.011761 4.7124 0.23267
0.011847 4.6235 0.2948
0.011935 2.9157 0.14683
0.012023 1.8855 0.11056
0.012111 4.0247 0.204
0.0122 1.6509 0.12773
0.01229 3.5554 0.18282
0.012381 2.0373 0.13263
0.012472 4.539 0.20654
0.012564 1.3393 0.10347
0.012657 2.8562 0.14799
0.01275 1.8552 0.11516
0.012844 3.6134 0.20377
0.012938 1.871 0.12217
0.013034 3.4178 0.17534
0.01313 1.9044 0.094721
0.013227 1.8938 0.12059
0.013324 3.8016 0.21507
0.013422 1.4935 0.10525
0.013521 3.0856 0.17869
0.013621 1.1305 0.076684
0.013721 2.2077 0.12146
0.013822 2.2849 0.13761
0.013924 1.4069 0.090077
0.014027 2.4794 0.17915
0.01413 1.4468 0.091345
0.014234 1.9623 0.10345
0.014339 1.7582 0.099288
0.014445 1.3434 0.10167
0.014551 2.3575 0.16949
0.014658 1.2753 0.07354
0.014766 1.9344 0.10553
0.014875 1.6743 0.10587
0.014985 1.1752 0.088802
0.015095 1.7273 0.099767
0.015206 1.6116 0.099162
0.015319 1.2042 0.078126
0.015431 1.6086 0.086148
0.015545 1.3868 0.092036
0.01566 1.0367 0.089448
0.015775 1.4354 0.085257
0.015891 1.2368 0.071003
0.016008 1.2808 0.091188
0.016126 1.3318 0.085337
0.016245 1.247 0.087313
0.016365 1.0961 0.065608
0.016486 1.4599 0.085996
0.016607 1.2446 0.071234
0.016729 1.2083 0.091504
0.016853 0.98139 0.066683
0.016977 1.1765 0.069253
0.017102 1.0857 0.070067
0.017228 1.1288 0.084352
0.017355 0.97957 0.059316
0.017483 1.1298 0.069977
0.017612 0.9681 0.06692
0.017741 1.0059 0.065372
0.017872 1.172 0.072004
0.018004 1.055 0.066979
0.018136 1.0707 0.059009
0.01827 0.74072 0.059318
0.018405 1.2284 0.08199
0.01854 0.97752 0.052462
0.018677 1.0876 0.068644
0.018815 1.0103 0.063612
0.018953 0.873 0.058075
0.019093 1.1017 0.061806
0.019234 0.91596 0.054619
0.019375 0.9198 0.060699
0.019518 0.96194 0.062678
0.019662 0.94268 0.051175
0.019807 0.92418 0.057146
0.019953 1.0788 0.066357
0.0201 0.81 0.04986
0.020248 1.0049 0.054292
0.020397 0.87203 0.054177
0.020547 0.96107 0.059262
0.020699 0.80391 0.049675
0.020851 0.89208 0.048514
0.021005 0.93171 0.05736
0.02116 0.81902 0.050137
0.021316 0.92975 0.048598
0.021473 1.0291 0.057854
0.021631 0.89789 0.051334
0.02179 0.94908 0.052043
0.021951 0.92832 0.047693
0.022113 1.0646 0.057092
0.022276 0.87248 0.050971
0.02244 0.81346 0.041848
0.022605 1.0259 0.058691
0.022772 0.80621 0.045294
0.02294 0.91293 0.045469
0.023109 0.91787 0.048013
0.023279 0.97842 0.055982
0.02345 0.91004 0.044214
0.023623 0.94971 0.045888
0.023797 0.99318 0.054354
0.023973 0.82795 0.040958
0.024149 1.0248 0.048963
0.024327 0.86364 0.044492
0.024507 1.0289 0.048527
0.024687 1.0227 0.044605
0.024869 0.99093 0.049274
0.025052 0.91268 0.042162
0.025237 1.1473 0.051207
0.025423 0.9194 0.044675
0.02561 0.93168 0.042029
0.025799 1.0682 0.045374
0.025989 1.0823 0.05118
0.026181 0.97396 0.041289
0.026373 1.1473 0.046793
0.026568 0.91127 0.042337
0.026764 1.1481 0.045171
0.026961 1.1407 0.046444
0.027159 1.0749 0.045942
0.02736 1.194 0.043538
0.027561 1.1901 0.049263
0.027764 0.98729 0.039029
0.027969 1.279 0.048079
0.028175 1.0606 0.042197
0.028383 1.261 0.046547
0.028592 1.181 0.044156
0.028802 1.1229 0.042562
0.029015 1.3148 0.044025
0.029228 1.2085 0.045384
0.029444 1.1754 0.041346
0.029661 1.2701 0.043424
0.029879 1.1612 0.043437
0.0301 1.5872 0.046554
0.030321 1.315 0.047328
0.030545 1.2007 0.03926
0.03077 1.4764 0.046145
0.030997 1.2915 0.044104
0.031225 1.4475 0.042048
0.031455 1.2821 0.043787
0.031687 1.4206 0.041782
0.03192 1.493 0.045459
0.032156 1.3517 0.04189
0.032393 1.614 0.044383
0.032631 1.3638 0.04234
0.032872 1.6391 0.044214
0.033114 1.3846 0.04138
0.033358 1.782 0.046766
0.033604 1.4777 0.041405
0.033851 1.6801 0.043177
0.034101 1.713 0.04773
0.034352 1.5228 0.039082
0.034605 1.823 0.046747
0.03486 1.5751 0.041263
0.035117 1.8618 0.044381
0.035376 1.6085 0.041483
0.035637 2.1047 0.04804
0.035899 1.4953 0.038822
0.036164 2.0116 0.044776
0.03643 1.5946 0.04174
0.036699 1.9634 0.04216
0.036969 1.6186 0.040381
0.037241 2.1677 0.045924
0.037516 1.6239 0.04006
0.037792 2.1987 0.044415
0.038071 1.787 0.04041
0.038351 2.2988 0.047069
0.038634 1.8188 0.039079
0.038919 2.2244 0.044571
0.039205 1.8726 0.040228
0.039494 2.3554 0.046362
0.039785 1.9423 0.038693
0.040079 2.0891 0.042302
0.040374 2.1197 0.040949
0.040671 2.0631 0.042299
0.040971 2.2303 0.041447
0.041273 1.8169 0.03771
0.041577 2.2865 0.041657
0.041883 1.9508 0.038922
0.042192 2.3599 0.043035
0.042503 1.9942 0.037437
0.042816 2.2606 0.040613
0.043132 2.2392 0.03946
0.04345 1.8828 0.03708
0.04377 2.3728 0.041027
0.044092 1.8928 0.036055
0.044417 2.1711 0.038473
0.044744 2.0038 0.035697
0.045074 1.9314 0.035827
0.045406 2.1536 0.037466
0.045741 1.8122 0.034115
0.046078 2.0511 0.036172
0.046417 1.9674 0.034897
0.04676 1.731 0.033137
0.047104 1.9321 0.033785
0.047451 1.7322 0.031551
0.047801 1.6509 0.031067
0.048153 1.7943 0.032289
0.048508 1.6359 0.030008
0.048865 1.5064 0.029115
0.049225 1.6834 0.030686
0.049588 1.478 0.028125
0.049954 1.4673 0.028061
0.050322 1.4927 0.02871
0.050693 1.456 0.027091
0.051066 1.2399 0.025355
0.051442 1.3999 0.026599
0.051821 1.2603 0.025035
0.052203 1.1731 0.024103
0.052588 1.2377 0.024378
0.052975 1.1059 0.023109
0.053366 1.0486 0.022201
0.053759 1.0309 0.021891
0.054155 1.0524 0.021992
0.054554 0.93341 0.020112
0.054956 0.88152 0.01982
0.055361 0.89692 0.019719
0.055769 0.86415 0.019562
0.05618 0.80452 0.01844
0.056594 0.77461 0.017988
0.057011 0.74689 0.017511
0.057431 0.7421 0.017594
0.057854 0.67595 0.01643
0.058281 0.63335 0.016003
0.05871 0.66989 0.016084
0.059143 0.59699 0.015181
0.059579 0.57421 0.014811
0.060018 0.56636 0.014486
0.06046 0.48983 0.013456
0.060905 0.50538 0.013542
0.061354 0.50935 0.013622
0.061806 0.49054 0.013182
0.062262 0.4721 0.012859
0.062721 0.4603 0.012505
0.063183 0.40813 0.011906
0.063648 0.4138 0.011782
0.064117 0.42566 0.011707
0.06459 0.41105 0.011542
0.065066 0.37703 0.010991
0.065545 0.36143 0.010778
0.066028 0.39216 0.011162
0.066515 0.34821 0.010225
0.067005 0.35412 0.010404
0.067499 0.33113 0.010114
0.067996 0.3481 0.010092
0.068497 0.33606 0.0097753
0.069002 0.34856 0.010112
0.06951 0.3071 0.0092751
0.070023 0.31307 0.0092903
0.070539 0.30656 0.0092672
0.071058 0.30902 0.0090765
0.071582 0.29576 0.0088245
0.072109 0.29432 0.0088708
0.072641 0.30792 0.0089178
0.073176 0.29752 0.0087336
0.073715 0.29304 0.0086025
0.074258 0.28185 0.0082996
0.074806 0.27531 0.0082696
0.075357 0.26392 0.0080038
0.075912 0.28723 0.0082835
0.076472 0.27344 0.0079226
0.077035 0.27267 0.0080009
0.077603 0.26455 0.0077825
0.078175 0.26834 0.0077464
0.078751 0.26204 0.00763
0.079331 0.2601 0.0075521
0.079916 0.25489 0.0074356
0.080504 0.27765 0.0077352
0.081098 0.24094 0.007005
0.081695 0.24591 0.0072543
0.082297 0.23866 0.0068653
0.082904 0.23819 0.0069589
0.083515 0.22736 0.0066273
0.08413 0.22956 0.0067204
0.08475 0.22941 0.0066953
0.085374 0.22995 0.0065903
0.086004 0.23546 0.0067063
0.086637 0.22828 0.0064109
0.087276 0.22174 0.0062775
0.087919 0.21601 0.006269
0.088567 0.21795 0.0062146
0.089219 0.22066 0.0062176
0.089877 0.21086 0.005996
0.090539 0.20671 0.0058938
0.091206 0.19937 0.0057447
0.091878 0.20923 0.0058954
0.092555 0.2052 0.005795
0.093237 0.20538 0.0056798
0.093924 0.1983 0.0055549
0.094616 0.191 0.005493
0.095314 0.1988 0.0054918
0.096016 0.18932 0.0053335
0.096724 0.19754 0.0054689
0.097436 0.19021 0.0053184
0.098154 0.18698 0.0051309
0.098878 0.19669 0.0053025
0.099606 0.18688 0.0051598
0.10034 0.18412 0.0049956
0.10108 0.18858 0.0050906
0.10182 0.18579 0.0049983
0.10257 0.18139 0.0048738
0.10333 0.17745 0.0048563
0.10409 0.18492 0.0048287
0.10486 0.17988 0.0048017
0.10563 0.18676 0.0048179
0.10641 0.18219 0.0047393
0.10719 0.17249 0.0046158
0.10798 0.17531 0.0045358
0.10878 0.18122 0.0046752
0.10958 0.1818 0.0045524
0.11039 0.17974 0.0045767
0.1112 0.1818 0.0044883
0.11202 0.1784 0.0045131
0.11285 0.178 0.0043725
0.11368 0.1782 0.004416
0.11452 0.18455 0.0043727
0.11536 0.1815 0.0043941
0.11621 0.19104 0.0044286
0.11707 0.19089 0.0044013
0.11793 0.19737 0.0044464
0.1188 0.19288 0.0043363
0.11967 0.18971 0.0043314
0.12056 0.19453 0.0042854
0.12144 0.19326 0.0042522
0.12234 0.19945 0.0043471
0.12324 0.20072 0.0042466
0.12415 0.19968 0.0042353
0.12506 0.19757 0.0042383
0.12598 0.20488 0.004191
0.12691 0.21133 0.0042643
0.12785 0.21245 0.0042454
0.12879 0.21691 0.0042715
0.12974 0.21803 0.0042164
0.1307 0.22217 0.0042313
0.13166 0.23014 0.0042931
0.13263 0.22729 0.0042338
0.13361 0.23671 0.0042639
0.13459 0.23515 0.0042302
0.13558 0.25382 0.0043382
0.13658 0.25265 0.0043524
0.13759 0.25675 0.004305
0.1386 0.26086 0.0043179
0.13962 0.27377 0.0043973
0.14065 0.27551 0.0043559
0.14169 0.28563 0.0044097
0.14273 0.28852 0.0044143
0.14378 0.29528 0.0044088
0.14484 0.31002 0.0044941
0.14591 0.31643 0.0045006
0.14699 0.32114 0.0045222
0.14807 0.33576 0.0045714
0.14916 0.34361 0.0045852
0.15026 0.35694 0.0046292
0.15137 0.37649 0.0047362
0.15248 0.3875 0.0047479
0.15361 0.39902 0.0047992
0.15474 0.41553 0.0048463
0.15588 0.42523 0.0048806
0.15703 0.44302 0.0049302
0.15818 0.46696 0.005026
0.15935 0.49496 0.0051385
0.16052 0.52049 0.0052086
0.16171 0.55929 0.0053703
0.1629 0.64846 0.0057442
0.1641 0.75818 0.0061505
0.16531 0.91863 0.0067304
0.16653 1.1125 0.0073197
0.16775 1.3203 0.0079159
0.16899 1.5012 0.0083746
0.17023 1.6892 0.0088402
0.17149 1.8569 0.0091841
0.17275 2.0142 0.0094709
0.17403 2.1988 0.0098508
0.17531 2.3417 0.010106
0.1766 2.4678 0.010235
0.1779 2.5826 0.010446
0.17921 2.657 0.010476
0.18053 2.6681 0.010469
0.18186 2.5567 0.010139
0.1832 2.2602 0.0094811
0.18455 1.814 0.0084388
0.18591 1.4679 0.007532
0.18728 1.3285 0.0071033
0.18866 1.2956 0.0070065
0.19005 1.2959 0.0068904
0.19145 1.2791 0.0068616
0.19286 1.26 0.0067184
0.19429 1.2596 0.0066787
0.19572 1.2233 0.0065485
