#
0.0050184 9.8486 1.1115
0.0050554 9.9764 1.2505
0.0050926 24.668 1.9648
0.0051301 4.4771 0.7503
0.0051679 18.312 1.3825
0.005206 82.197 5.0699
0.0052444 5.597 1.8758
0.005283 NaN NaN
0.005322 4.5643 0.97756
0.0053612 5.9058 0.96358
0.0054007 28.215 1.7155
0.0054405 6.4143 0.63456
0.0054806 11.226 1.083
0.005521 11.434 1.0929
0.0055616 6.4697 0.90175
0.0056026 22.483 1.6777
0.0056439 17.483 1.3507
0.0056855 10.184 1.4589
0.0057274 77.184 4.9133
0.0057696 1.852 0.54149
0.0058121 4.0333 0.79705
0.0058549 4.2131 0.5426
0.0058981 52.91 3.3216
0.0059416 12.478 1.3981
0.0059853 5.9549 0.73113
0.0060294 5.9107 1.3627
0.0060739 5.2159 0.50214
0.0061186 27.641 2.0796
0.0061637 8.5737 0.81971
0.0062091 5.3893 0.61357
0.0062549 25.604 1.7904
0.006301 2.1581 0.82715
0.0063474 4.8965 0.62035
0.0063942 12.641 1.4068
0.0064413 57.491 4.2406
0.0064888 5.2876 1.289
0.0065366 3.388 0.40527
0.0065847 4.1386 0.46604
0.0066333 10.598 0.77729
0.0066821 7.7456 0.83314
0.0067314 4.3495 0.73981
0.006781 9.9806 1.1185
0.006831 4.5039 0.84178
0.0068813 9.2684 0.85259
0.006932 12.744 1.0681
0.0069831 3.1061 0.8072
0.0070345 3.6359 0.57194
0.0070864 3.8014 0.38686
0.0071386 9.2983 0.72792
0.0071912 3.939 0.90847
0.0072442 5.0542 0.63012
0.0072976 3.2385 0.47628
0.0073513 7.6319 0.63173
0.0074055 2.7804 0.46895
0.0074601 13.726 1.3115
0.0075151 1.5329 0.69907
0.0075704 2.4089 0.41101
0.0076262 6.8036 0.55243
0.0076824 2.7569 0.39789
0.007739 2.9618 0.45557
0.0077961 3.468 0.35849
0.0078535 8.8982 0.89322
0.0079114 3.1038 0.49431
0.0079697 11.854 1.5735
0.0080284 1.8481 0.48433
0.0080876 4.0161 0.44081
0.0081471 5.3428 0.44441
0.0082072 2.8136 0.40193
0.0082677 2.3408 0.32514
0.0083286 4.861 0.52713
0.00839 4.0349 0.65079
0.0084518 1.6409 0.34035
0.0085141 3.4355 0.40811
0.0085768 3.3211 0.38678
0.00864 2.6036 0.57306
0.0087037 5.37 0.55402
0.0087678 2.253 0.28961
0.0088324 3.1036 0.32954
0.0088975 2.2284 0.37516
0.0089631 2.5652 0.34013
0.0090291 3.3491 0.45947
0.0090956 3.8398 0.46873
0.0091627 11.855 1.9272
0.0092302 1.8127 0.24627
0.0092982 1.8758 0.22259
0.0093667 3.022 0.34513
0.0094357 2.0018 0.56361
0.0095053 1.9101 0.25278
0.0095753 2.7515 0.43939
0.0096459 1.85 0.27963
0.0097169 2.5257 0.36474
0.0097885 1.9364 0.24189
0.0098607 2.8246 0.33389
0.0099333 1.3637 0.3107
0.010007 1.7244 0.20925
0.01008 2.9011 0.33843
0.010155 1.7849 0.33672
0.010229 2.2645 0.34563
0.010305 2.3538 0.30522
0.010381 1.9586 0.27028
0.010457 1.6737 0.20264
0.010534 1.2779 0.19277
0.010612 2.7836 0.46895
0.01069 1.5728 0.25023
0.010769 2.013 0.29179
0.010848 1.4319 0.20842
0.010928 1.7883 0.23255
0.011009 1.4748 0.19373
0.01109 2.4724 0.34683
0.011171 0.98504 0.17362
0.011254 1.5692 0.2356
0.011337 1.5829 0.26797
0.01142 1.5387 0.21078
0.011504 1.4373 0.1778
0.011589 1.7389 0.21918
0.011675 1.0576 0.18905
0.011761 1.6362 0.24067
0.011847 1.1646 0.26049
0.011935 1.1762 0.1641
0.012023 1.298 0.16113
0.012111 1.817 0.24014
0.0122 1.0727 0.18112
0.01229 1.5941 0.21458
0.012381 0.93709 0.15848
0.012472 1.5054 0.20886
0.012564 1.6057 0.19831
0.012657 1.5229 0.18956
0.01275 1.4393 0.1778
0.012844 1.571 0.2356
0.012938 1.1968 0.17175
0.013034 1.1413 0.17827
0.01313 1.4795 0.14631
0.013227 0.99172 0.15362
0.013324 1.6631 0.24946
0.013422 1.2433 0.1686
0.013521 1.2221 0.19773
0.013621 1.0031 0.127
0.013721 1.3856 0.16876
0.013822 1.1716 0.17328
0.013924 0.80702 0.12034
0.014027 1.0656 0.20679
0.01413 0.99765 0.13341
0.014234 1.0925 0.13569
0.014339 1.0355 0.13414
0.014445 0.87529 0.14463
0.014551 1.2225 0.21447
0.014658 0.82777 0.10445
0.014766 1.1029 0.14003
0.014875 0.99957 0.14405
0.014985 1.0603 0.14822
0.015095 0.82289 0.12159
0.015206 0.85621 0.12742
0.015319 0.98047 0.1239
0.015431 0.90073 0.11374
0.015545 0.9843 0.13639
0.01566 0.77962 0.13701
0.015775 1.0404 0.1276
0.015891 0.90353 0.10689
0.016008 0.89174 0.13396
0.016126 0.95876 0.12746
0.016245 0.98367 0.13639
0.016365 0.69076 0.092147
0.016486 0.91647 0.12009
0.016607 0.7923 0.10036
0.016729 1.1396 0.15597
0.016853 1.0302 0.12005
0.016977 0.96623 0.11035
0.017102 0.81624 0.10703
0.017228 1.147 0.1492
0.017355 1.0064 0.10563
0.017483 1.014 0.11652
0.017612 0.83558 0.10941
0.017741 1.0958 0.11971
0.017872 1.0238 0.11825
0.018004 0.7597 0.10048
0.018136 1.017 0.10106
0.01827 0.89465 0.11458
0.018405 1.0405 0.13267
0.01854 0.78227 0.082793
0.018677 0.95122 0.11282
0.018815 0.92116 0.10688
0.018953 0.94337 0.10613
0.019093 0.96245 0.10158
0.019234 0.78266 0.089012
0.019375 0.77924 0.098429
0.019518 0.92887 0.10828
0.019662 0.90581 0.088234
0.019807 0.84 0.095972
0.019953 0.82935 0.10258
0.0201 0.82705 0.08868
0.020248 0.89632 0.090246
0.020397 1.0491 0.10432
0.020547 0.89396 0.10054
0.020699 0.90055 0.092415
0.020851 0.9937 0.089899
0.021005 1.0536 0.10704
0.02116 0.91875 0.093326
0.021316 0.99503 0.088273
0.021473 0.82262 0.091132
0.021631 0.94197 0.092369
0.02179 0.94883 0.091458
0.021951 1.0844 0.090398
0.022113 1.0561 0.09989
0.022276 1.0539 0.098262
0.02244 1.0147 0.08205
0.022605 1.2128 0.11185
0.022772 0.85704 0.082131
0.02294 1.1353 0.088879
0.023109 1.1392 0.093795
0.023279 0.83903 0.091265
0.02345 1.0366 0.082806
0.023623 1.062 0.08519
0.023797 0.97305 0.094538
0.023973 1.0156 0.07962
0.024149 1.1804 0.092144
0.024327 1.1398 0.089593
0.024507 1.2078 0.092191
0.024687 1.1181 0.081816
0.024869 1.3551 0.10087
0.025052 1.1003 0.081187
0.025237 1.23 0.092956
0.025423 1.1773 0.088595
0.02561 1.1578 0.082182
0.025799 1.2048 0.084501
0.025989 1.2148 0.095081
0.026181 1.2174 0.080895
0.026373 1.3943 0.090343
0.026568 1.1275 0.082588
0.026764 1.4109 0.087656
0.026961 1.2456 0.08508
0.027159 1.1631 0.083843
0.02736 1.561 0.087105
0.027561 1.4608 0.095565
0.027764 1.0928 0.072057
0.027969 1.5813 0.09355
0.028175 1.439 0.086024
0.028383 1.4389 0.087091
0.028592 1.4846 0.086672
0.028802 1.3475 0.08169
0.029015 1.8602 0.091534
0.029228 1.3608 0.084377
0.029444 1.4149 0.079437
0.029661 1.6247 0.085915
0.029879 1.5354 0.08739
0.0301 1.9713 0.090693
0.030321 1.8273 0.09752
0.030545 1.4463 0.075443
0.03077 1.7861 0.088782
0.030997 1.5438 0.084409
0.031225 1.8154 0.082332
0.031455 1.699 0.088156
0.031687 1.7999 0.082239
0.03192 2.0774 0.093682
0.032156 1.8802 0.086336
0.032393 2.0807 0.08805
0.032631 1.8848 0.08698
0.032872 2.2503 0.090489
0.033114 1.8622 0.083893
0.033358 2.3365 0.093533
0.033604 2.0083 0.08435
0.033851 2.2523 0.087328
0.034101 2.265 0.095869
0.034352 1.902 0.076364
0.034605 2.6365 0.098128
0.03486 2.2295 0.085738
0.035117 2.5441 0.090577
0.035376 2.1313 0.083434
0.035637 2.8908 0.098261
0.035899 2.0604 0.079623
0.036164 2.6475 0.08969
0.03643 2.2849 0.087264
0.036699 2.6512 0.085528
0.036969 2.2153 0.082522
0.037241 3.0461 0.094996
0.037516 2.3304 0.083803
0.037792 2.8133 0.08772
0.038071 2.3217 0.080457
0.038351 2.9351 0.092846
0.038634 2.585 0.081332
0.038919 3.1289 0.092237
0.039205 2.6339 0.083298
0.039494 3.2948 0.095668
0.039785 2.6637 0.079108
0.040079 2.9534 0.087783
0.040374 2.798 0.082129
0.040671 2.8897 0.08737
0.040971 2.9903 0.083755
0.041273 2.5725 0.078338
0.041577 3.0602 0.084102
0.041883 2.8317 0.081841
0.042192 3.0535 0.08544
0.042503 2.7193 0.076315
0.042816 2.9002 0.080304
0.043132 3.0543 0.080431
0.04345 2.5964 0.076024
0.04377 3.177 0.082835
0.044092 2.7789 0.076253
0.044417 2.7201 0.075191
0.044744 2.7384 0.072845
0.045074 2.7061 0.074027
0.045406 2.9687 0.076772
0.045741 2.5642 0.070848
0.046078 2.8483 0.074401
0.046417 2.6373 0.070544
0.04676 2.4878 0.069352
0.047104 2.6943 0.069647
0.047451 2.5469 0.06678
0.047801 2.3217 0.064343
0.048153 2.6766 0.068834
0.048508 2.2749 0.061802
0.048865 2.2567 0.062226
0.049225 2.3588 0.063433
0.049588 2.1803 0.05966
0.049954 2.3569 0.062085
0.050322 2.4076 0.063642
0.050693 2.249 0.058791
0.051066 2.0481 0.056899
0.051442 2.2092 0.058342
0.051821 1.9864 0.054892
0.052203 2.0198 0.055217
0.052588 2.0985 0.055416
0.052975 1.8046 0.05157
0.053366 1.7194 0.049674
0.053759 1.5661 0.047177
0.054155 1.5808 0.047124
0.054554 1.5257 0.044949
0.054956 1.3537 0.042973
0.055361 1.4294 0.043535
0.055769 1.5086 0.045168
0.05618 1.2985 0.040987
0.056594 1.1665 0.038657
0.057011 1.2336 0.039379
0.057431 1.2863 0.040511
0.057854 1.2355 0.038843
0.058281 1.1888 0.038336
0.05871 1.1588 0.037018
0.059143 1.1249 0.036444
0.059579 1.0656 0.0353
0.060018 1.166 0.036317
0.06046 1.1216 0.035552
0.060905 1.0918 0.034771
0.061354 1.0796 0.034655
0.061806 1.0832 0.034219
0.062262 1.1361 0.034815
0.062721 1.0841 0.033506
0.063183 1.1154 0.034306
0.063648 1.2152 0.035159
0.064117 1.2727 0.035243
0.06459 1.3504 0.036385
0.065066 1.4723 0.037707
0.065545 1.5243 0.038392
0.066028 1.8177 0.041664
0.066515 1.989 0.042278
0.067005 2.2546 0.045392
0.067499 2.3519 0.046552
0.067996 2.5849 0.047511
0.068497 2.6928 0.047765
0.069002 2.7786 0.049307
0.06951 2.9176 0.04927
0.070023 3.0744 0.050171
0.070539 3.1558 0.051224
0.071058 3.2094 0.050403
0.071582 3.4441 0.051842
0.072109 3.5693 0.053166
0.072641 3.6025 0.052529
0.073176 3.608 0.052347
0.073715 3.7583 0.053004
0.074258 3.7739 0.052222
0.074806 3.8295 0.053003
0.075357 3.7456 0.051792
0.075912 3.6988 0.051124
0.076472 3.7639 0.050527
0.077035 3.7388 0.050914
0.077603 3.6802 0.049862
0.078175 3.5415 0.048356
0.078751 3.6047 0.048604
0.079331 3.4074 0.04695
0.079916 3.4284 0.046828
0.080504 3.347 0.0462
0.081098 3.499 0.045796
0.081695 3.5433 0.047245
0.082297 3.6111 0.045788
0.082904 3.704 0.047062
0.083515 3.8251 0.046559
0.08413 3.8199 0.046972
0.08475 3.8644 0.047073
0.085374 4.0749 0.047515
0.086004 4.1028 0.047989
0.086637 4.3535 0.047935
0.087276 4.6066 0.048971
0.087919 4.7577 0.050309
0.088567 5.0289 0.051051
0.089219 5.2642 0.051947
0.089877 5.443 0.052058
0.090539 5.635 0.052551
0.091206 5.8735 0.05323
0.091878 5.9474 0.053707
0.092555 5.8375 0.052769
0.093237 5.8153 0.05162
0.093924 5.5866 0.050309
0.094616 5.5258 0.050382
0.095314 5.4524 0.049089
0.096016 5.1782 0.047547
0.096724 5.0755 0.047306
0.097436 4.8812 0.045948
0.098154 4.6664 0.043702
0.098878 4.4593 0.043107
0.099606 4.1697 0.041558
0.10034 4.0038 0.039732
0.10108 3.7359 0.03867
0.10182 3.4482 0.036746
0.10257 3.2556 0.035224
0.10333 3.04 0.034278
0.10409 2.8938 0.032614
0.10486 2.6885 0.031687
0.10563 2.5409 0.030377
0.10641 2.3375 0.029016
0.10719 2.2182 0.028266
0.10798 2.0394 0.026436
0.10878 1.9225 0.026054
0.10958 1.8192 0.024651
0.11039 1.7972 0.024772
0.1112 1.7072 0.023555
0.11202 1.6436 0.023461
0.11285 1.5818 0.022329
0.11368 1.5715 0.022469
0.11452 1.5195 0.021522
0.11536 1.4856 0.021557
0.11621 1.4441 0.020908
0.11707 1.3887 0.020394
0.11793 1.356 0.02004
0.1188 1.3095 0.019422
0.11967 1.2484 0.019105
0.12056 1.279 0.018898
0.12144 1.2047 0.018269
0.12234 1.2107 0.018442
0.12324 1.1778 0.01772
0.12415 1.158 0.017571
0.12506 1.1647 0.017723
0.12598 1.1733 0.017286
0.12691 1.128 0.016999
0.12785 1.1137 0.016773
0.12879 1.1375 0.016882
0.12974 1.1326 0.016591
0.1307 1.1758 0.016803
0.13166 1.1333 0.016463
0.13263 1.1566 0.016497
0.13361 1.1881 0.016509
0.13459 1.2091 0.016572
0.13558 1.2578 0.0167
0.13658 1.3452 0.017353
0.13759 1.4371 0.017594
0.1386 1.5563 0.018209
0.13962 1.6185 0.018468
0.14065 1.6875 0.018618
0.14169 1.5685 0.017865
0.14273 1.5251 0.017554
0.14378 1.4499 0.016911
0.14484 1.4191 0.016658
0.14591 1.4101 0.016466
0.14699 1.4449 0.016624
0.14807 1.4088 0.016242
0.14916 1.4074 0.0161
0.15026 1.3792 0.015799
0.15137 1.3952 0.015838
0.15248 1.3847 0.015598
0.15361 1.3711 0.015467
0.15474 1.3305 0.015087
0.15588 1.403 0.01542
0.15703 1.3803 0.015145
0.15818 1.3587 0.01493
0.15935 1.4037 0.015073
0.16052 1.378 0.014771
0.16171 1.4059 0.014846
0.1629 1.3855 0.014657
0.1641 1.3889 0.014546
0.16531 1.3809 0.014434
0.16653 1.3869 0.014307
0.16775 1.3839 0.014198
0.16899 1.352 0.013932
0.17023 1.3524 0.01387
0.17149 1.3496 0.013733
0.17275 1.3415 0.013559
0.17403 1.3224 0.013406
0.17531 1.303 0.013233
0.1766 1.2589 0.012838
0.1779 1.2677 0.012853
0.17921 1.2394 0.012569
0.18053 1.2071 0.012373
0.18186 1.1752 0.012081
0.1832 1.1515 0.011895
0.18455 1.1136 0.01162
0.18591 1.0954 0.011431
0.18728 1.0214 0.010948
0.18866 0.97516 0.01069
0.19005 0.96471 0.010457
0.19145 0.95546 0.010432
0.19286 0.8954 0.0099723
0.19429 0.85735 0.0097079
0.19572 0.81743 0.0094391
