#
0.0050184 366.83 4.3616
0.0050554 401.82 5.1036
0.0050926 302.77 4.4302
0.0051301 306.57 3.9873
0.0051679 412.21 4.2207
0.005206 385.03 7.0653
0.0052444 330.32 9.2547
0.005283 NaN NaN
0.005322 240.7 4.5611
0.0053612 330.77 4.6305
0.0054007 305.77 3.6352
0.0054405 320.8 2.8841
0.0054806 318.05 3.7074
0.005521 340.86 3.8381
0.0055616 256.99 3.6507
0.0056026 341.63 4.2091
0.0056439 274.53 3.4444
0.0056855 302.92 5.1168
0.0057274 341.98 6.6587
0.0057696 194.52 3.551
0.0058121 259.27 4.0997
0.0058549 216.81 2.4993
0.0058981 303.27 5.1198
0.0059416 258.04 4.0899
0.0059853 237.53 2.9663
0.0060294 185.51 4.9042
0.0060739 223.87 2.1131
0.0061186 198.21 3.5846
0.0061637 185.35 2.451
0.0062091 208.19 2.4492
0.0062549 218.31 3.3647
0.006301 98.516 3.574
0.0063474 175.85 2.3874
0.0063942 179.94 3.4153
0.0064413 209.75 5.2148
0.0064888 167.62 4.6618
0.0065366 136.13 1.6479
0.0065847 162.13 1.8717
0.0066333 144.36 1.8448
0.0066821 164.34 2.4673
0.0067314 141.66 2.7105
0.006781 113.35 2.4246
0.006831 128.59 2.8873
0.0068813 127.23 2.0308
0.006932 109.89 2.0176
0.0069831 150.29 3.6042
0.0070345 111.63 2.0335
0.0070864 105.32 1.3065
0.0071386 119.43 1.6779
0.0071912 125.4 3.2923
0.0072442 106.65 1.8593
0.0072976 92.093 1.629
0.0073513 94.736 1.4308
0.0074055 96.409 1.7678
0.0074601 100.49 2.2829
0.0075151 45.492 2.4289
0.0075704 83.654 1.5525
0.0076262 85.367 1.2575
0.0076824 76.619 1.344
0.007739 80.657 1.5245
0.0077961 74.923 1.0691
0.0078535 77.439 1.6938
0.0079114 72.818 1.5364
0.0079697 72.59 2.505
0.0080284 59.884 1.7624
0.0080876 68.242 1.1668
0.0081471 62.904 0.97959
0.0082072 61.345 1.2026
0.0082677 57.421 1.0313
0.0083286 61.275 1.2019
0.00839 63.038 1.6507
0.0084518 49.657 1.1962
0.0085141 53.94 1.0373
0.0085768 50.512 0.96733
0.00864 52.107 1.644
0.0087037 48.852 1.0732
0.0087678 45.791 0.83582
0.0088324 46.461 0.81817
0.0088975 42.436 1.0491
0.0089631 44.143 0.90429
0.0090291 39.867 1.0169
0.0090956 44.257 1.0215
0.0091627 39.142 2.253
0.0092302 35.073 0.69196
0.0092982 38.601 0.64587
0.0093667 38.137 0.78626
0.0094357 33.63 1.4767
0.0095053 34.186 0.68316
0.0095753 34.589 0.99842
0.0096459 31.553 0.73865
0.0097169 32.572 0.83908
0.0097885 29.46 0.60324
0.0098607 32.61 0.72708
0.0099333 30.816 0.94239
0.010007 28.863 0.54724
0.01008 27.164 0.66364
0.010155 28.562 0.86074
0.010229 25.161 0.7375
0.010305 27.634 0.66935
0.010381 25.018 0.61786
0.010457 24.469 0.49412
0.010534 23.029 0.52112
0.010612 25.009 0.90054
0.01069 21.784 0.59433
0.010769 22.304 0.62109
0.010848 21.028 0.50968
0.010928 21.188 0.51162
0.011009 20.639 0.46279
0.01109 20.372 0.63763
0.011171 17.028 0.45867
0.011254 18.902 0.52197
0.011337 17.029 0.56176
0.01142 17.174 0.45003
0.011504 16.887 0.3887
0.011589 17.18 0.44024
0.011675 15.382 0.45834
0.011761 15.688 0.47558
0.011847 16.417 0.62231
0.011935 14.276 0.36376
0.012023 14.305 0.34061
0.012111 14.963 0.4406
0.0122 13.15 0.40313
0.01229 13.472 0.39863
0.012381 12.316 0.36494
0.012472 13.365 0.39706
0.012564 12.892 0.35874
0.012657 11.791 0.33666
0.01275 11.854 0.3257
0.012844 10.62 0.39133
0.012938 11.287 0.33568
0.013034 11.6 0.36181
0.01313 10.726 0.25154
0.013227 10.821 0.32254
0.013324 9.8106 0.38706
0.013422 9.8963 0.30291
0.013521 9.4393 0.35004
0.013621 9.5624 0.24912
0.013721 9.081 0.27577
0.013822 9.1669 0.30855
0.013924 8.5671 0.24857
0.014027 8.4799 0.37097
0.01413 8.2212 0.24351
0.014234 8.0203 0.23409
0.014339 7.6545 0.23179
0.014445 7.7191 0.27247
0.014551 7.8434 0.34613
0.014658 7.2859 0.19651
0.014766 6.9324 0.22363
0.014875 7.2481 0.24643
0.014985 7.0223 0.24256
0.015095 6.1249 0.21024
0.015206 6.3721 0.22063
0.015319 6.6043 0.20454
0.015431 6.3084 0.19084
0.015545 6.1202 0.21624
0.01566 5.8068 0.23641
0.015775 5.9082 0.19348
0.015891 5.4182 0.16615
0.016008 5.7177 0.21545
0.016126 5.1672 0.18799
0.016245 5.0828 0.19711
0.016365 5.0564 0.15747
0.016486 5.2181 0.18187
0.016607 5.0517 0.16045
0.016729 4.362 0.19442
0.016853 4.5083 0.15963
0.016977 4.7324 0.1553
0.017102 4.6845 0.16269
0.017228 4.0665 0.179
0.017355 4.1816 0.13692
0.017483 4.3099 0.15279
0.017612 4.0515 0.15299
0.017741 3.9734 0.14521
0.017872 4.2754 0.15378
0.018004 3.8023 0.14209
0.018136 3.825 0.12468
0.01827 3.7713 0.14932
0.018405 3.2905 0.15012
0.01854 3.7338 0.11456
0.018677 3.5924 0.13951
0.018815 3.2941 0.1284
0.018953 3.3395 0.12686
0.019093 3.6533 0.12585
0.019234 3.5617 0.12032
0.019375 3.2103 0.12674
0.019518 3.0493 0.12475
0.019662 2.9444 0.10109
0.019807 3.1347 0.1176
0.019953 2.9369 0.12244
0.0201 2.8292 0.10408
0.020248 3.0377 0.10553
0.020397 2.8942 0.11026
0.020547 2.9136 0.11535
0.020699 2.7224 0.10211
0.020851 2.7523 0.095242
0.021005 2.7047 0.10925
0.02116 2.4439 0.096768
0.021316 2.7937 0.094178
0.021473 2.5452 0.10177
0.021631 2.3189 0.092247
0.02179 2.3862 0.092285
0.021951 2.5241 0.087939
0.022113 2.3255 0.094411
0.022276 2.5263 0.09695
0.02244 2.5994 0.083556
0.022605 2.3808 0.10002
0.022772 2.1104 0.081913
0.02294 2.4578 0.083419
0.023109 2.2375 0.083828
0.023279 2.175 0.093386
0.02345 2.3679 0.079749
0.023623 2.3824 0.081271
0.023797 2.1297 0.089058
0.023973 2.0399 0.07187
0.024149 2.4299 0.084341
0.024327 2.0912 0.077409
0.024507 2.2333 0.079989
0.024687 2.2133 0.073425
0.024869 2.1299 0.080827
0.025052 2.0727 0.071068
0.025237 2.3565 0.082142
0.025423 2.0278 0.074218
0.02561 2.1821 0.071927
0.025799 2.1515 0.072069
0.025989 2.0867 0.079545
0.026181 2.1805 0.069113
0.026373 2.2482 0.073324
0.026568 1.8277 0.067083
0.026764 2.2495 0.070782
0.026961 2.0346 0.069451
0.027159 2.0504 0.071026
0.02736 2.405 0.069167
0.027561 2.2938 0.076562
0.027764 1.9514 0.061405
0.027969 2.4393 0.074341
0.028175 2.0208 0.065197
0.028383 2.369 0.071431
0.028592 2.1138 0.066145
0.028802 1.9397 0.062638
0.029015 2.5314 0.068392
0.029228 2.1435 0.067682
0.029444 2.2242 0.063674
0.029661 2.1722 0.063598
0.029879 1.9089 0.062375
0.0301 2.6326 0.067164
0.030321 2.3072 0.070205
0.030545 2.2292 0.059892
0.03077 2.3632 0.0654
0.030997 2.0025 0.061523
0.031225 2.4185 0.060881
0.031455 2.1168 0.063016
0.031687 2.537 0.062534
0.03192 2.4087 0.064684
0.032156 2.1946 0.05979
0.032393 2.7223 0.064572
0.032631 2.2308 0.060659
0.032872 2.805 0.06479
0.033114 2.1074 0.057194
0.033358 2.8179 0.06589
0.033604 2.2076 0.056703
0.033851 2.666 0.060936
0.034101 2.5766 0.065591
0.034352 2.3258 0.054115
0.034605 2.9085 0.066157
0.03486 2.5358 0.058654
0.035117 2.8954 0.062014
0.035376 2.2459 0.054934
0.035637 3.2171 0.066555
0.035899 2.3575 0.05461
0.036164 3.1126 0.062411
0.03643 2.5403 0.05902
0.036699 3.1966 0.060273
0.036969 2.3298 0.054291
0.037241 3.3109 0.0636
0.037516 2.2247 0.052551
0.037792 3.3254 0.06121
0.038071 2.5153 0.053729
0.038351 3.4003 0.064153
0.038634 2.6352 0.052714
0.038919 3.3363 0.061172
0.039205 2.5985 0.05311
0.039494 3.2718 0.061243
0.039785 2.7878 0.05195
0.040079 3.0272 0.057067
0.040374 2.8519 0.053238
0.040671 2.9105 0.056308
0.040971 3.1758 0.05543
0.041273 2.429 0.048871
0.041577 3.2468 0.055633
0.041883 2.6205 0.050562
0.042192 3.3193 0.057202
0.042503 2.6828 0.048668
0.042816 3.0107 0.052535
0.043132 3.1655 0.052583
0.04345 2.5268 0.048146
0.04377 3.2367 0.053708
0.044092 2.5624 0.047018
0.044417 2.9723 0.050454
0.044744 2.7449 0.046827
0.045074 2.5444 0.046092
0.045406 2.916 0.048863
0.045741 2.454 0.044494
0.046078 2.7508 0.046951
0.046417 2.5692 0.0447
0.04676 2.161 0.041507
0.047104 2.6076 0.043992
0.047451 2.3478 0.041168
0.047801 2.1024 0.0393
0.048153 2.3115 0.041081
0.048508 2.0131 0.037319
0.048865 1.9746 0.037363
0.049225 2.1749 0.039096
0.049588 1.9034 0.035777
0.049954 1.8064 0.034906
0.050322 1.9296 0.036589
0.050693 1.6603 0.032442
0.051066 1.5782 0.032065
0.051442 1.7365 0.033211
0.051821 1.5199 0.030824
0.052203 1.4143 0.029672
0.052588 1.6034 0.0311
0.052975 1.444 0.029596
0.053366 1.3172 0.027894
0.053759 1.3222 0.027788
0.054155 1.2378 0.026744
0.054554 1.1563 0.025095
0.054956 1.1244 0.025092
0.055361 1.0969 0.02445
0.055769 1.0937 0.02467
0.05618 1.0157 0.023226
0.056594 0.93919 0.022209
0.057011 0.96661 0.022328
0.057431 0.97243 0.022572
0.057854 0.89746 0.021215
0.058281 0.79642 0.020116
0.05871 0.84279 0.020224
0.059143 0.78127 0.019462
0.059579 0.75655 0.019051
0.060018 0.76305 0.018839
0.06046 0.67163 0.017649
0.060905 0.64406 0.017135
0.061354 0.67514 0.017572
0.061806 0.63522 0.01681
0.062262 0.6196 0.016508
0.062721 0.5797 0.015732
0.063183 0.54275 0.015382
0.063648 0.55135 0.015236
0.064117 0.55867 0.015028
0.06459 0.54724 0.014919
0.065066 0.53158 0.014611
0.065545 0.52269 0.014505
0.066028 0.53495 0.0146
0.066515 0.4938 0.013629
0.067005 0.49629 0.013789
0.067499 0.51882 0.014153
0.067996 0.49477 0.013468
0.068497 0.4616 0.012828
0.069002 0.48581 0.013366
0.06951 0.45838 0.012673
0.070023 0.46273 0.012634
0.070539 0.45565 0.012637
0.071058 0.47036 0.012522
0.071582 0.45353 0.012217
0.072109 0.44123 0.012146
0.072641 0.44432 0.011986
0.073176 0.44921 0.012
0.073715 0.44734 0.011883
0.074258 0.44107 0.011603
0.074806 0.43355 0.011595
0.075357 0.41597 0.011226
0.075912 0.44733 0.011553
0.076472 0.42991 0.0111
0.077035 0.42856 0.011208
0.077603 0.42644 0.011036
0.078175 0.42006 0.010829
0.078751 0.4431 0.011074
0.079331 0.42425 0.01077
0.079916 0.43003 0.010779
0.080504 0.41895 0.010624
0.081098 0.41155 0.010213
0.081695 0.4254 0.010643
0.082297 0.41841 0.010136
0.082904 0.43004 0.010424
0.083515 0.41475 0.0099732
0.08413 0.42498 0.010188
0.08475 0.40964 0.009972
0.085374 0.42543 0.0099864
0.086004 0.4254 0.010048
0.086637 0.42867 0.0097849
0.087276 0.44627 0.0099097
0.087919 0.43463 0.0098922
0.088567 0.43846 0.0098065
0.089219 0.4452 0.0098263
0.089877 0.46057 0.0098467
0.090539 0.46181 0.0097836
0.091206 0.47098 0.0097988
0.091878 0.44433 0.0095502
0.092555 0.46538 0.0096896
0.093237 0.5017 0.0098498
0.093924 0.48215 0.0096062
0.094616 0.50085 0.0098534
0.095314 0.52956 0.0099319
0.096016 0.54082 0.0099735
0.096724 0.57976 0.010369
0.097436 0.66263 0.010964
0.098154 0.79061 0.011633
0.098878 1.017 0.01329
0.099606 1.2473 0.014656
0.10034 1.3544 0.014893
0.10108 1.341 0.014928
0.10182 1.1761 0.013831
0.10257 1.0539 0.012921
0.10333 0.96157 0.012432
0.10409 0.98292 0.012253
0.10486 1.1543 0.013368
0.10563 1.5962 0.015476
0.10641 2.2755 0.018375
0.10719 3.2125 0.02181
0.10798 4.0164 0.023765
0.10878 4.5027 0.025528
0.10958 4.459 0.0247
0.11039 3.8615 0.023242
0.1112 3.1047 0.02033
0.11202 2.349 0.017957
0.11285 1.7582 0.015079
0.11368 1.3005 0.013107
0.11452 1.0078 0.01125
0.11536 0.84052 0.010416
0.11621 0.78909 0.0099306
0.11707 0.76616 0.0097317
0.11793 0.74558 0.0095464
0.1188 0.77238 0.0095761
0.11967 0.81614 0.0099086
0.12056 0.90701 0.010204
0.12144 1.0652 0.010997
0.12234 1.3351 0.012385
0.12324 1.6443 0.013375
0.12415 2.3708 0.01604
0.12506 4.7366 0.022778
0.12598 11.448 0.03439
0.12691 20.88 0.046554
0.12785 24.772 0.050336
0.12879 19.396 0.044369
0.12974 10.381 0.031984
0.1307 4.3324 0.020562
0.13166 1.8854 0.013552
0.13263 1.0887 0.01024
0.13361 0.82189 0.008803
0.13459 0.70031 0.0080965
0.13558 0.62198 0.0075498
0.13658 0.58605 0.0073726
0.13759 0.55231 0.0070289
0.1386 0.54187 0.0069305
0.13962 0.55376 0.0069686
0.14065 0.64764 0.0074321
0.14169 0.94538 0.0089076
0.14273 1.5577 0.011365
0.14378 2.6133 0.014517
0.14484 4.1288 0.018149
0.14591 5.9562 0.021606
0.14699 7.193 0.023683
0.14807 6.7329 0.022668
0.14916 5.0705 0.019514
0.15026 3.6481 0.016413
0.15137 3.1125 0.015116
0.15248 2.899 0.014423
0.15361 2.7739 0.014059
0.15474 2.4837 0.013171
0.15588 2.0514 0.011926
0.15703 1.6384 0.01056
0.15818 1.2354 0.0091195
0.15935 0.96493 0.0080177
0.16052 0.78122 0.0071437
0.16171 0.64156 0.0064526
0.1629 0.56616 0.0060346
0.1641 0.49925 0.0056244
0.16531 0.4643 0.005402
0.16653 0.43236 0.0051603
0.16775 0.39702 0.0049179
0.16899 0.38953 0.0048364
0.17023 0.37137 0.0047037
0.17149 0.35424 0.0045562
0.17275 0.35919 0.0045423
0.17403 0.34635 0.0044439
0.17531 0.33184 0.0043278
0.1766 0.33212 0.0042716
0.1779 0.32522 0.0042189
0.17921 0.31089 0.0040817
0.18053 0.29699 0.0039818
0.18186 0.28687 0.0038736
0.1832 0.26685 0.0037204
0.18455 0.2626 0.0036663
0.18591 0.2479 0.0035371
0.18728 0.24042 0.0034536
0.18866 0.23782 0.0034313
0.19005 0.23636 0.0033644
0.19145 0.23475 0.0033612
0.19286 0.23431 0.0033132
0.19429 0.23548 0.0033019
0.19572 0.23316 0.0032702
