#
0.0050184 18.17 3.1865
0.0050554 24.839 4.1602
0.0050926 1047.5 26.952
0.0051301 20.969 3.4193
0.0051679 43.323 4.4816
0.005206 976.15 36.794
0.0052444 291.08 28.419
0.005283 NaN NaN
0.005322 22.095 4.529
0.0053612 10.249 2.6854
0.0054007 135.33 7.9123
0.0054405 30.116 2.8956
0.0054806 19.748 3.0311
0.005521 1914 29.745
0.0055616 12.057 2.6018
0.0056026 980.57 23.323
0.0056439 47.505 4.6912
0.0056855 12.818 3.4591
0.0057274 1134.2 39.661
0.0057696 8.9082 2.5
0.0058121 13.037 3.0223
0.0058549 14.99 2.1571
0.0058981 243.01 14.993
0.0059416 42.868 5.4595
0.0059853 22.848 3.0174
0.0060294 15.124 4.5993
0.0060739 684.28 12.083
0.0061186 63.671 6.6505
0.0061637 480.74 12.911
0.0062091 18.05 2.367
0.0062549 392.03 14.749
0.006301 5.4126 2.7735
0.0063474 13.053 2.1371
0.0063942 30.417 4.5992
0.0064413 320.19 21.076
0.0064888 26.228 6.0446
0.0065366 12.042 1.6107
0.0065847 207.41 6.9259
0.0066333 387.64 9.8879
0.0066821 401.24 12.61
0.0067314 13.192 2.7174
0.006781 292.77 12.746
0.006831 13.738 3.1008
0.0068813 20.658 2.6854
0.006932 82.678 5.7279
0.0069831 14.702 3.698
0.0070345 15.336 2.4743
0.0070864 10.102 1.3315
0.0071386 175.38 6.6517
0.0071912 998.34 30.381
0.0072442 294.22 10.101
0.0072976 7.8939 1.5714
0.0073513 107.12 4.9785
0.0074055 9.2129 1.8014
0.0074601 94.721 7.2535
0.0075151 5.4126 2.7736
0.0075704 7.6038 1.5408
0.0076262 21.264 2.0588
0.0076824 128.97 5.7051
0.007739 260.59 8.9632
0.0077961 106.25 4.1658
0.0078535 134.16 7.2949
0.0079114 9.2609 1.8014
0.0079697 137.63 11.285
0.0080284 4.8695 1.6641
0.0080876 8.8541 1.3826
0.0081471 17.5 1.6955
0.0082072 7.6897 1.4038
0.0082677 203.34 6.3486
0.0083286 132.25 5.7771
0.00839 146.86 8.2429
0.0084518 6.6623 1.4454
0.0085141 31.026 2.5778
0.0085768 7.0057 1.1887
0.00864 6.5565 1.9215
0.0087037 18.525 2.1689
0.0087678 43.275 2.6608
0.0088324 138.57 4.6224
0.0088975 5.7245 1.271
0.0089631 52.188 3.2188
0.0090291 34.825 3.1132
0.0090956 5.1823 1.1555
0.0091627 38.718 7.3379
0.0092302 5.8511 0.9347
0.0092982 31.432 1.9094
0.0093667 132.49 4.7944
0.0094357 4.7193 1.8345
0.0095053 36.353 2.308
0.0095753 37.474 3.4038
0.0096459 4.8778 0.96079
0.0097169 8.43 1.4059
0.0097885 5.2874 0.84569
0.0098607 86.026 3.8644
0.0099333 89.869 5.2659
0.010007 24.512 1.653
0.01008 21.016 1.9146
0.010155 5.1439 1.209
0.010229 9.8135 1.5156
0.010305 5.2405 0.96516
0.010381 9.3405 1.2425
0.010457 60.227 2.5378
0.010534 22.435 1.6867
0.010612 30.375 3.2522
0.01069 4.0295 0.84924
0.010769 8.3742 1.2541
0.010848 4.2382 0.75872
0.010928 4.7628 0.80338
0.011009 49.807 2.3534
0.01109 33.581 2.6817
0.011171 12.822 1.3074
0.011254 4.187 0.81536
0.011337 7.2196 1.2051
0.01142 6.0687 0.88249
0.011504 26.076 1.5831
0.011589 39.186 2.1772
0.011675 3.9615 0.77245
0.011761 12.497 1.3953
0.011847 10.461 1.634
0.011935 3.8306 0.6265
0.012023 8.791 0.87963
0.012111 38.013 2.2996
0.0122 14.928 1.4101
0.01229 14.131 1.3401
0.012381 4.5034 0.7309
0.012472 4.4085 0.75644
0.012564 8.6158 0.96598
0.012657 20.828 1.4672
0.01275 17.191 1.2867
0.012844 3.4246 0.73899
0.012938 4.5619 0.70761
0.013034 6.0273 0.86118
0.01313 7.8865 0.71037
0.013227 21.04 1.4743
0.013324 9.335 1.2425
0.013422 4.2272 0.65707
0.013521 4.1728 0.77214
0.013621 3.34 0.49032
0.013721 14.288 1.1352
0.013822 14.294 1.2649
0.013924 3.7338 0.54479
0.014027 3.8598 0.83136
0.01413 2.7304 0.46866
0.014234 6.7439 0.70765
0.014339 11.639 0.93925
0.014445 7.1696 0.86557
0.014551 5.586 0.96522
0.014658 2.4831 0.38392
0.014766 6.8951 0.73495
0.014875 11.323 1.0122
0.014985 5.7768 0.72686
0.015095 5.1139 0.63532
0.015206 2.9822 0.50288
0.015319 5.7697 0.63098
0.015431 10.59 0.81301
0.015545 7.7106 0.79927
0.01566 2.6364 0.5338
0.015775 2.1798 0.39448
0.015891 6.1287 0.5832
0.016008 9.5025 0.91316
0.016126 2.793 0.46164
0.016245 3.0581 0.50946
0.016365 3.2734 0.42193
0.016486 9.2063 0.79468
0.016607 3.8407 0.46467
0.016729 2.1892 0.46229
0.016853 2.8212 0.42209
0.016977 4.3403 0.49247
0.017102 6.7559 0.64378
0.017228 4.4155 0.61763
0.017355 2.7427 0.37043
0.017483 3.9198 0.48346
0.017612 7.3428 0.67798
0.017741 2.4269 0.37973
0.017872 2.7122 0.40887
0.018004 1.785 0.33009
0.018136 7.0247 0.55668
0.01827 3.6533 0.48829
0.018405 3.1555 0.48965
0.01854 2.308 0.3022
0.018677 6.9351 0.63823
0.018815 2.5926 0.38093
0.018953 2.0274 0.33289
0.019093 2.0503 0.31694
0.019234 4.7284 0.45865
0.019375 2.6564 0.38465
0.019518 2.3256 0.36484
0.019662 2.4278 0.30721
0.019807 4.4782 0.46539
0.019953 3.9507 0.47099
0.0201 2.2818 0.31332
0.020248 2.7258 0.33379
0.020397 5.0116 0.47974
0.020547 2.6516 0.36739
0.020699 2.8525 0.34851
0.020851 3.495 0.35633
0.021005 2.605 0.35804
0.02116 1.7504 0.27666
0.021316 2.5872 0.30255
0.021473 3.7789 0.41115
0.021631 2.6548 0.32918
0.02179 2.2331 0.29919
0.021951 2.7219 0.30437
0.022113 3.1755 0.36711
0.022276 1.9014 0.28299
0.02244 2.4708 0.27279
0.022605 3.5009 0.40264
0.022772 2.5501 0.30066
0.02294 2.8353 0.29846
0.023109 3.2486 0.33585
0.023279 2.7403 0.3493
0.02345 2.6253 0.28018
0.023623 3.4714 0.32592
0.023797 2.5332 0.32435
0.023973 2.5123 0.26659
0.024149 3.74 0.34704
0.024327 2.6176 0.28917
0.024507 2.4926 0.28267
0.024687 3.8189 0.3196
0.024869 3.2698 0.33279
0.025052 3.0142 0.28515
0.025237 3.2308 0.31969
0.025423 3.5176 0.32433
0.02561 2.5638 0.26084
0.025799 3.3923 0.30061
0.025989 2.518 0.29207
0.026181 2.4402 0.24447
0.026373 3.9457 0.32188
0.026568 2.463 0.26037
0.026764 2.9394 0.26927
0.026961 3.2558 0.2919
0.027159 3.0135 0.28666
0.02736 2.88 0.25232
0.027561 3.8149 0.32746
0.027764 2.7518 0.24311
0.027969 3.5413 0.29737
0.028175 2.9161 0.26087
0.028383 3.3109 0.28076
0.028592 3.5914 0.28618
0.028802 2.7304 0.24798
0.029015 3.8648 0.28029
0.029228 3.6943 0.29469
0.029444 2.9982 0.24613
0.029661 3.6208 0.27238
0.029879 3.4518 0.27836
0.0301 3.9266 0.2719
0.030321 4.0812 0.30924
0.030545 4.0868 0.26855
0.03077 4.5328 0.29965
0.030997 3.9335 0.28568
0.031225 4.2512 0.26711
0.031455 4.0442 0.28849
0.031687 4.1926 0.26618
0.03192 4.6103 0.29587
0.032156 4.1276 0.27136
0.032393 5.0363 0.29005
0.032631 4.7791 0.29324
0.032872 5.3271 0.29481
0.033114 6.2626 0.3248
0.033358 6.3593 0.3262
0.033604 7.6221 0.3465
0.033851 7.9882 0.34692
0.034101 10.545 0.43553
0.034352 9.6964 0.36279
0.034605 11.935 0.43968
0.03486 13.516 0.44387
0.035117 14.384 0.45308
0.035376 14.93 0.46396
0.035637 15.817 0.48364
0.035899 15.98 0.46566
0.036164 14.677 0.4443
0.03643 14.004 0.45421
0.036699 12.232 0.38685
0.036969 10.163 0.37218
0.037241 10.542 0.37268
0.037516 9.2012 0.35097
0.037792 8.5647 0.3231
0.038071 7.1949 0.29907
0.038351 7.3945 0.31152
0.038634 6.3341 0.26929
0.038919 7.1715 0.2953
0.039205 6.2397 0.2713
0.039494 7.002 0.29505
0.039785 5.9277 0.24984
0.040079 6.5556 0.27677
0.040374 6.5566 0.26595
0.040671 6.6666 0.28072
0.040971 6.8296 0.26771
0.041273 6.3552 0.26043
0.041577 7.0814 0.27056
0.041883 6.9297 0.27072
0.042192 6.8937 0.27157
0.042503 6.4862 0.24932
0.042816 6.6038 0.25639
0.043132 7.1812 0.26081
0.04345 6.3891 0.25226
0.04377 6.7966 0.25632
0.044092 6.5674 0.24801
0.044417 6.463 0.24519
0.044744 5.5692 0.22009
0.045074 6.2244 0.23758
0.045406 6.408 0.23874
0.045741 6.479 0.23816
0.046078 6.4976 0.23777
0.046417 6.5646 0.23538
0.04676 6.6409 0.23949
0.047104 6.4981 0.22879
0.047451 6.1949 0.22032
0.047801 6.1804 0.22199
0.048153 6.4335 0.22575
0.048508 6.3603 0.21841
0.048865 6.6499 0.22566
0.049225 7.4795 0.23846
0.049588 7.4834 0.23322
0.049954 8.0747 0.24245
0.050322 7.6622 0.23964
0.050693 8.0301 0.23432
0.051066 7.3139 0.22682
0.051442 7.653 0.2291
0.051821 6.2761 0.20606
0.052203 6.0068 0.20122
0.052588 5.1632 0.18403
0.052975 4.8251 0.1785
0.053366 4.6898 0.17366
0.053759 4.4638 0.16857
0.054155 4.1705 0.16215
0.054554 4.4203 0.16191
0.054956 4.1372 0.15896
0.055361 4.3624 0.16088
0.055769 4.0765 0.15728
0.05618 3.8001 0.14848
0.056594 3.7374 0.14639
0.057011 3.8261 0.14676
0.057431 3.7455 0.14641
0.057854 3.8287 0.14471
0.058281 3.8325 0.1456
0.05871 4.0037 0.14542
0.059143 4.4482 0.15286
0.059579 5.0502 0.16172
0.060018 5.6572 0.16831
0.06046 6.6184 0.18133
0.060905 7.1239 0.18633
0.061354 8.2794 0.20103
0.061806 8.2191 0.19745
0.062262 7.8646 0.19207
0.062721 7.2344 0.1815
0.063183 5.8465 0.1651
0.063648 5.1212 0.1521
0.064117 4.4212 0.13876
0.06459 3.8078 0.12942
0.065066 3.5294 0.12393
0.065545 3.3469 0.12094
0.066028 3.5191 0.12328
0.066515 3.3562 0.11698
0.067005 3.2627 0.11646
0.067499 3.199 0.11587
0.067996 3.1921 0.11272
0.068497 2.9105 0.10625
0.069002 3.0789 0.11092
0.06951 2.9619 0.10621
0.070023 2.8227 0.103
0.070539 2.7535 0.10256
0.071058 2.6951 0.099029
0.071582 2.6225 0.097076
0.072109 2.7047 0.099277
0.072641 2.632 0.096376
0.073176 2.525 0.09409
0.073715 2.5729 0.094206
0.074258 2.3662 0.088993
0.074806 2.4602 0.091374
0.075357 2.4944 0.090851
0.075912 2.3552 0.08783
0.076472 2.3494 0.085905
0.077035 2.5174 0.08979
0.077603 2.4407 0.087329
0.078175 2.6074 0.089094
0.078751 2.5271 0.087453
0.079331 2.5712 0.087593
0.079916 2.6128 0.087752
0.080504 2.3628 0.08348
0.081098 2.5608 0.08413
0.081695 2.5458 0.086038
0.082297 2.3903 0.080165
0.082904 2.4619 0.082473
0.083515 2.4597 0.080295
0.08413 2.1852 0.076615
0.08475 2.5685 0.082454
0.085374 2.449 0.07925
0.086004 2.4329 0.079467
0.086637 2.5055 0.078207
0.087276 2.657 0.079857
0.087919 2.5446 0.079113
0.088567 2.5936 0.078804
0.089219 2.4187 0.075807
0.089877 2.452 0.075204
0.090539 2.4779 0.075006
0.091206 2.4285 0.073671
0.091878 2.4248 0.073822
0.092555 2.5666 0.07526
0.093237 2.6939 0.075457
0.093924 2.7476 0.075758
0.094616 2.6242 0.074611
0.095314 2.7015 0.074205
0.096016 2.6758 0.073431
0.096724 2.521 0.071714
0.097436 2.6216 0.07235
0.098154 2.3744 0.067125
0.098878 2.4381 0.068572
0.099606 2.6744 0.071463
0.10034 2.428 0.06654
0.10108 2.378 0.066376
0.10182 2.4164 0.06614
0.10257 2.351 0.064387
0.10333 2.3003 0.064162
0.10409 2.3097 0.062678
0.10486 2.2523 0.062404
0.10563 2.3988 0.063373
0.10641 2.3115 0.061978
0.10719 2.2917 0.061702
0.10798 2.3669 0.061098
0.10878 2.2708 0.060779
0.10958 2.2583 0.05894
0.11039 2.0803 0.057304
0.1112 2.2351 0.057827
0.11202 2.0999 0.05696
0.11285 2.0737 0.054919
0.11368 2.0353 0.054946
0.11452 2.0249 0.05338
0.11536 2.0882 0.054861
0.11621 2.075 0.053797
0.11707 2.0629 0.053336
0.11793 1.9562 0.051718
0.1188 1.9731 0.051207
0.11967 1.8926 0.050551
0.12056 1.9745 0.050416
0.12144 1.9681 0.050103
0.12234 1.8474 0.048977
0.12324 1.8405 0.047615
0.12415 1.85 0.047722
0.12506 1.862 0.048144
0.12598 1.7627 0.0456
0.12691 1.9052 0.047409
0.12785 1.8114 0.045984
0.12879 1.8002 0.045678
0.12974 1.7693 0.044603
0.1307 1.7266 0.043856
0.13166 1.7844 0.044432
0.13263 1.6959 0.043041
0.13361 1.6615 0.042099
0.13459 1.6659 0.041953
0.13558 1.6024 0.040722
0.13658 1.716 0.042278
0.13759 1.6551 0.040791
0.1386 1.6153 0.040151
0.13962 1.6105 0.039888
0.14065 1.6433 0.03976
0.14169 1.555 0.038561
0.14273 1.5911 0.038814
0.14378 1.5572 0.037953
0.14484 1.4592 0.036669
0.14591 1.4864 0.036668
0.14699 1.4904 0.036626
0.14807 1.4947 0.036276
0.14916 1.4005 0.034916
0.15026 1.4346 0.034975
0.15137 1.4013 0.034493
0.15248 1.4317 0.034428
0.15361 1.3498 0.033382
0.15474 1.3185 0.032713
0.15588 1.3334 0.032729
0.15703 1.2462 0.031416
0.15818 1.289 0.031696
0.15935 1.2535 0.031097
0.16052 1.2953 0.031213
0.16171 1.256 0.030643
0.1629 1.2035 0.029871
0.1641 1.2389 0.030011
0.16531 1.1712 0.029106
0.16653 1.204 0.029148
0.16775 1.1995 0.028917
0.16899 1.1681 0.02836
0.17023 1.1118 0.027601
0.17149 1.0885 0.027093
0.17275 1.0469 0.026357
0.17403 1.0885 0.026716
0.17531 1.0587 0.026234
0.1766 1.0566 0.025858
0.1779 0.97406 0.024877
0.17921 0.99218 0.024797
0.18053 0.95589 0.024329
0.18186 0.97988 0.02433
0.1832 0.93574 0.023706
0.18455 0.92795 0.023458
0.18591 0.89559 0.022905
0.18728 0.93002 0.023067
0.18866 0.85927 0.022246
0.19005 0.85113 0.02179
0.19145 0.83693 0.021681
0.19286 0.77302 0.02067
0.19429 0.7715 0.02053
0.19572 0.74372 0.020123
