#
0.0050184 12.407 1.6082
0.0050554 149.18 6.2232
0.0050926 398.06 10.165
0.0051301 7.641 1.2629
0.0051679 13.62 1.5378
0.005206 832 20.781
0.0052444 2117.7 46.887
0.005283 NaN NaN
0.005322 9.6542 1.831
0.0053612 7.9888 1.445
0.0054007 13.627 1.5378
0.0054405 241.32 5.0055
0.0054806 125.39 4.6586
0.005521 100.13 4.1632
0.0055616 13.233 1.661
0.0056026 192.84 6.3282
0.0056439 266.23 6.7875
0.0056855 9.2962 1.7981
0.0057274 750.49 19.738
0.0057696 8.5248 1.4909
0.0058121 17.337 2.1243
0.0058549 32.486 1.937
0.0058981 9.6423 1.8311
0.0059416 554.3 11.994
0.0059853 7.3658 1.0487
0.0060294 11.89 2.4893
0.0060739 25.509 1.4285
0.0061186 11.375 1.7215
0.0061637 204.86 5.1563
0.0062091 13.446 1.2476
0.0062549 197.6 6.406
0.006301 10.331 2.3213
0.0063474 6.8321 0.9447
0.0063942 189.94 7.0216
0.0064413 449.96 15.283
0.0064888 5.6647 1.7215
0.0065366 6.7431 0.73623
0.0065847 14.484 1.1213
0.0066333 90.924 2.9301
0.0066821 67.879 3.1738
0.0067314 7.2215 1.2283
0.006781 76.365 3.9829
0.006831 4.623 1.1011
0.0068813 77.934 3.1812
0.006932 76.623 3.372
0.0069831 13.462 2.161
0.0070345 18.939 1.6778
0.0070864 6.052 0.62906
0.0071386 78.196 2.7172
0.0071912 18.305 2.5192
0.0072442 13.712 1.336
0.0072976 5.6076 0.80742
0.0073513 57.656 2.2342
0.0074055 5.1353 0.82071
0.0074601 81.546 4.1159
0.0075151 9.8117 2.2625
0.0075704 3.8842 0.67258
0.0076262 47.852 1.8846
0.0076824 6.3704 0.77823
0.007739 6.6477 0.87845
0.0077961 9.605 0.76758
0.0078535 67.42 3.1634
0.0079114 18.13 1.5354
0.0079697 62.243 4.6425
0.0080284 5.1446 1.0381
0.0080876 24.555 1.4014
0.0081471 17.176 1.0255
0.0082072 8.3519 0.89032
0.0082677 5.3694 0.63355
0.0083286 5.617 0.73102
0.00839 74.522 3.5919
0.0084518 3.3011 0.62117
0.0085141 11.134 0.94485
0.0085768 18.861 1.1841
0.00864 19.064 1.9914
0.0087037 17.787 1.2974
0.0087678 3.13 0.44036
0.0088324 12.189 0.83973
0.0088975 19.064 1.4082
0.0089631 5.5195 0.64217
0.0090291 11.478 1.0937
0.0090956 24.778 1.5305
0.0091627 4.1111 1.4681
0.0092302 8.2001 0.6714
0.0092982 8.3914 0.60402
0.0093667 11.571 0.86806
0.0094357 9.0332 1.5354
0.0095053 3.5537 0.44389
0.0095753 26.599 1.7531
0.0096459 3.0023 0.45908
0.0097169 9.557 0.91143
0.0097885 8.4055 0.64643
0.0098607 9.8154 0.79992
0.0099333 3.6484 0.6525
0.010007 3.1537 0.36438
0.01008 16.495 1.0361
0.010155 2.5483 0.51907
0.010229 5.1439 0.67011
0.010305 11.694 0.8729
0.010381 6.6105 0.63755
0.010457 2.7789 0.33644
0.010534 6.3213 0.54827
0.010612 16.3 1.4566
0.01069 3.0005 0.44482
0.010769 12.27 0.92335
0.010848 2.8716 0.37972
0.010928 4.9959 0.49926
0.011009 5.3137 0.47163
0.01109 7.0596 0.75335
0.011171 2.0309 0.32038
0.011254 5.3736 0.55917
0.011337 6.9289 0.71892
0.01142 3.1209 0.38625
0.011504 4.2835 0.39377
0.011589 5.5501 0.50261
0.011675 2.0292 0.33682
0.011761 4.5045 0.51262
0.011847 9.4835 0.94845
0.011935 2.9168 0.33162
0.012023 4.5557 0.38659
0.012111 4.3145 0.47573
0.0122 1.8305 0.30474
0.01229 6.3745 0.5503
0.012381 1.8586 0.28693
0.012472 5.661 0.51906
0.012564 1.9472 0.28234
0.012657 2.6823 0.32398
0.01275 3.1056 0.33581
0.012844 2.4929 0.38257
0.012938 2.8255 0.33881
0.013034 4.0163 0.4282
0.01313 2.1497 0.22754
0.013227 4.0688 0.39772
0.013324 2.9445 0.42747
0.013422 2.8057 0.32535
0.013521 2.6519 0.37431
0.013621 1.8471 0.22175
0.013721 2.9367 0.31593
0.013822 2.2359 0.30797
0.013924 2.032 0.2447
0.014027 3.2614 0.46336
0.01413 1.4545 0.20795
0.014234 2.7155 0.27456
0.014339 1.9157 0.23475
0.014445 3.2603 0.35657
0.014551 1.4802 0.30534
0.014658 2.1794 0.2171
0.014766 2.4367 0.26743
0.014875 1.3582 0.21704
0.014985 2.3967 0.28613
0.015095 1.9718 0.24127
0.015206 2.7345 0.29127
0.015319 1.476 0.19614
0.015431 2.0261 0.21886
0.015545 1.7258 0.23254
0.01566 2.1787 0.29283
0.015775 1.854 0.21929
0.015891 1.8258 0.19525
0.016008 2.2916 0.27528
0.016126 2.0836 0.24128
0.016245 1.5721 0.22229
0.016365 1.852 0.19292
0.016486 1.6989 0.21033
0.016607 1.8447 0.19631
0.016729 1.9267 0.26127
0.016853 1.5073 0.18747
0.016977 1.5432 0.17978
0.017102 1.6035 0.19283
0.017228 1.6527 0.23118
0.017355 1.6709 0.17538
0.017483 1.7916 0.19941
0.017612 1.6872 0.1998
0.017741 1.6287 0.18832
0.017872 1.8103 0.20245
0.018004 1.6427 0.18951
0.018136 1.8183 0.17396
0.01827 1.391 0.18428
0.018405 1.7548 0.22195
0.01854 1.5653 0.15045
0.018677 2.0335 0.21191
0.018815 1.5294 0.17745
0.018953 1.2779 0.1597
0.019093 1.8229 0.17982
0.019234 1.3643 0.15131
0.019375 1.7929 0.1915
0.019518 1.4404 0.17393
0.019662 1.407 0.14184
0.019807 1.9049 0.18539
0.019953 1.6823 0.18768
0.0201 1.5563 0.15644
0.020248 1.6198 0.15612
0.020397 1.5242 0.16235
0.020547 1.5935 0.17279
0.020699 1.4341 0.15037
0.020851 1.6236 0.1481
0.021005 1.7844 0.17945
0.02116 0.91473 0.12119
0.021316 1.9179 0.15762
0.021473 1.6091 0.16383
0.021631 1.564 0.15336
0.02179 1.7033 0.15773
0.021951 1.5318 0.13872
0.022113 1.4481 0.15114
0.022276 1.3791 0.14532
0.02244 1.7489 0.13873
0.022605 1.5615 0.16407
0.022772 1.0558 0.1181
0.02294 1.6368 0.13775
0.023109 1.391 0.13414
0.023279 1.6965 0.16675
0.02345 1.5499 0.13065
0.023623 1.7522 0.14101
0.023797 1.9567 0.17232
0.023973 1.525 0.12589
0.024149 1.9598 0.15299
0.024327 1.4589 0.13108
0.024507 1.5947 0.13691
0.024687 1.8951 0.13722
0.024869 1.6269 0.14296
0.025052 1.6425 0.12799
0.025237 2.1219 0.15726
0.025423 1.4572 0.1275
0.02561 1.7807 0.13146
0.025799 1.8946 0.13663
0.025989 1.8237 0.1503
0.026181 1.9428 0.13174
0.026373 1.8293 0.13369
0.026568 1.5487 0.12505
0.026764 2.0408 0.13603
0.026961 1.7377 0.12975
0.027159 1.7058 0.13104
0.02736 2.235 0.1345
0.027561 1.9776 0.14359
0.027764 1.7759 0.11839
0.027969 2.6164 0.15506
0.028175 1.711 0.12133
0.028383 2.5091 0.14812
0.028592 2.1023 0.13312
0.028802 1.8429 0.12338
0.029015 2.5658 0.13873
0.029228 2.2678 0.14035
0.029444 2.3129 0.13089
0.029661 2.2155 0.12951
0.029879 1.9652 0.12773
0.0301 2.7538 0.1383
0.030321 2.6168 0.15056
0.030545 2.2731 0.12194
0.03077 2.7637 0.14238
0.030997 2.4052 0.13584
0.031225 2.7638 0.13098
0.031455 2.3204 0.13299
0.031687 2.9085 0.13473
0.03192 2.4524 0.13151
0.032156 2.4793 0.12798
0.032393 3.1492 0.13967
0.032631 2.2553 0.12293
0.032872 2.883 0.13222
0.033114 2.3379 0.12142
0.033358 3.5659 0.14897
0.033604 2.5629 0.12304
0.033851 3.1843 0.13394
0.034101 3.1949 0.14687
0.034352 2.9222 0.12204
0.034605 3.2371 0.14036
0.03486 2.9555 0.12739
0.035117 3.6414 0.13975
0.035376 2.9767 0.12721
0.035637 3.7779 0.14492
0.035899 2.8313 0.12043
0.036164 3.9564 0.14136
0.03643 3.0396 0.12989
0.036699 3.5041 0.12687
0.036969 2.5189 0.11371
0.037241 4.3116 0.14574
0.037516 2.8458 0.11958
0.037792 4.3968 0.14135
0.038071 3.1459 0.12084
0.038351 4.0088 0.13996
0.038634 3.1611 0.11611
0.038919 4.0537 0.13545
0.039205 3.2916 0.1202
0.039494 4.1668 0.13881
0.039785 3.5194 0.11733
0.040079 3.5778 0.12472
0.040374 3.6787 0.1215
0.040671 3.6205 0.12621
0.040971 4.2585 0.12888
0.041273 3.1428 0.11178
0.041577 4.1452 0.12625
0.041883 3.286 0.11384
0.042192 4.2282 0.12967
0.042503 3.3781 0.10979
0.042816 3.7697 0.11813
0.043132 3.8795 0.11697
0.04345 3.1775 0.10858
0.04377 4.1227 0.12173
0.044092 3.3418 0.10796
0.044417 3.857 0.11547
0.044744 3.6738 0.10885
0.045074 3.1717 0.10349
0.045406 3.8874 0.11334
0.045741 3.0519 0.099808
0.046078 3.5758 0.10759
0.046417 3.5822 0.10606
0.04676 2.9239 0.097094
0.047104 3.4232 0.10132
0.047451 2.9774 0.093246
0.047801 2.8427 0.091937
0.048153 3.4144 0.10033
0.048508 2.7607 0.08792
0.048865 2.7958 0.089429
0.049225 3.0767 0.093498
0.049588 2.694 0.085638
0.049954 2.7031 0.085901
0.050322 2.8321 0.089145
0.050693 2.605 0.081745
0.051066 2.3803 0.079265
0.051442 2.9024 0.086307
0.051821 2.4361 0.078517
0.052203 2.5005 0.079346
0.052588 2.5225 0.078481
0.052975 2.5095 0.078477
0.053366 2.5102 0.077423
0.053759 2.6906 0.079655
0.054155 3.3008 0.087587
0.054554 3.5651 0.088301
0.054956 3.9426 0.094084
0.055361 4.9941 0.10432
0.055769 6.2747 0.11805
0.05618 7.6822 0.12746
0.056594 9.189 0.13849
0.057011 10.947 0.14976
0.057431 12.105 0.15871
0.057854 12.891 0.16013
0.058281 12.971 0.16155
0.05871 12.601 0.15567
0.059143 11.51 0.14866
0.059579 10.289 0.13982
0.060018 8.9811 0.12869
0.06046 7.4486 0.11696
0.060905 5.9917 0.10406
0.061354 4.9005 0.094363
0.061806 3.8876 0.082946
0.062262 3.3411 0.076518
0.062721 2.5956 0.066538
0.063183 2.3148 0.063521
0.063648 1.9796 0.057834
0.064117 1.7722 0.053698
0.06459 1.6326 0.051743
0.065066 1.6373 0.051472
0.065545 1.7381 0.053046
0.066028 1.653 0.051514
0.066515 1.6858 0.050489
0.067005 1.6184 0.049953
0.067499 1.5179 0.048635
0.067996 1.5463 0.047793
0.068497 1.5168 0.046655
0.069002 1.5811 0.048377
0.06951 1.5205 0.046303
0.070023 1.5698 0.046665
0.070539 1.6587 0.048303
0.071058 1.5509 0.045611
0.071582 1.6641 0.046878
0.072109 1.7117 0.047889
0.072641 1.7284 0.047321
0.073176 1.6421 0.045962
0.073715 1.6444 0.045637
0.074258 1.7802 0.046637
0.074806 1.7733 0.046908
0.075357 1.931 0.048306
0.075912 1.8294 0.046737
0.076472 2.0198 0.048051
0.077035 2.0895 0.0494
0.077603 2.2751 0.050835
0.078175 2.7074 0.054729
0.078751 2.9984 0.057338
0.079331 3.4638 0.061153
0.079916 4.0203 0.065451
0.080504 4.5635 0.069572
0.081098 5.1252 0.071454
0.081695 5.5115 0.075944
0.082297 5.3672 0.071959
0.082904 5.2716 0.072388
0.083515 5.1224 0.069485
0.08413 4.5036 0.065814
0.08475 4.0834 0.062477
0.085374 3.6739 0.058301
0.086004 3.1104 0.05405
0.086637 2.6358 0.048326
0.087276 2.3091 0.044978
0.087919 2.1599 0.044013
0.088567 1.8958 0.040763
0.089219 1.9179 0.040773
0.089877 1.774 0.038687
0.090539 1.789 0.038546
0.091206 1.8474 0.038841
0.091878 1.8912 0.039395
0.092555 1.8514 0.038674
0.093237 1.8731 0.038112
0.093924 2.0875 0.039961
0.094616 2.2602 0.041831
0.095314 2.4904 0.043028
0.096016 2.8877 0.045993
0.096724 3.4067 0.050138
0.097436 3.8833 0.052968
0.098154 4.7563 0.056956
0.098878 5.5142 0.06183
0.099606 6.0138 0.064341
0.10034 6.2126 0.063788
0.10108 6.2635 0.064515
0.10182 6.0534 0.06272
0.10257 5.6042 0.059541
0.10333 5.1757 0.057625
0.10409 4.4987 0.052414
0.10486 3.899 0.049207
0.10563 3.2708 0.044477
0.10641 2.7219 0.040443
0.10719 2.2857 0.037107
0.10798 1.9588 0.033546
0.10878 1.7562 0.03227
0.10958 1.6403 0.030349
0.11039 1.5571 0.029913
0.1112 1.4983 0.028634
0.11202 1.4002 0.028117
0.11285 1.4039 0.027304
0.11368 1.3968 0.027495
0.11452 1.3522 0.026358
0.11536 1.3125 0.026314
0.11621 1.2739 0.02551
0.11707 1.2443 0.025076
0.11793 1.2384 0.024875
0.1188 1.1653 0.023817
0.11967 1.2086 0.024406
0.12056 1.1789 0.023574
0.12144 1.1788 0.023464
0.12234 1.196 0.023794
0.12324 1.2041 0.023249
0.12415 1.1569 0.022801
0.12506 1.18 0.023153
0.12598 1.1651 0.022363
0.12691 1.2211 0.022932
0.12785 1.2273 0.022827
0.12879 1.2026 0.022518
0.12974 1.2089 0.02223
0.1307 1.2437 0.022411
0.13166 1.2122 0.022081
0.13263 1.1863 0.021681
0.13361 1.2349 0.021831
0.13459 1.2473 0.021832
0.13558 1.2241 0.021385
0.13658 1.2358 0.021602
0.13759 1.23 0.021153
0.1386 1.2676 0.021363
0.13962 1.2776 0.021334
0.14065 1.3331 0.021506
0.14169 1.361 0.02161
0.14273 1.3857 0.021715
0.14378 1.3712 0.021336
0.14484 1.3993 0.021451
0.14591 1.36 0.020978
0.14699 1.3913 0.02116
0.14807 1.3626 0.020721
0.14916 1.4207 0.020971
0.15026 1.4563 0.021033
0.15137 1.4268 0.020759
0.15248 1.47 0.020818
0.15361 1.5438 0.021243
0.15474 1.5355 0.020977
0.15588 1.4986 0.020641
0.15703 1.4971 0.020426
0.15818 1.4273 0.019828
0.15935 1.4414 0.019795
0.16052 1.3601 0.019031
0.16171 1.3373 0.018788
0.1629 1.3241 0.018592
0.1641 1.2786 0.018121
0.16531 1.2738 0.018
0.16653 1.2882 0.017899
0.16775 1.2535 0.017549
0.16899 1.2696 0.017526
0.17023 1.2039 0.017004
0.17149 1.1885 0.016748
0.17275 1.1934 0.016617
0.17403 1.2166 0.016702
0.17531 1.1664 0.016272
0.1766 1.1469 0.015924
0.1779 1.1167 0.015686
0.17921 1.0779 0.015248
0.18053 1.0358 0.014919
0.18186 1.0318 0.014731
0.1832 0.97492 0.014256
0.18455 0.93913 0.013907
0.18591 0.9189 0.01365
0.18728 0.90069 0.013396
0.18866 0.87397 0.013188
0.19005 0.86028 0.012872
0.19145 0.8619 0.012913
0.19286 0.80387 0.012326
0.19429 0.77987 0.01208
0.19572 0.75703 0.011855
