#
0.0050184 10.973 1.703
0.0050554 5.1976 1.3139
0.0050926 3.8803 1.1379
0.0051301 3.6271 0.98324
0.0051679 6.9468 1.2388
0.005206 -0.047693 NaN
0.0052444 1.2503 1.314
0.005283 NaN NaN
0.005322 1.27 0.75861
0.0053612 6.1694 1.4318
0.0054007 3.8894 0.92907
0.0054405 7.1723 0.97441
0.0054806 7.1658 1.258
0.005521 5.4139 1.0949
0.0055616 7.2887 1.3905
0.0056026 3.6253 0.98324
0.0056439 5.6435 1.1166
0.0056855 8.7001 1.9586
0.0057274 3.212 1.469
0.0057696 4.5486 1.229
0.0058121 2.8915 0.98544
0.0058549 4.3276 0.79962
0.0058981 3.0067 1.1588
0.0059416 5.5272 1.3543
0.0059853 6.8825 1.1417
0.0060294 6.5081 2.0775
0.0060739 4.29 0.66276
0.0061186 5.8568 1.3936
0.0061637 4.3849 0.8534
0.0062091 4.3175 0.79962
0.0062549 3.8762 1.0178
0.006301 1.2503 0.92913
0.0063474 3.72 0.78766
0.0063942 3.8985 1.1379
0.0064413 1.905 1.1379
0.0064888 8.4834 2.3687
0.0065366 3.6832 0.61479
0.0065847 2.6748 0.54747
0.0066333 4.2347 0.71668
0.0066821 2.3868 0.67678
0.0067314 4.41 1.0835
0.006781 1.2648 0.58762
0.006831 1.9095 0.80463
0.0068813 3.5456 0.77035
0.006932 2.7545 0.72697
0.0069831 3.4613 1.2388
0.0070345 3.5111 0.81817
0.0070864 4.1287 0.58645
0.0071386 3.2949 0.63205
0.0071912 3.4598 1.2388
0.0072442 3.7229 0.78766
0.0072976 2.5717 0.61939
0.0073513 2.6797 0.54747
0.0074055 2.2295 0.61454
0.0074601 1.7777 0.69528
0.0075151 1.2503 0.92913
0.0075704 4.4781 0.81283
0.0076262 4.0674 0.62254
0.0076824 1.7322 0.46263
0.007739 1.2604 0.43799
0.0077961 2.573 0.45067
0.0078535 2.3687 0.67679
0.0079114 1.5952 0.51938
0.0079697 3.4492 1.2388
0.0080284 2.3068 0.78836
0.0080876 1.971 0.45201
0.0081471 2.0301 0.40161
0.0082072 3.404 0.64324
0.0082677 1.5403 0.38697
0.0083286 1.8537 0.4778
0.00839 2.5664 0.7586
0.0084518 2.4263 0.60194
0.0085141 1.9637 0.45201
0.0085768 2.7558 0.51405
0.00864 1.7922 0.69527
0.0087037 4.2372 0.71668
0.0087678 1.8747 0.38646
0.0088324 1.7041 0.35761
0.0088975 2.8433 0.61628
0.0089631 2.1995 0.45978
0.0090291 1.9136 0.50889
0.0090956 1.3801 0.41379
0.0091627 0.60471 0.65703
0.0092302 2.1495 0.3912
0.0092982 2.1899 0.35055
0.0093667 2.1624 0.42671
0.0094357 1.2503 0.657
0.0095053 1.5243 0.33166
0.0095753 1.5483 0.48421
0.0096459 1.7852 0.40142
0.0097169 2.4607 0.52512
0.0097885 1.3787 0.30008
0.0098607 2.3224 0.44224
0.0099333 1.8438 0.52639
0.010007 2.3098 0.35257
0.01008 1.5799 0.36727
0.010155 1.5172 0.45517
0.010229 1.1453 0.36317
0.010305 1.8257 0.39385
0.010381 2.7246 0.46374
0.010457 1.4958 0.28138
0.010534 1.4908 0.30454
0.010612 1.5793 0.51939
0.01069 1.9089 0.40232
0.010769 1.5146 0.37165
0.010848 1.5698 0.31904
0.010928 1.8809 0.34837
0.011009 1.207 0.25749
0.01109 1.1527 0.35014
0.011171 1.632 0.32512
0.011254 1.8375 0.37222
0.011337 0.51086 0.22992
0.01142 1.3222 0.28644
0.011504 1.2533 0.244
0.011589 1.4833 0.29685
0.011675 1.531 0.33166
0.011761 1.0295 0.28273
0.011847 1.2528 0.39618
0.011935 0.97005 0.22012
0.012023 1.66 0.26611
0.012111 1.3876 0.30816
0.0122 1.5034 0.31285
0.01229 0.90126 0.23891
0.012381 0.92902 0.23229
0.012472 0.95375 0.24627
0.012564 1.3022 0.2626
0.012657 1.3023 0.25752
0.01275 1.2575 0.244
0.012844 0.96539 0.27314
0.012938 1.3526 0.26742
0.013034 1.313 0.27988
0.01313 1.1979 0.19354
0.013227 1.354 0.26207
0.013324 0.71249 0.24444
0.013422 0.97021 0.22012
0.013521 1.6483 0.335
0.013621 1.1881 0.2025
0.013721 1.1739 0.22826
0.013822 0.99043 0.23506
0.013924 0.85641 0.1825
0.014027 1.6643 0.37634
0.01413 1.2935 0.22202
0.014234 1.6043 0.23956
0.014339 1.0042 0.19452
0.014445 1.45 0.27096
0.014551 0.86867 0.26776
0.014658 1.1495 0.17989
0.014766 1.1131 0.20648
0.014875 1.0409 0.21614
0.014985 1.338 0.24349
0.015095 0.63427 0.15911
0.015206 1.2582 0.22535
0.015319 1.3553 0.21259
0.015431 0.95843 0.17275
0.015545 0.9477 0.19707
0.01566 1.0543 0.2334
0.015775 0.96854 0.1813
0.015891 1.3319 0.18933
0.016008 1.1759 0.22491
0.016126 0.76995 0.16941
0.016245 1.2942 0.22864
0.016365 1.2532 0.18049
0.016486 1.2529 0.20521
0.016607 1.0466 0.16895
0.016729 0.94949 0.21006
0.016853 1.2794 0.19584
0.016977 0.71651 0.14113
0.017102 0.74408 0.15116
0.017228 0.93716 0.1991
0.017355 1.1634 0.16648
0.017483 1.3095 0.19357
0.017612 1.1719 0.18924
0.017741 0.96203 0.16531
0.017872 1.0332 0.1746
0.018004 1.0065 0.16961
0.018136 0.98748 0.14663
0.01827 0.89456 0.16894
0.018405 1.322 0.2187
0.01854 1.0579 0.14094
0.018677 1.1503 0.18159
0.018815 0.97552 0.16181
0.018953 1.0821 0.16683
0.019093 1.4312 0.18059
0.019234 1.193 0.16036
0.019375 0.87943 0.15371
0.019518 1.2563 0.184
0.019662 1.08 0.14125
0.019807 1.5202 0.18766
0.019953 1.0729 0.17091
0.0201 1.0616 0.14717
0.020248 1.1618 0.15036
0.020397 1.0603 0.1543
0.020547 1.0948 0.16301
0.020699 0.9649 0.14068
0.020851 1.0403 0.13513
0.021005 1.2786 0.17251
0.02116 1.0225 0.14461
0.021316 1.3218 0.14861
0.021473 1.4617 0.17662
0.021631 1.2022 0.15262
0.02179 1.3279 0.15795
0.021951 1.274 0.14336
0.022113 1.427 0.16957
0.022276 1.2574 0.15706
0.02244 1.2924 0.13547
0.022605 1.3194 0.17087
0.022772 1.0158 0.13117
0.02294 1.1861 0.13322
0.023109 1.3332 0.14851
0.023279 1.1769 0.15789
0.02345 1.6094 0.15024
0.023623 1.6166 0.15313
0.023797 1.4253 0.16685
0.023973 1.2284 0.12821
0.024149 1.8161 0.16638
0.024327 1.2834 0.13925
0.024507 1.1808 0.13391
0.024687 1.539 0.14002
0.024869 1.4563 0.15304
0.025052 1.5508 0.14056
0.025237 1.6027 0.15485
0.025423 1.2558 0.13411
0.02561 1.5251 0.13777
0.025799 1.899 0.15438
0.025989 1.7276 0.16527
0.026181 1.3879 0.12639
0.026373 1.809 0.15009
0.026568 1.5387 0.1408
0.026764 1.7519 0.14251
0.026961 1.6977 0.14483
0.027159 1.7747 0.15081
0.02736 1.6553 0.13117
0.027561 2.1293 0.16797
0.027764 1.4301 0.1204
0.027969 2.009 0.15373
0.028175 1.7311 0.13776
0.028383 1.9594 0.14811
0.028592 2.3375 0.15816
0.028802 1.976 0.14406
0.029015 2.2596 0.14706
0.029228 2.1271 0.15346
0.029444 1.9349 0.13536
0.029661 2.3723 0.15105
0.029879 1.8816 0.14113
0.0301 2.5863 0.15122
0.030321 2.4612 0.16476
0.030545 2.1551 0.13402
0.03077 2.5489 0.15432
0.030997 2.1681 0.14566
0.031225 2.5009 0.14063
0.031455 2.1617 0.14492
0.031687 2.6782 0.14588
0.03192 2.5257 0.15046
0.032156 2.3824 0.14154
0.032393 2.4863 0.1402
0.032631 2.2224 0.13767
0.032872 2.9088 0.14971
0.033114 2.3411 0.13705
0.033358 2.9582 0.15316
0.033604 2.4804 0.13655
0.033851 2.8919 0.14401
0.034101 2.9317 0.15871
0.034352 2.5051 0.1276
0.034605 3.2388 0.15824
0.03486 3.1384 0.1479
0.035117 3.3819 0.15185
0.035376 2.7109 0.13699
0.035637 3.8429 0.16468
0.035899 2.5884 0.12995
0.036164 3.2069 0.14365
0.03643 2.9273 0.14375
0.036699 3.6374 0.14562
0.036969 2.9202 0.13785
0.037241 4.0072 0.15837
0.037516 2.6695 0.13066
0.037792 3.8867 0.14986
0.038071 3.3796 0.14109
0.038351 4.102 0.1595
0.038634 3.0645 0.1289
0.038919 3.8166 0.14814
0.039205 3.2024 0.13367
0.039494 4.2781 0.15843
0.039785 3.5751 0.13325
0.040079 3.9092 0.14682
0.040374 3.4572 0.1328
0.040671 3.774 0.14516
0.040971 4.0073 0.14091
0.041273 3.0702 0.12457
0.041577 4.096 0.14141
0.041883 3.2878 0.12834
0.042192 4.3659 0.14842
0.042503 3.2509 0.12143
0.042816 3.6513 0.13104
0.043132 3.7548 0.1297
0.04345 3.1609 0.12208
0.04377 4.0479 0.13591
0.044092 3.3027 0.12098
0.044417 3.6021 0.12581
0.044744 3.4485 0.1189
0.045074 3.2014 0.11718
0.045406 3.6266 0.12342
0.045741 3.106 0.11348
0.046078 3.4825 0.11968
0.046417 3.4433 0.11723
0.04676 2.8406 0.10791
0.047104 3.4041 0.11387
0.047451 3.0403 0.1062
0.047801 2.8612 0.10398
0.048153 3.1987 0.10951
0.048508 2.6332 0.096856
0.048865 2.5698 0.096753
0.049225 2.888 0.10218
0.049588 2.5426 0.093867
0.049954 2.5926 0.094903
0.050322 2.7036 0.098241
0.050693 2.5282 0.090841
0.051066 2.2818 0.087575
0.051442 2.7174 0.094209
0.051821 2.2501 0.085182
0.052203 2.4107 0.087895
0.052588 3.0105 0.096508
0.052975 3.7586 0.10789
0.053366 5.0163 0.12271
0.053759 7.2131 0.14606
0.054155 9.8697 0.16971
0.054554 13.608 0.19324
0.054956 16.001 0.21237
0.055361 16.54 0.21296
0.055769 15.766 0.21013
0.05618 12.748 0.18459
0.056594 9.5667 0.15906
0.057011 6.1452 0.12657
0.057431 4.1563 0.10516
0.057854 2.807 0.084799
0.058281 2.0084 0.072436
0.05871 1.8337 0.06777
0.059143 1.8943 0.068762
0.059579 1.5737 0.062523
0.060018 1.6142 0.062312
0.06046 1.4469 0.058984
0.060905 1.5975 0.061293
0.061354 1.51 0.059795
0.061806 1.3624 0.056112
0.062262 1.4229 0.056948
0.062721 1.3454 0.054589
0.063183 1.3754 0.055708
0.063648 1.3291 0.053849
0.064117 1.3661 0.053473
0.06459 1.2608 0.051597
0.065066 1.3872 0.053663
0.065545 1.3382 0.052811
0.066028 1.2936 0.051697
0.066515 1.32 0.050683
0.067005 1.3484 0.051669
0.067499 1.3242 0.051449
0.067996 1.3379 0.050349
0.068497 1.3242 0.04937
0.069002 1.3767 0.051109
0.06951 1.3772 0.049866
0.070023 1.3747 0.049445
0.070539 1.4239 0.050673
0.071058 1.5027 0.05073
0.071582 1.4213 0.049052
0.072109 1.4547 0.049983
0.072641 1.512 0.05008
0.073176 1.4749 0.049278
0.073715 1.5027 0.049338
0.074258 1.7074 0.051589
0.074806 1.7072 0.051988
0.075357 2.0033 0.055495
0.075912 2.5703 0.062248
0.076472 3.7902 0.073787
0.077035 5.3894 0.088762
0.077603 6.5992 0.096853
0.078175 7.2135 0.10005
0.078751 6.5717 0.095189
0.079331 5.1633 0.083913
0.079916 3.4764 0.06865
0.080504 2.4234 0.057423
0.081098 1.928 0.049817
0.081695 1.6198 0.046954
0.082297 1.6614 0.045636
0.082904 1.5305 0.044506
0.083515 1.5708 0.043891
0.08413 1.6052 0.044768
0.08475 1.5159 0.0434
0.085374 1.4065 0.041162
0.086004 1.5006 0.042721
0.086637 1.4735 0.041091
0.087276 1.5806 0.042205
0.087919 1.5489 0.042265
0.088567 1.5525 0.041766
0.089219 1.5723 0.041794
0.089877 1.6134 0.041709
0.090539 1.715 0.042628
0.091206 1.7761 0.043005
0.091878 1.9157 0.044735
0.092555 2.3781 0.049302
0.093237 3.2543 0.056335
0.093924 5.0654 0.069668
0.094616 8.0032 0.087991
0.095314 10.308 0.097869
0.096016 10.419 0.097783
0.096724 8.429 0.088436
0.097436 5.5458 0.071165
0.098154 3.3735 0.054165
0.098878 2.3317 0.0456
0.099606 1.9154 0.041313
0.10034 1.7707 0.038785
0.10108 1.6735 0.038019
0.10182 1.5904 0.036682
0.10257 1.5418 0.035642
0.10333 1.4696 0.035067
0.10409 1.4033 0.033439
0.10486 1.4034 0.033694
0.10563 1.3508 0.032607
0.10641 1.3277 0.032189
0.10719 1.2913 0.031752
0.10798 1.2947 0.030999
0.10878 1.2674 0.031133
0.10958 1.2316 0.029859
0.11039 1.1658 0.0294
0.1112 1.163 0.028644
0.11202 1.1159 0.028496
0.11285 1.1126 0.027599
0.11368 1.0405 0.026986
0.11452 1.1141 0.027146
0.11536 1.0499 0.026733
0.11621 1.0629 0.026446
0.11707 1.0427 0.026054
0.11793 1.089 0.026444
0.1188 1.0438 0.025557
0.11967 1.0998 0.026376
0.12056 1.0514 0.025241
0.12144 1.114 0.025822
0.12234 1.2054 0.026999
0.12324 1.3362 0.027623
0.12415 1.3192 0.027449
0.12506 1.2531 0.026938
0.12598 1.1472 0.025098
0.12691 1.0997 0.024659
0.12785 1.0731 0.024206
0.12879 1.0656 0.024034
0.12974 1.0966 0.023987
0.1307 1.0779 0.023661
0.13166 1.0494 0.023307
0.13263 1.1942 0.024588
0.13361 1.3103 0.025384
0.13459 1.5604 0.027478
0.13558 1.6336 0.027768
0.13658 1.6282 0.027877
0.13759 1.387 0.025325
0.1386 1.2444 0.02393
0.13962 1.1763 0.023175
0.14065 1.1983 0.023089
0.14169 1.2002 0.02299
0.14273 1.2648 0.023481
0.14378 1.4233 0.024541
0.14484 1.6234 0.02603
0.14591 1.9464 0.028181
0.14699 1.9499 0.028138
0.14807 1.7536 0.026438
0.14916 1.4833 0.024185
0.15026 1.4172 0.023445
0.15137 1.298 0.022407
0.15248 1.3056 0.022209
0.15361 1.2868 0.021975
0.15474 1.2455 0.021422
0.15588 1.3176 0.021912
0.15703 1.3365 0.021842
0.15818 1.2909 0.021341
0.15935 1.2263 0.02069
0.16052 1.2028 0.020271
0.16171 1.2016 0.020169
0.1629 1.2456 0.0204
0.1641 1.3362 0.020915
0.16531 1.3516 0.020927
0.16653 1.3526 0.020705
0.16775 1.2941 0.020138
0.16899 1.1632 0.018996
0.17023 1.1316 0.018661
0.17149 1.067 0.017985
0.17275 1.0406 0.017598
0.17403 1.0116 0.017292
0.17531 0.97879 0.016926
0.1766 0.96757 0.016609
0.1779 0.93498 0.016305
0.17921 0.9152 0.01596
0.18053 0.92024 0.015959
0.18186 0.91172 0.015717
0.1832 0.92488 0.015736
0.18455 0.91025 0.015511
0.18591 0.87412 0.015092
0.18728 0.84926 0.014751
0.18866 0.80058 0.014331
0.19005 0.76281 0.01378
0.19145 0.78103 0.013964
0.19286 0.76147 0.013617
0.19429 0.69575 0.012982
0.19572 0.6867 0.012844
