#
0.0050184 12.606 1.911
0.0050554 11.46 2.0372
0.0050926 7.4953 1.6503
0.0051301 7.4337 1.469
0.0051679 10.017 1.5559
0.005206 7.8703 2.3888
0.0052444 4.2517 2.495
0.005283 NaN NaN
0.005322 8.5947 2.0372
0.0053612 8.5644 1.7642
0.0054007 8.5856 1.4405
0.0054405 8.7277 1.1251
0.0054806 6.6558 1.2704
0.005521 8.3364 1.4203
0.0055616 7.7029 1.497
0.0056026 8.8722 1.6041
0.0056439 6.9075 1.2929
0.0056855 10.979 2.3028
0.0057274 5.6822 2.0372
0.0057696 6.7875 1.5697
0.0058121 7.8517 1.6891
0.0058549 4.7446 0.87666
0.0058981 9.0583 2.093
0.0059416 9.661 1.8713
0.0059853 8.3688 1.3177
0.0060294 12.177 2.9697
0.0060739 6.1438 0.82921
0.0061186 8.5819 1.7642
0.0061637 3.367 0.78488
0.0062091 6.8142 1.0496
0.0062549 6.2664 1.3513
0.006301 5.6922 2.0372
0.0063474 4.4386 0.90032
0.0063942 6.4348 1.5279
0.0064413 5.6897 2.0372
0.0064888 7.1401 2.2776
0.0065366 5.1462 0.75966
0.0065847 5.4534 0.81417
0.0066333 5.2975 0.83853
0.0066821 7.3498 1.2347
0.0067314 8.292 1.5515
0.006781 2.5391 0.86432
0.006831 4.6143 1.2985
0.0068813 5.6878 1.0186
0.006932 4.8719 1.0081
0.0069831 8.1162 1.9798
0.0070345 4.261 0.94304
0.0070864 3.8963 0.59721
0.0071386 4.7909 0.79657
0.0071912 5.7138 1.6633
0.0072442 3.5414 0.80528
0.0072976 3.6198 0.76761
0.0073513 4.3784 0.73019
0.0074055 4.7851 0.93565
0.0074601 5.9823 1.3202
0.0075151 1.3708 1.0187
0.0075704 5.7099 0.96034
0.0076262 4.768 0.70541
0.0076824 4.7801 0.79657
0.007739 3.6226 0.76761
0.0077961 3.5835 0.55566
0.0078535 4.449 0.96524
0.0079114 3.9097 0.84458
0.0079697 1.8609 0.96037
0.0080284 4.5458 1.1524
0.0080876 3.7123 0.64612
0.0081471 2.9036 0.50131
0.0082072 4.6487 0.78574
0.0082677 3.5407 0.60873
0.0083286 4.1276 0.7408
0.00839 4.4943 1.0465
0.0084518 3.1402 0.71581
0.0085141 3.3718 0.61696
0.0085768 2.1982 0.48263
0.00864 3.9816 1.078
0.0087037 3.205 0.65479
0.0087678 2.818 0.4941
0.0088324 3.2288 0.51244
0.0088975 2.253 0.57622
0.0089631 2.2056 0.48263
0.0090291 2.5301 0.61117
0.0090956 2.2988 0.55561
0.0091627 2.1035 1.2476
0.0092302 2.205 0.41528
0.0092982 2.5809 0.39814
0.0093667 2.3707 0.46783
0.0094357 3.8916 1.1944
0.0095053 2.8084 0.46738
0.0095753 3.4581 0.75074
0.0096459 2.6295 0.50817
0.0097169 2.4578 0.55012
0.0097885 2.6776 0.43385
0.0098607 2.7262 0.50129
0.0099333 2.1816 0.59889
0.010007 2.4747 0.38222
0.01008 2.0022 0.4318
0.010155 1.2312 0.43218
0.010229 2.3361 0.53686
0.010305 2.9019 0.51721
0.010381 2.6482 0.47935
0.010457 1.8615 0.32779
0.010534 1.8964 0.35865
0.010612 1.9116 0.59723
0.01069 2.453 0.47642
0.010769 2.4288 0.4897
0.010848 2.0641 0.38194
0.010928 2.0622 0.38194
0.011009 2.2452 0.36443
0.01109 3.2583 0.60694
0.011171 1.652 0.343
0.011254 2.4947 0.45272
0.011337 2.4121 0.50409
0.01142 2.2353 0.38738
0.011504 1.8211 0.30622
0.011589 1.9394 0.35431
0.011675 1.6027 0.35563
0.011761 1.769 0.38382
0.011847 1.2425 0.41415
0.011935 1.7323 0.30438
0.012023 2.2701 0.32463
0.012111 2.6017 0.43813
0.0122 2.4028 0.41159
0.01229 1.25 0.29284
0.012381 1.7388 0.32877
0.012472 2.8135 0.43434
0.012564 2.0926 0.34601
0.012657 1.6946 0.3065
0.01275 1.8257 0.30622
0.012844 1.0584 0.29946
0.012938 1.7599 0.31829
0.013034 2.6294 0.41071
0.01313 1.6407 0.2361
0.013227 1.5378 0.29224
0.013324 1.5438 0.36938
0.013422 1.3209 0.26735
0.013521 1.6631 0.35287
0.013621 1.6267 0.24691
0.013721 1.8911 0.30116
0.013822 1.6621 0.31562
0.013924 1.5791 0.25623
0.014027 2.0948 0.44108
0.01413 1.9783 0.28577
0.014234 1.4177 0.23675
0.014339 1.646 0.25827
0.014445 1.483 0.28733
0.014551 1.6303 0.37897
0.014658 1.3485 0.20369
0.014766 1.2604 0.22988
0.014875 1.5594 0.27493
0.014985 1.5134 0.27097
0.015095 1.9358 0.28296
0.015206 1.7184 0.27459
0.015319 1.5562 0.23831
0.015431 1.8511 0.24797
0.015545 1.7593 0.27784
0.01566 1.9028 0.32455
0.015775 1.5186 0.2357
0.015891 1.8556 0.23293
0.016008 1.6043 0.27384
0.016126 1.9056 0.27337
0.016245 1.9273 0.29048
0.016365 1.3196 0.19412
0.016486 1.3384 0.22223
0.016607 1.5711 0.21512
0.016729 1.8573 0.3037
0.016853 1.3713 0.21241
0.016977 1.4352 0.20564
0.017102 1.7866 0.24055
0.017228 1.5949 0.26911
0.017355 1.9461 0.22354
0.017483 1.4657 0.21433
0.017612 1.765 0.24169
0.017741 1.5839 0.22001
0.017872 2.0216 0.25275
0.018004 1.6326 0.22391
0.018136 1.6228 0.19494
0.01827 1.4064 0.21964
0.018405 1.2977 0.22747
0.01854 1.6854 0.18469
0.018677 1.5312 0.2185
0.018815 1.6513 0.21814
0.018953 1.8266 0.22479
0.019093 2.1933 0.23278
0.019234 1.488 0.18698
0.019375 1.3243 0.1959
0.019518 1.4903 0.20949
0.019662 1.9332 0.19588
0.019807 1.5934 0.20135
0.019953 1.6 0.21697
0.0201 1.5029 0.18225
0.020248 1.8621 0.19777
0.020397 1.7433 0.20521
0.020547 1.6805 0.20994
0.020699 1.8205 0.19986
0.020851 1.7605 0.18236
0.021005 1.6216 0.20283
0.02116 2.0955 0.21396
0.021316 1.9762 0.18922
0.021473 1.8052 0.20507
0.021631 1.7441 0.19142
0.02179 1.9097 0.19734
0.021951 2.4645 0.20688
0.022113 1.9671 0.20758
0.022276 1.9136 0.20164
0.02244 2.308 0.18786
0.022605 1.9809 0.21797
0.022772 2.0096 0.19084
0.02294 2.1929 0.18791
0.023109 1.9302 0.18613
0.023279 2.3984 0.2335
0.02345 2.2546 0.1855
0.023623 2.4007 0.19446
0.023797 2.0771 0.20988
0.023973 2.116 0.17469
0.024149 2.1205 0.18807
0.024327 2.1194 0.18597
0.024507 2.0703 0.18394
0.024687 2.3335 0.17963
0.024869 2.0711 0.19025
0.025052 2.6426 0.19088
0.025237 2.6595 0.20762
0.025423 2.4872 0.19566
0.02561 2.4578 0.18194
0.025799 2.6289 0.18958
0.025989 2.6144 0.21189
0.026181 2.599 0.17956
0.026373 2.5251 0.18503
0.026568 2.2306 0.17668
0.026764 2.4501 0.17587
0.026961 2.5291 0.18429
0.027159 2.6931 0.19364
0.02736 2.8594 0.17936
0.027561 2.6735 0.19672
0.027764 2.507 0.16566
0.027969 3.1045 0.19926
0.028175 2.6298 0.17696
0.028383 2.8864 0.1875
0.028592 2.9858 0.18683
0.028802 2.6801 0.17516
0.029015 3.6216 0.19413
0.029228 3.0642 0.19223
0.029444 3.1489 0.17993
0.029661 3.2389 0.18437
0.029879 2.9183 0.18322
0.0301 3.6791 0.18837
0.030321 3.5721 0.20724
0.030545 3.4209 0.17607
0.03077 3.6448 0.1927
0.030997 3.3583 0.18907
0.031225 4.013 0.18586
0.031455 3.3753 0.18885
0.031687 4.4365 0.19588
0.03192 4.1136 0.20031
0.032156 3.8815 0.18844
0.032393 4.4886 0.19638
0.032631 3.8225 0.18819
0.032872 4.2654 0.18935
0.033114 4.2217 0.19175
0.033358 4.1724 0.19004
0.033604 4.5785 0.19333
0.033851 4.8577 0.19475
0.034101 4.7103 0.20998
0.034352 4.716 0.18242
0.034605 5.3495 0.21231
0.03486 4.7764 0.19056
0.035117 5.8319 0.20816
0.035376 5.289 0.1994
0.035637 5.9969 0.21492
0.035899 5.9848 0.20569
0.036164 6.9513 0.22045
0.03643 7.8194 0.24453
0.036699 8.3602 0.23021
0.036969 8.9362 0.25089
0.037241 10.386 0.26586
0.037516 10.672 0.2714
0.037792 12.406 0.27891
0.038071 12.952 0.28742
0.038351 13.932 0.30626
0.038634 13.281 0.279
0.038919 13.592 0.2912
0.039205 13.049 0.2806
0.039494 13.385 0.29215
0.039785 10.861 0.2419
0.040079 10.626 0.2523
0.040374 9.2176 0.22592
0.040671 8.6346 0.22899
0.040971 8.5441 0.2147
0.041273 7.9763 0.20908
0.041577 8.2587 0.20957
0.041883 7.8295 0.20639
0.042192 8.432 0.21534
0.042503 7.774 0.19566
0.042816 7.6455 0.19778
0.043132 7.67 0.19339
0.04345 7.3818 0.19437
0.04377 7.8917 0.1981
0.044092 7.1703 0.18581
0.044417 7.5652 0.19016
0.044744 7.1352 0.17837
0.045074 7.1025 0.18192
0.045406 7.7365 0.18801
0.045741 7.5714 0.18456
0.046078 8.2289 0.19176
0.046417 8.1791 0.18831
0.04676 8.7276 0.1968
0.047104 9.331 0.19639
0.047451 9.1123 0.19136
0.047801 8.6078 0.18762
0.048153 7.5589 0.17541
0.048508 7.5188 0.17023
0.048865 6.1168 0.15535
0.049225 5.8887 0.15206
0.049588 5.335 0.1416
0.049954 5.0986 0.13866
0.050322 4.5352 0.13274
0.050693 4.356 0.12433
0.051066 4.2945 0.12514
0.051442 4.3569 0.12449
0.051821 4.1249 0.12015
0.052203 3.9123 0.11679
0.052588 3.9794 0.11599
0.052975 3.5725 0.11027
0.053366 3.5091 0.10783
0.053759 3.457 0.10643
0.054155 3.5243 0.10683
0.054554 3.2694 0.09994
0.054956 3.3188 0.10207
0.055361 3.1824 0.09863
0.055769 3.0687 0.097897
0.05618 3.0646 0.095547
0.056594 2.8374 0.091452
0.057011 2.944 0.092299
0.057431 2.9405 0.092976
0.057854 2.7943 0.088683
0.058281 2.7639 0.088713
0.05871 2.8504 0.088056
0.059143 2.8013 0.087211
0.059579 2.56 0.083002
0.060018 2.6455 0.083046
0.06046 2.579 0.081829
0.060905 2.6299 0.081866
0.061354 2.4797 0.079723
0.061806 2.4543 0.078198
0.062262 2.5263 0.078834
0.062721 2.4814 0.076947
0.063183 2.4678 0.077494
0.063648 2.5132 0.076844
0.064117 2.5383 0.075672
0.06459 2.5599 0.076202
0.065066 2.5711 0.075858
0.065545 2.4752 0.074544
0.066028 2.5819 0.075723
0.066515 2.4412 0.071531
0.067005 2.6449 0.075065
0.067499 2.6851 0.075953
0.067996 2.5477 0.0721
0.068497 2.4949 0.07032
0.069002 2.5712 0.07252
0.06951 2.5788 0.070842
0.070023 2.4362 0.068374
0.070539 2.3776 0.068092
0.071058 2.4124 0.066906
0.071582 2.3466 0.06556
0.072109 2.2937 0.065331
0.072641 2.5017 0.067027
0.073176 2.4331 0.065847
0.073715 2.4681 0.065794
0.074258 2.4008 0.063821
0.074806 2.5059 0.065672
0.075357 2.555 0.065492
0.075912 2.4754 0.064064
0.076472 2.5079 0.063154
0.077035 2.5759 0.064699
0.077603 2.5792 0.0639
0.078175 2.5329 0.062611
0.078751 2.4751 0.061685
0.079331 2.5624 0.062317
0.079916 2.5674 0.06202
0.080504 2.5447 0.061643
0.081098 2.6494 0.060967
0.081695 2.4929 0.060684
0.082297 2.5235 0.058611
0.082904 2.4999 0.059202
0.083515 2.5582 0.058303
0.08413 2.4205 0.057287
0.08475 2.5145 0.058157
0.085374 2.3673 0.055523
0.086004 2.3774 0.055987
0.086637 2.2812 0.053234
0.087276 2.2611 0.052638
0.087919 2.2404 0.052989
0.088567 2.1711 0.051514
0.089219 2.1914 0.051467
0.089877 2.1558 0.050325
0.090539 2.0297 0.048499
0.091206 2.0789 0.048669
0.091878 2.1103 0.049159
0.092555 2.0943 0.048586
0.093237 2.1053 0.047727
0.093924 1.9547 0.045785
0.094616 1.9938 0.04654
0.095314 1.939 0.045037
0.096016 1.908 0.044419
0.096724 1.8044 0.043445
0.097436 1.8224 0.043227
0.098154 1.7947 0.041735
0.098878 1.7024 0.041043
0.099606 1.7976 0.042011
0.10034 1.6545 0.039361
0.10108 1.6956 0.040125
0.10182 1.6667 0.039351
0.10257 1.626 0.038352
0.10333 1.6509 0.038899
0.10409 1.6668 0.038101
0.10486 1.6374 0.038062
0.10563 1.5927 0.03702
0.10641 1.5787 0.036693
0.10719 1.6412 0.037371
0.10798 1.516 0.035076
0.10878 1.5507 0.035977
0.10958 1.4792 0.034196
0.11039 1.5702 0.035571
0.1112 1.4814 0.033738
0.11202 1.5764 0.035269
0.11285 1.4476 0.032835
0.11368 1.4449 0.033115
0.11452 1.4513 0.032316
0.11536 1.5049 0.033307
0.11621 1.4159 0.031815
0.11707 1.4775 0.032283
0.11793 1.3519 0.03076
0.1188 1.3524 0.030336
0.11967 1.3422 0.030433
0.12056 1.3568 0.029905
0.12144 1.3087 0.029257
0.12234 1.3101 0.029479
0.12324 1.2861 0.028457
0.12415 1.3107 0.02871
0.12506 1.2913 0.028672
0.12598 1.2452 0.027385
0.12691 1.2247 0.027237
0.12785 1.2708 0.027529
0.12879 1.2365 0.027069
0.12974 1.2471 0.02676
0.1307 1.258 0.026724
0.13166 1.199 0.026057
0.13263 1.2468 0.026336
0.13361 1.1709 0.025244
0.13459 1.1401 0.024808
0.13558 1.1264 0.02438
0.13658 1.1289 0.024542
0.13759 1.1091 0.023882
0.1386 1.0951 0.023632
0.13962 1.049 0.023036
0.14065 1.0612 0.022874
0.14169 1.0537 0.022682
0.14273 1.0322 0.022373
0.14378 0.98635 0.021628
0.14484 0.99437 0.021616
0.14591 0.97191 0.021203
0.14699 0.99208 0.021358
0.14807 0.95073 0.020707
0.14916 0.93514 0.02038
0.15026 0.94796 0.020322
0.15137 0.95131 0.020293
0.15248 0.9072 0.019614
0.15361 0.8706 0.01917
0.15474 0.88067 0.019088
0.15588 0.88409 0.019036
0.15703 0.8234 0.018232
0.15818 0.82961 0.018176
0.15935 0.83328 0.018098
0.16052 0.79622 0.017521
0.16171 0.78593 0.017339
0.1629 0.80839 0.017462
0.1641 0.7688 0.016915
0.16531 0.74911 0.01663
0.16653 0.76609 0.016618
0.16775 0.72172 0.016065
0.16899 0.7202 0.01593
0.17023 0.70372 0.015687
0.17149 0.68814 0.015387
0.17275 0.67435 0.015094
0.17403 0.67244 0.015014
0.17531 0.66148 0.014816
0.1766 0.61995 0.014191
0.1779 0.64379 0.014404
0.17921 0.62915 0.014092
0.18053 0.6208 0.013971
0.18186 0.5674 0.013268
0.1832 0.58198 0.013347
0.18455 0.57933 0.013229
0.18591 0.55419 0.012861
0.18728 0.54125 0.012604
0.18866 0.52091 0.012374
0.19005 0.5198 0.012159
0.19145 0.50334 0.012013
0.19286 0.49388 0.011756
0.19429 0.48662 0.01161
0.19572 0.46037 0.01128
