#
0.0050184 8.6607 1.3441
0.0050554 6.4356 1.2963
0.0050926 208.65 7.3556
0.0051301 9.2922 1.3913
0.0051679 12.051 1.446
0.005206 137.88 8.4565
0.0052444 48.689 7.1094
0.005283 NaN NaN
0.005322 7.5701 1.6213
0.0053612 6.4248 1.2963
0.0054007 24.674 2.0668
0.0054405 11.676 1.1024
0.0054806 6.0014 1.0225
0.005521 485.1 9.157
0.0055616 6.375 1.1548
0.0056026 205.08 6.5224
0.0056439 12.405 1.4666
0.0056855 7.2125 1.5841
0.0057274 213.05 10.512
0.0057696 3.3308 0.93477
0.0058121 5.6525 1.216
0.0058549 4.6831 0.7378
0.0058981 37.631 3.6089
0.0059416 9.2883 1.5555
0.0059853 11.802 1.3251
0.0060294 4.6181 1.5555
0.0060739 188.05 3.8736
0.0061186 13.696 1.8874
0.0061637 104.31 3.6778
0.0062091 5.8274 0.82287
0.0062549 73.161 3.8967
0.006301 0.46831 0.51859
0.0063474 3.9732 0.72174
0.0063942 7.225 1.3718
0.0064413 53.873 5.2877
0.0064888 12.918 2.5925
0.0065366 6.0181 0.69543
0.0065847 63.9 2.3508
0.0066333 107.33 3.1816
0.0066821 93.437 3.7213
0.0067314 8.8731 1.36
0.006781 54.715 3.3699
0.006831 5.1367 1.1594
0.0068813 6.5576 0.92573
0.006932 12.544 1.3658
0.0069831 3.7689 1.1465
0.0070345 5.1415 0.87645
0.0070864 5.3327 0.59048
0.0071386 50.209 2.1765
0.0071912 281.34 9.8622
0.0072442 66.196 2.9302
0.0072976 2.2603 0.51531
0.0073513 18.362 1.2612
0.0074055 5.2596 0.83003
0.0074601 16.543 1.8551
0.0075151 1.5053 0.89813
0.0075704 3.304 0.62051
0.0076262 6.3213 0.68693
0.0076824 39.077 1.9205
0.007739 78.195 3.0025
0.0077961 27.59 1.2983
0.0078535 26.758 1.9931
0.0079114 4.6294 0.77777
0.0079697 14.129 2.2134
0.0080284 3.2725 0.82963
0.0080876 3.3904 0.5231
0.0081471 6.0554 0.61001
0.0082072 4.1008 0.62535
0.0082677 57.511 2.0647
0.0083286 31.631 1.7281
0.00839 26.914 2.1587
0.0084518 2.8368 0.57613
0.0085141 5.6182 0.67216
0.0085768 2.7676 0.45663
0.00864 3.9034 0.90406
0.0087037 5.7954 0.74232
0.0087678 15.998 0.98927
0.0088324 38.159 1.4834
0.0088975 2.4515 0.50804
0.0089631 11.662 0.93108
0.0090291 5.0362 0.72592
0.0090956 3.6346 0.58875
0.0091627 5.6623 1.7197
0.0092302 3.061 0.41208
0.0092982 11.321 0.70074
0.0093667 41.178 1.6345
0.0094357 4.3571 1.069
0.0095053 7.4797 0.64117
0.0095753 4.5635 0.72875
0.0096459 2.1004 0.38494
0.0097169 1.4237 0.35633
0.0097885 2.7177 0.36955
0.0098607 31.064 1.42
0.0099333 24.27 1.6737
0.010007 6.0541 0.50293
0.01008 3.7099 0.49362
0.010155 2.4419 0.50805
0.010229 2.5459 0.47335
0.010305 2.1539 0.37794
0.010381 2.9435 0.42702
0.010457 21.323 0.92341
0.010534 4.5705 0.46664
0.010612 4.8761 0.79909
0.01069 1.7659 0.34298
0.010769 2.3016 0.40313
0.010848 2.2267 0.33493
0.010928 3.4598 0.41611
0.011009 17.172 0.84503
0.01109 6.1747 0.70452
0.011171 2.1769 0.33127
0.011254 1.9688 0.34085
0.011337 2.0328 0.39197
0.01142 2.222 0.32659
0.011504 10.108 0.60263
0.011589 8.7906 0.63123
0.011675 1.645 0.3039
0.011761 3.0595 0.42337
0.011847 2.4029 0.48072
0.011935 2.173 0.28689
0.012023 4.1296 0.36808
0.012111 12.71 0.81326
0.0122 4.2976 0.46325
0.01229 2.6911 0.359
0.012381 2.2024 0.3116
0.012472 2.0726 0.31622
0.012564 4.6175 0.43143
0.012657 7.6725 0.54454
0.01275 4.1393 0.3868
0.012844 1.1076 0.25767
0.012938 1.7855 0.27053
0.013034 2.4791 0.33742
0.01313 4.6929 0.33415
0.013227 5.332 0.45446
0.013324 2.5754 0.40002
0.013422 1.5065 0.24004
0.013521 2.1306 0.33605
0.013621 2.1563 0.23903
0.013721 7.0818 0.48823
0.013822 3.8098 0.40004
0.013924 2.3179 0.26086
0.014027 1.7025 0.3368
0.01413 2.0003 0.24273
0.014234 4.0225 0.33312
0.014339 4.0158 0.33751
0.014445 2.0663 0.28485
0.014551 1.9057 0.34509
0.014658 1.2671 0.16665
0.014766 3.644 0.32591
0.014875 3.5646 0.34766
0.014985 2.0931 0.26763
0.015095 1.1632 0.1867
0.015206 1.5421 0.21995
0.015319 2.8655 0.27125
0.015431 2.9457 0.26276
0.015545 1.8765 0.2421
0.01566 1.4851 0.24293
0.015775 1.5485 0.20077
0.015891 3.2066 0.25721
0.016008 2.7429 0.30054
0.016126 1.481 0.20423
0.016245 1.7535 0.23429
0.016365 1.8892 0.19469
0.016486 3.9735 0.31894
0.016607 1.4361 0.17374
0.016729 1.2334 0.21028
0.016853 1.3028 0.17464
0.016977 3.2293 0.25802
0.017102 2.2781 0.22881
0.017228 1.5253 0.22222
0.017355 1.4189 0.16192
0.017483 1.9626 0.20836
0.017612 2.8608 0.25869
0.017741 1.2884 0.16799
0.017872 1.5216 0.18593
0.018004 1.9372 0.2052
0.018136 2.7238 0.2119
0.01827 1.5545 0.19437
0.018405 1.3436 0.1949
0.01854 1.9981 0.16934
0.018677 3.3493 0.27072
0.018815 1.7472 0.18921
0.018953 1.7951 0.18817
0.019093 1.4926 0.16307
0.019234 2.7402 0.21252
0.019375 1.6514 0.18387
0.019518 1.6016 0.18302
0.019662 1.848 0.16185
0.019807 2.0611 0.19255
0.019953 1.7822 0.19292
0.0201 1.7225 0.16426
0.020248 2.4944 0.19268
0.020397 2.175 0.19291
0.020547 1.4827 0.16676
0.020699 1.6614 0.16141
0.020851 2.0157 0.16449
0.021005 1.7298 0.17666
0.02116 1.4475 0.15098
0.021316 2.1056 0.1649
0.021473 2.4176 0.19978
0.021631 1.8106 0.16461
0.02179 1.8436 0.16384
0.021951 2.5428 0.17765
0.022113 1.8431 0.16983
0.022276 2.1776 0.18145
0.02244 2.4848 0.1646
0.022605 2.413 0.20281
0.022772 2.0664 0.16344
0.02294 2.5256 0.17021
0.023109 2.0268 0.16099
0.023279 2.1414 0.18675
0.02345 1.9866 0.14738
0.023623 2.5557 0.16949
0.023797 2.2805 0.18564
0.023973 2.3892 0.15663
0.024149 2.4005 0.16886
0.024327 2.1526 0.15833
0.024507 2.1286 0.15751
0.024687 2.3584 0.15264
0.024869 2.5403 0.17765
0.025052 2.513 0.15748
0.025237 2.9972 0.18622
0.025423 2.4603 0.16455
0.02561 2.7499 0.16248
0.025799 3.1793 0.17602
0.025989 2.7504 0.18368
0.026181 2.821 0.15808
0.026373 3.0833 0.17258
0.026568 2.7407 0.16517
0.026764 2.9782 0.16369
0.026961 3.0087 0.16971
0.027159 2.8487 0.16833
0.02736 3.531 0.16831
0.027561 3.1549 0.18046
0.027764 2.8342 0.14877
0.027969 3.7049 0.18394
0.028175 3.2649 0.16644
0.028383 3.3893 0.17164
0.028592 3.7874 0.17768
0.028802 3.3684 0.16574
0.029015 3.99 0.17234
0.029228 3.6425 0.1771
0.029444 3.8479 0.16806
0.029661 4.1836 0.17702
0.029879 3.778 0.17603
0.0301 4.5863 0.17779
0.030321 4.1102 0.18798
0.030545 4.0824 0.16259
0.03077 4.3164 0.1773
0.030997 4.2138 0.17895
0.031225 4.7558 0.17115
0.031455 4.5265 0.18473
0.031687 4.7342 0.17128
0.03192 4.441 0.17614
0.032156 4.2463 0.16678
0.032393 5.2689 0.18005
0.032631 4.6488 0.17552
0.032872 5.431 0.18069
0.033114 4.527 0.16805
0.033358 5.2252 0.17986
0.033604 4.8604 0.16862
0.033851 5.05 0.16813
0.034101 5.3256 0.18898
0.034352 5.0886 0.16041
0.034605 5.6436 0.18468
0.03486 4.9348 0.16402
0.035117 5.3837 0.16949
0.035376 4.9409 0.1633
0.035637 6.15 0.18438
0.035899 5.0335 0.15993
0.036164 5.473 0.1659
0.03643 4.8923 0.16421
0.036699 5.5928 0.1598
0.036969 4.7114 0.15477
0.037241 5.9188 0.17042
0.037516 4.8924 0.15618
0.037792 5.7032 0.1607
0.038071 4.7691 0.14833
0.038351 5.939 0.16994
0.038634 4.8332 0.14314
0.038919 5.5247 0.1578
0.039205 4.8914 0.1461
0.039494 5.4646 0.15867
0.039785 4.8112 0.13686
0.040079 5.1384 0.14908
0.040374 5.0247 0.14169
0.040671 5.014 0.14818
0.040971 4.9171 0.13832
0.041273 4.6502 0.13558
0.041577 5.0109 0.13861
0.041883 4.4556 0.13225
0.042192 5.2334 0.14403
0.042503 4.7105 0.12933
0.042816 5.0037 0.13582
0.043132 4.6342 0.12765
0.04345 4.0981 0.12304
0.04377 4.7684 0.13075
0.044092 4.4201 0.12388
0.044417 4.5046 0.12462
0.044744 4.284 0.11738
0.045074 4.1524 0.11815
0.045406 4.3856 0.12024
0.045741 3.8355 0.11166
0.046078 4.1145 0.11525
0.046417 3.8045 0.1092
0.04676 3.6091 0.10766
0.047104 3.7447 0.10585
0.047451 3.5259 0.1013
0.047801 3.427 0.10075
0.048153 3.4224 0.1004
0.048508 3.2503 0.095229
0.048865 3.0936 0.093948
0.049225 3.244 0.095918
0.049588 2.9959 0.090184
0.049954 3.1371 0.092382
0.050322 3.1187 0.09343
0.050693 2.7281 0.083577
0.051066 2.7114 0.084456
0.051442 3.0003 0.087681
0.051821 2.5601 0.080411
0.052203 2.4065 0.077826
0.052588 2.6564 0.080458
0.052975 2.5358 0.078836
0.053366 2.2898 0.073972
0.053759 2.3752 0.074885
0.054155 2.3425 0.073953
0.054554 2.1941 0.069515
0.054956 2.07 0.068497
0.055361 2.2824 0.070873
0.055769 2.0374 0.06774
0.05618 2.0592 0.066504
0.056594 1.9078 0.063677
0.057011 1.9931 0.06448
0.057431 2.0485 0.065869
0.057854 2.0096 0.063813
0.058281 1.8255 0.061236
0.05871 1.8339 0.060008
0.059143 1.923 0.061343
0.059579 1.7806 0.05876
0.060018 1.8422 0.058822
0.06046 1.7454 0.057162
0.060905 1.7661 0.056969
0.061354 1.679 0.055707
0.061806 1.6866 0.055035
0.062262 1.7082 0.055048
0.062721 1.8634 0.056545
0.063183 1.7288 0.055053
0.063648 1.6724 0.053241
0.064117 1.7735 0.053688
0.06459 1.7504 0.053499
0.065066 1.7378 0.052957
0.065545 1.7615 0.053363
0.066028 1.5623 0.050093
0.066515 1.6943 0.050586
0.067005 1.7574 0.051968
0.067499 1.7247 0.051722
0.067996 1.6922 0.049908
0.068497 1.6543 0.048636
0.069002 1.6929 0.049985
0.06951 1.5859 0.047234
0.070023 1.634 0.047558
0.070539 1.6501 0.048155
0.071058 1.6143 0.046483
0.071582 1.602 0.045994
0.072109 1.6747 0.047356
0.072641 1.5136 0.04434
0.073176 1.5941 0.045279
0.073715 1.5676 0.044565
0.074258 1.5665 0.0438
0.074806 1.5456 0.043852
0.075357 1.5623 0.043546
0.075912 1.4645 0.041925
0.076472 1.4168 0.04041
0.077035 1.5268 0.042374
0.077603 1.4142 0.040299
0.078175 1.4421 0.040216
0.078751 1.4065 0.039587
0.079331 1.4126 0.039406
0.079916 1.4484 0.039657
0.080504 1.3787 0.03865
0.081098 1.3767 0.037457
0.081695 1.4163 0.03894
0.082297 1.3447 0.03646
0.082904 1.4275 0.03808
0.083515 1.348 0.03607
0.08413 1.363 0.036605
0.08475 1.3201 0.035919
0.085374 1.3538 0.035747
0.086004 1.3083 0.035377
0.086637 1.2987 0.034203
0.087276 1.2492 0.033333
0.087919 1.233 0.033497
0.088567 1.2732 0.03358
0.089219 1.1945 0.032385
0.089877 1.2628 0.032786
0.090539 1.1983 0.031724
0.091206 1.2011 0.0315
0.091878 1.1453 0.030871
0.092555 1.1258 0.030376
0.093237 1.1805 0.030448
0.093924 1.1746 0.030208
0.094616 1.1275 0.02982
0.095314 1.118 0.02913
0.096016 1.0797 0.028477
0.096724 1.0576 0.02833
0.097436 1.0815 0.028356
0.098154 1.0234 0.02686
0.098878 1.0806 0.027811
0.099606 1.0716 0.02762
0.10034 0.99814 0.026032
0.10108 1.0618 0.027014
0.10182 0.95633 0.025409
0.10257 0.97184 0.025254
0.10333 0.97825 0.025507
0.10409 0.96505 0.024708
0.10486 1.0132 0.025482
0.10563 0.94162 0.024251
0.10641 0.96409 0.024412
0.10719 0.94542 0.024177
0.10798 0.91923 0.023261
0.10878 0.89351 0.023284
0.10958 0.92135 0.022971
0.11039 0.90559 0.023029
0.1112 0.90044 0.022402
0.11202 0.86821 0.022338
0.11285 0.87251 0.021716
0.11368 0.82543 0.02135
0.11452 0.89028 0.021552
0.11536 0.84956 0.02135
0.11621 0.85274 0.021036
0.11707 0.82833 0.020627
0.11793 0.82729 0.020496
0.1188 0.82246 0.020155
0.11967 0.82771 0.020353
0.12056 0.83985 0.020035
0.12144 0.78397 0.019302
0.12234 0.7468 0.018997
0.12324 0.7919 0.019021
0.12415 0.77206 0.018791
0.12506 0.76877 0.018862
0.12598 0.71686 0.017736
0.12691 0.71941 0.017809
0.12785 0.72308 0.01773
0.12879 0.70192 0.017418
0.12974 0.70683 0.017203
0.1307 0.70708 0.017112
0.13166 0.70979 0.017103
0.13263 0.70274 0.016887
0.13361 0.66216 0.016218
0.13459 0.68922 0.016447
0.13558 0.6971 0.016343
0.13658 0.6518 0.015925
0.13759 0.63534 0.015441
0.1386 0.65363 0.015577
0.13962 0.61661 0.01508
0.14065 0.64362 0.015192
0.14169 0.62257 0.014884
0.14273 0.59493 0.014513
0.14378 0.61887 0.014599
0.14484 0.60066 0.014336
0.14591 0.5808 0.013993
0.14699 0.57222 0.013864
0.14807 0.59241 0.013935
0.14916 0.55333 0.013392
0.15026 0.59411 0.013712
0.15137 0.57134 0.013424
0.15248 0.54046 0.01293
0.15361 0.53449 0.012816
0.15474 0.54751 0.012836
0.15588 0.52586 0.012542
0.15703 0.5368 0.012535
0.15818 0.53533 0.012438
0.15935 0.51612 0.012152
0.16052 0.47532 0.011571
0.16171 0.50381 0.011832
0.1629 0.46414 0.011327
0.1641 0.50191 0.011641
0.16531 0.4519 0.01104
0.16653 0.46242 0.011033
0.16775 0.45418 0.010875
0.16899 0.44495 0.010694
0.17023 0.45133 0.010712
0.17149 0.42859 0.01037
0.17275 0.42486 0.010226
0.17403 0.42334 0.010169
0.17531 0.40283 0.0098865
0.1766 0.40273 0.0097525
0.1779 0.39151 0.0096072
0.17921 0.38961 0.0094775
0.18053 0.37923 0.0093401
0.18186 0.36699 0.0091038
0.1832 0.37059 0.0090934
0.18455 0.35247 0.0088325
0.18591 0.36904 0.0089413
0.18728 0.34186 0.0085601
0.18866 0.34569 0.008591
0.19005 0.31459 0.0081063
0.19145 0.3269 0.0082633
0.19286 0.32515 0.0081356
0.19429 0.30491 0.0078634
0.19572 0.27668 0.0075079
