#
0.0050184 29.22 2.2851
0.0050554 36.54 2.8564
0.0050926 21.817 2.208
0.0051301 26.908 2.1926
0.0051679 32.969 2.2155
0.005206 28.071 3.5407
0.0052444 34.752 5.5716
0.005283 NaN NaN
0.005322 24.951 2.7256
0.0053612 26.94 2.4535
0.0054007 27.027 2.006
0.0054405 28.602 1.5985
0.0054806 24.196 1.8984
0.005521 34.01 2.2502
0.0055616 26.54 2.1781
0.0056026 27.621 2.2215
0.0056439 23.609 1.875
0.0056855 20.777 2.4882
0.0057274 32.069 3.7852
0.0057696 14.687 1.812
0.0058121 22.93 2.2637
0.0058549 20.286 1.4193
0.0058981 24.346 2.693
0.0059416 23.381 2.2855
0.0059853 23.154 1.7194
0.0060294 18.694 2.891
0.0060739 21.031 1.2025
0.0061186 16.467 1.9187
0.0061637 18.591 1.4412
0.0062091 21.667 1.467
0.0062549 19.405 1.8629
0.006301 16.908 2.7499
0.0063474 16.355 1.3521
0.0063942 16.922 1.9445
0.0064413 17.799 2.8213
0.0064888 16.467 2.7135
0.0065366 15.129 1.0202
0.0065847 15.794 1.0851
0.0066333 14.636 1.0912
0.0066821 14.876 1.3786
0.0067314 13.522 1.5556
0.006781 15.312 1.6547
0.006831 11.111 1.5772
0.0068813 13.894 1.2469
0.006932 11.557 1.2158
0.0069831 12.759 1.9501
0.0070345 16.277 1.442
0.0070864 11.056 0.78661
0.0071386 12.619 1.013
0.0071912 16.327 2.2055
0.0072442 12.676 1.1907
0.0072976 10.767 1.035
0.0073513 10.741 0.89527
0.0074055 11.774 1.1482
0.0074601 10.843 1.3936
0.0075151 5.756 1.6084
0.0075704 9.6826 0.98135
0.0076262 10.728 0.82846
0.0076824 9.7736 0.89218
0.007739 7.9933 0.89218
0.0077961 9.3569 0.70215
0.0078535 9.8929 1.1257
0.0079114 9.0013 1.0037
0.0079697 10.372 1.7594
0.0080284 9.4176 1.299
0.0080876 8.4072 0.76114
0.0081471 8.5684 0.67209
0.0082072 7.9078 0.80293
0.0082677 7.3549 0.68637
0.0083286 9.2072 0.86599
0.00839 7.988 1.0927
0.0084518 6.6041 0.81143
0.0085141 6.8924 0.68972
0.0085768 7.0332 0.67141
0.00864 6.0347 1.0405
0.0087037 7.7437 0.79469
0.0087678 7.3083 0.62097
0.0088324 7.4024 0.60705
0.0088975 6.3916 0.75704
0.0089631 6.8466 0.66228
0.0090291 5.3142 0.69109
0.0090956 5.8847 0.69299
0.0091627 5.7637 1.6084
0.0092302 4.7466 0.47425
0.0092982 5.8735 0.46875
0.0093667 5.9292 0.5768
0.0094357 4.1947 0.97225
0.0095053 5.1672 0.49473
0.0095753 5.314 0.72847
0.0096459 5.1378 0.55479
0.0097169 3.827 0.53614
0.0097885 4.4624 0.43741
0.0098607 5.1457 0.53775
0.0099333 5.019 0.70795
0.010007 4.1736 0.38767
0.01008 5.0319 0.53194
0.010155 4.0636 0.60512
0.010229 4.7182 0.5948
0.010305 5.2545 0.5435
0.010381 4.5267 0.48952
0.010457 4.104 0.37747
0.010534 4.7838 0.4424
0.010612 2.1877 0.49876
0.01069 3.8613 0.46654
0.010769 3.4076 0.45299
0.010848 3.9125 0.40972
0.010928 3.6564 0.39628
0.011009 3.746 0.36743
0.01109 4.0083 0.52716
0.011171 2.8925 0.35291
0.011254 3.9739 0.4461
0.011337 3.4058 0.46831
0.01142 4.1016 0.40958
0.011504 3.2199 0.31675
0.011589 3.8002 0.38597
0.011675 3.2935 0.39567
0.011761 2.88 0.38073
0.011847 3.1217 0.50653
0.011935 3.1122 0.31705
0.012023 2.7164 0.27742
0.012111 3.1727 0.37853
0.0122 3.1451 0.36794
0.01229 3.0452 0.35355
0.012381 2.3409 0.2974
0.012472 2.6348 0.32947
0.012564 2.9775 0.32191
0.012657 2.6687 0.29923
0.01275 3.0382 0.30766
0.012844 2.886 0.38073
0.012938 2.4283 0.29118
0.013034 3.0638 0.34696
0.01313 2.395 0.22213
0.013227 2.2412 0.27449
0.013324 2.898 0.39275
0.013422 2.6662 0.29378
0.013521 2.5468 0.33974
0.013621 2.6804 0.24637
0.013721 2.4952 0.26999
0.013822 2.3499 0.29212
0.013924 2.4155 0.24659
0.014027 1.4089 0.28434
0.01413 2.7371 0.26228
0.014234 2.3807 0.23829
0.014339 2.1528 0.23003
0.014445 1.9759 0.25809
0.014551 2.8991 0.39275
0.014658 2.2554 0.20439
0.014766 2.1685 0.23381
0.014875 2.0883 0.24759
0.014985 2.3764 0.26378
0.015095 2.2894 0.24029
0.015206 1.7466 0.2164
0.015319 2.2695 0.22405
0.015431 2.2369 0.21262
0.015545 2.2442 0.24477
0.01566 2.0377 0.26229
0.015775 1.9198 0.20645
0.015891 2.1465 0.19559
0.016008 1.3282 0.19518
0.016126 1.7437 0.20469
0.016245 2.1384 0.23907
0.016365 1.6085 0.16665
0.016486 1.8735 0.20414
0.016607 1.8828 0.18349
0.016729 1.7154 0.22844
0.016853 1.6058 0.17883
0.016977 1.8161 0.18012
0.017102 1.5138 0.17349
0.017228 1.2312 0.18536
0.017355 1.9283 0.17404
0.017483 1.8186 0.18588
0.017612 1.8069 0.19121
0.017741 1.6911 0.17748
0.017872 1.5179 0.17191
0.018004 1.7395 0.18026
0.018136 1.6185 0.15208
0.01827 1.5605 0.18024
0.018405 1.5316 0.19219
0.01854 1.5262 0.13747
0.018677 1.7476 0.18213
0.018815 1.5546 0.16547
0.018953 1.3296 0.15053
0.019093 1.6856 0.16016
0.019234 1.8278 0.16138
0.019375 1.7296 0.17414
0.019518 1.6928 0.17407
0.019662 1.6613 0.14226
0.019807 1.743 0.16427
0.019953 2.0056 0.18924
0.0201 1.4163 0.13824
0.020248 1.9198 0.15696
0.020397 1.5402 0.15093
0.020547 2.0113 0.17916
0.020699 1.2588 0.13056
0.020851 1.7342 0.14152
0.021005 1.3521 0.14505
0.02116 1.4553 0.1401
0.021316 1.6266 0.13459
0.021473 1.7175 0.15649
0.021631 1.4069 0.13477
0.02179 1.4639 0.13556
0.021951 1.3585 0.12106
0.022113 1.4545 0.1401
0.022276 1.4147 0.1361
0.02244 1.6594 0.12511
0.022605 1.4572 0.14676
0.022772 1.6255 0.13459
0.02294 1.7849 0.13298
0.023109 1.6255 0.13384
0.023279 1.6502 0.15224
0.02345 1.4424 0.11672
0.023623 1.7242 0.12945
0.023797 1.6306 0.14589
0.023973 1.7091 0.12312
0.024149 1.6542 0.13033
0.024327 1.7245 0.13155
0.024507 1.6254 0.12784
0.024687 1.8372 0.12508
0.024869 1.6712 0.13402
0.025052 1.5784 0.11615
0.025237 1.7158 0.13118
0.025423 1.6892 0.12676
0.02561 1.6602 0.11755
0.025799 1.8265 0.1242
0.025989 1.7541 0.13646
0.026181 1.8047 0.1176
0.026373 1.8668 0.12495
0.026568 1.6088 0.11785
0.026764 1.9217 0.12226
0.026961 1.9882 0.12825
0.027159 1.5923 0.11724
0.02736 1.9549 0.11659
0.027561 1.9095 0.13063
0.027764 1.5792 0.10345
0.027969 1.7056 0.11638
0.028175 1.7799 0.11446
0.028383 1.9942 0.12251
0.028592 2.0617 0.12204
0.028802 1.736 0.11089
0.029015 2.0849 0.116
0.029228 1.9636 0.12106
0.029444 1.9565 0.11162
0.029661 2.0251 0.11472
0.029879 1.9887 0.11891
0.0301 2.1437 0.11322
0.030321 2.2856 0.13042
0.030545 2.1794 0.11057
0.03077 2.0778 0.11459
0.030997 2.1705 0.11957
0.031225 2.3543 0.11208
0.031455 2.0969 0.11714
0.031687 2.3571 0.1125
0.03192 2.1493 0.11411
0.032156 2.3371 0.1151
0.032393 2.4441 0.11415
0.032631 2.2094 0.11266
0.032872 2.37 0.11117
0.033114 2.2483 0.11026
0.033358 2.5895 0.11782
0.033604 2.4469 0.11135
0.033851 2.7319 0.11501
0.034101 2.6028 0.12294
0.034352 2.6364 0.10742
0.034605 2.5397 0.11533
0.03486 2.4239 0.10699
0.035117 2.6242 0.11011
0.035376 2.5767 0.10971
0.035637 2.8644 0.11708
0.035899 2.6325 0.10759
0.036164 2.8125 0.11063
0.03643 2.5184 0.10964
0.036699 3.0116 0.10903
0.036969 2.559 0.1061
0.037241 3.2824 0.11797
0.037516 2.654 0.10699
0.037792 3.1723 0.11142
0.038071 2.7587 0.10489
0.038351 3.1257 0.11464
0.038634 2.6445 0.098473
0.038919 2.9031 0.10638
0.039205 2.933 0.10516
0.039494 3.1998 0.11284
0.039785 2.9484 0.099571
0.040079 3.1265 0.10807
0.040374 2.9266 0.10051
0.040671 2.9435 0.10554
0.040971 3.1888 0.10347
0.041273 2.8559 0.098748
0.041577 3.0526 0.10053
0.041883 2.9277 0.099592
0.042192 3.2249 0.10505
0.042503 3.0938 0.097361
0.042816 3.0355 0.098311
0.043132 3.2563 0.099359
0.04345 2.9539 0.096998
0.04377 3.2346 0.10001
0.044092 2.9193 0.093532
0.044417 3.2737 0.09863
0.044744 2.8262 0.088571
0.045074 2.8775 0.091345
0.045406 3.1557 0.094705
0.045741 2.8826 0.089863
0.046078 2.9688 0.0909
0.046417 2.9694 0.089544
0.04676 2.854 0.088848
0.047104 3.0081 0.088033
0.047451 2.8456 0.084445
0.047801 2.6668 0.082495
0.048153 2.787 0.084065
0.048508 2.6496 0.079781
0.048865 2.7534 0.08219
0.049225 2.5985 0.079668
0.049588 2.5683 0.077452
0.049954 2.4707 0.076096
0.050322 2.6262 0.079535
0.050693 2.646 0.076274
0.051066 2.375 0.073305
0.051442 2.603 0.075747
0.051821 2.4203 0.072463
0.052203 2.4465 0.072679
0.052588 2.4049 0.070978
0.052975 2.3887 0.070916
0.053366 2.2057 0.067268
0.053759 2.2686 0.067817
0.054155 2.1985 0.0664
0.054554 2.1659 0.063977
0.054956 2.1756 0.065004
0.055361 2.2122 0.064647
0.055769 2.1867 0.06495
0.05618 2.1365 0.062712
0.056594 2.0304 0.060792
0.057011 2.1934 0.062583
0.057431 2.133 0.062221
0.057854 2.1036 0.060433
0.058281 2.1219 0.061036
0.05871 2.1936 0.060658
0.059143 2.0588 0.058735
0.059579 2.0147 0.057797
0.060018 2.0201 0.056985
0.06046 2.1588 0.058731
0.060905 2.1206 0.057696
0.061354 2.1823 0.058636
0.061806 2.055 0.056119
0.062262 2.1795 0.05742
0.062721 2.2178 0.057021
0.063183 2.2477 0.057961
0.063648 2.1767 0.05608
0.064117 2.2452 0.055802
0.06459 2.3121 0.056777
0.065066 2.3605 0.056975
0.065545 2.4581 0.058176
0.066028 2.4903 0.058273
0.066515 2.5701 0.05745
0.067005 2.6247 0.058584
0.067499 2.6492 0.059111
0.067996 2.7639 0.058789
0.068497 3.0312 0.06062
0.069002 3.092 0.062219
0.06951 3.1401 0.061152
0.070023 3.5487 0.064458
0.070539 4.0186 0.069085
0.071058 4.4765 0.071114
0.071582 4.7873 0.073019
0.072109 5.4945 0.078775
0.072641 6.0472 0.081249
0.073176 6.6045 0.08453
0.073715 7.1448 0.087219
0.074258 7.6431 0.08868
0.074806 8.0758 0.091834
0.075357 8.3289 0.092134
0.075912 8.8084 0.0941
0.076472 8.8068 0.092194
0.077035 9.0862 0.094667
0.077603 8.82 0.092069
0.078175 8.7821 0.090809
0.078751 8.8136 0.090639
0.079331 8.886 0.090401
0.079916 8.8982 0.089955
0.080504 8.9821 0.090236
0.081098 9.1441 0.088277
0.081695 9.359 0.091554
0.082297 9.5111 0.088608
0.082904 9.6455 0.090569
0.083515 9.7226 0.088529
0.08413 10.048 0.090852
0.08475 10.246 0.091408
0.085374 10.801 0.092263
0.086004 10.807 0.092896
0.086637 10.91 0.090523
0.087276 10.83 0.089588
0.087919 10.684 0.08996
0.088567 10.591 0.08842
0.089219 10.294 0.086712
0.089877 9.893 0.083792
0.090539 9.802 0.082756
0.091206 9.454 0.08065
0.091878 9.0616 0.079179
0.092555 8.8736 0.077705
0.093237 8.4436 0.074298
0.093924 8.1414 0.072544
0.094616 7.6371 0.070757
0.095314 7.2411 0.067588
0.096016 6.5733 0.064014
0.096724 6.131 0.062138
0.097436 5.5026 0.058319
0.098154 4.9441 0.053789
0.098878 4.3432 0.05089
0.099606 3.9725 0.048535
0.10034 3.7489 0.046007
0.10108 3.4462 0.044454
0.10182 3.412 0.043739
0.10257 3.3086 0.04249
0.10333 3.2321 0.042286
0.10409 3.1094 0.040446
0.10486 3.064 0.04046
0.10563 3.0387 0.039722
0.10641 2.8366 0.03822
0.10719 2.8103 0.038033
0.10798 2.7155 0.036458
0.10878 2.6662 0.036658
0.10958 2.5944 0.035166
0.11039 2.6187 0.035713
0.1112 2.5218 0.034188
0.11202 2.5681 0.035006
0.11285 2.4623 0.033255
0.11368 2.5822 0.034367
0.11452 2.708 0.034261
0.11536 2.9272 0.036056
0.11621 3.1739 0.036906
0.11707 3.2244 0.036984
0.11793 3.1306 0.036237
0.1188 3.0059 0.035013
0.11967 2.7564 0.033782
0.12056 2.5541 0.031806
0.12144 2.329 0.030255
0.12234 2.2454 0.029924
0.12324 2.0744 0.02803
0.12415 1.9798 0.027391
0.12506 1.8722 0.026807
0.12598 1.7566 0.025251
0.12691 1.7177 0.025039
0.12785 1.6236 0.024186
0.12879 1.5854 0.023814
0.12974 1.545 0.02316
0.1307 1.5447 0.02303
0.13166 1.5012 0.022654
0.13263 1.4808 0.022327
0.13361 1.4598 0.021899
0.13459 1.5094 0.022153
0.13558 1.4971 0.02181
0.13658 1.436 0.021489
0.13759 1.4382 0.021106
0.1386 1.4677 0.021216
0.13962 1.4174 0.020752
0.14065 1.4639 0.020819
0.14169 1.4614 0.020692
0.14273 1.4683 0.02066
0.14378 1.5191 0.020746
0.14484 1.4676 0.020308
0.14591 1.4458 0.01999
0.14699 1.4861 0.020211
0.14807 1.4636 0.019845
0.14916 1.4559 0.019631
0.15026 1.4682 0.019535
0.15137 1.4523 0.01937
0.15248 1.407 0.018853
0.15361 1.4328 0.018952
0.15474 1.4061 0.018592
0.15588 1.3843 0.018372
0.15703 1.4025 0.018306
0.15818 1.36 0.017916
0.15935 1.3722 0.017879
0.16052 1.3258 0.017387
0.16171 1.3233 0.017289
0.1629 1.3032 0.017064
0.1641 1.3119 0.016969
0.16531 1.2485 0.016486
0.16653 1.2441 0.016277
0.16775 1.2077 0.015939
0.16899 1.2064 0.015813
0.17023 1.1534 0.015401
0.17149 1.1382 0.015166
0.17275 1.0958 0.014745
0.17403 1.0768 0.014559
0.17531 1.0688 0.014423
0.1766 1.0137 0.013871
0.1779 1.0111 0.013823
0.17921 0.98908 0.013524
0.18053 0.91678 0.013004
0.18186 0.89248 0.012699
0.1832 0.86939 0.012471
0.18455 0.86421 0.012349
0.18591 0.81016 0.011875
0.18728 0.78306 0.011576
0.18866 0.75193 0.01134
0.19005 0.7093 0.010847
0.19145 0.693 0.010753
0.19286 0.65288 0.010314
0.19429 0.63224 0.0101
0.19572 0.61405 0.0099145
