#
0.0050184 13.825 2.4625
0.0050554 41.803 4.7748
0.0050926 983.7 23.137
0.0051301 17.762 2.7874
0.0051679 27.107 3.1416
0.005206 636.57 26.322
0.0052444 298.08 25.476
0.005283 NaN NaN
0.005322 14.438 3.2447
0.0053612 10.764 2.4335
0.0054007 67.75 4.9607
0.0054405 28.206 2.4817
0.0054806 22.754 2.8793
0.005521 1746.2 25.169
0.0055616 11.204 2.2197
0.0056026 730.8 17.837
0.0056439 35.831 3.6094
0.0056855 18.04 3.6276
0.0057274 687.67 27.359
0.0057696 6.4469 1.885
0.0058121 13.496 2.7207
0.0058549 12.006 1.7101
0.0058981 93.494 8.2404
0.0059416 37.452 4.52
0.0059853 22.906 2.6748
0.0060294 12.958 3.77
0.0060739 593.44 9.9687
0.0061186 22.218 3.4842
0.0061637 322.05 9.3618
0.0062091 14.891 1.9043
0.0062549 214.94 9.6753
0.006301 4.2478 2.1767
0.0063474 12.42 1.8453
0.0063942 12.988 2.6658
0.0064413 132.66 12.02
0.0064888 19.495 4.6172
0.0065366 12.799 1.4692
0.0065847 180.55 5.7243
0.0066333 294.12 7.6302
0.0066821 262.65 9.0386
0.0067314 13.4 2.4238
0.006781 127.9 7.4641
0.006831 5.884 1.8048
0.0068813 11.043 1.7421
0.006932 28.505 2.9824
0.0069831 9.3616 2.6159
0.0070345 10.17 1.7862
0.0070864 10.376 1.1937
0.0071386 151.68 5.48
0.0071912 819.04 24.378
0.0072442 179.48 6.9896
0.0072976 6.6787 1.2797
0.0073513 49.059 2.9859
0.0074055 8.3185 1.5149
0.0074601 32.546 3.7699
0.0075151 6.4244 2.6658
0.0075704 8.8695 1.4711
0.0076262 14.511 1.5073
0.0076824 112.09 4.7116
0.007739 217.57 7.2552
0.0077961 65.334 2.8942
0.0078535 64.557 4.4844
0.0079114 9.4444 1.6096
0.0079697 37.637 5.2318
0.0080284 6.4334 1.686
0.0080876 6.9486 1.0851
0.0081471 9.7647 1.1235
0.0082072 7.8156 1.2515
0.0082677 172.17 5.1751
0.0083286 84 4.0792
0.00839 51.773 4.338
0.0084518 4.503 1.0542
0.0085141 15.14 1.5972
0.0085768 4.8761 0.8795
0.00864 5.1455 1.508
0.0087037 11.372 1.507
0.0087678 42.028 2.3223
0.0088324 101.62 3.5067
0.0088975 5.7985 1.131
0.0089631 21.523 1.833
0.0090291 12.312 1.6433
0.0090956 6.6393 1.1538
0.0091627 16.238 4.215
0.0092302 6.1957 0.8496
0.0092982 31.56 1.6942
0.0093667 99.624 3.683
0.0094357 3.7037 1.4397
0.0095053 17.647 1.4262
0.0095753 13.206 1.7936
0.0096459 4.4085 0.80794
0.0097169 5.5275 1.0099
0.0097885 5.6006 0.76869
0.0098607 82.068 3.3433
0.0099333 57.227 3.7231
0.010007 10.878 0.97729
0.01008 7.2425 0.99968
0.010155 4.6899 1.0209
0.010229 3.8926 0.85079
0.010305 5.6091 0.88164
0.010381 7.9705 1.0163
0.010457 51.618 2.0811
0.010534 11.176 1.0564
0.010612 8.3298 1.5149
0.01069 3.9786 0.74513
0.010769 3.815 0.75402
0.010848 4.2589 0.67173
0.010928 6.6399 0.83565
0.011009 41.787 1.9095
0.01109 15.639 1.6233
0.011171 2.9108 0.55819
0.011254 4.4951 0.74544
0.011337 4.2666 0.8227
0.01142 5.1584 0.72028
0.011504 24.893 1.3696
0.011589 19.397 1.3583
0.011675 4.4837 0.72455
0.011761 6.3006 0.88035
0.011847 5.8349 1.0838
0.011935 4.4054 0.59204
0.012023 10.368 0.8441
0.012111 32.118 1.8724
0.0122 7.1546 0.86719
0.01229 3.3728 0.58534
0.012381 2.4459 0.47992
0.012472 3.2619 0.57692
0.012564 8.9382 0.87001
0.012657 20.054 1.2746
0.01275 8.0876 0.78361
0.012844 3.2922 0.63989
0.012938 3.329 0.53607
0.013034 3.4053 0.57567
0.01313 7.7227 0.62182
0.013227 13.368 1.0418
0.013324 4.3812 0.75749
0.013422 1.9959 0.40396
0.013521 3.8189 0.65301
0.013621 3.4919 0.44209
0.013721 16.549 1.0809
0.013822 7.5611 0.81675
0.013924 3.4744 0.46443
0.014027 3.0292 0.65245
0.01413 2.9288 0.42755
0.014234 7.9846 0.68016
0.014339 7.5462 0.67075
0.014445 3.7725 0.55854
0.014551 4.768 0.78929
0.014658 2.0376 0.30778
0.014766 7.2251 0.66509
0.014875 7.6222 0.73642
0.014985 3.3399 0.49152
0.015095 2.0786 0.3628
0.015206 2.8525 0.43421
0.015319 7.3947 0.6304
0.015431 5.7475 0.53208
0.015545 3.9386 0.50815
0.01566 2.7139 0.47696
0.015775 2.8255 0.39373
0.015891 8.4374 0.60358
0.016008 4.6007 0.56503
0.016126 3.0511 0.42482
0.016245 2.336 0.39466
0.016365 3.0207 0.35804
0.016486 9.03 0.69626
0.016607 2.7581 0.34936
0.016729 2.5887 0.44135
0.016853 2.3087 0.33794
0.016977 5.7963 0.50138
0.017102 4.0717 0.4439
0.017228 2.2121 0.39024
0.017355 3.0531 0.34397
0.017483 4.482 0.45574
0.017612 6.2462 0.55363
0.017741 3.0596 0.37432
0.017872 2.36 0.33717
0.018004 2.0227 0.30778
0.018136 5.3429 0.43021
0.01827 2.8176 0.38
0.018405 3.1065 0.42866
0.01854 2.5761 0.28061
0.018677 6.3042 0.53847
0.018815 2.7881 0.34772
0.018953 2.236 0.307
0.019093 2.3346 0.29696
0.019234 4.9692 0.41516
0.019375 2.7126 0.34264
0.019518 2.764 0.34936
0.019662 2.863 0.29312
0.019807 4.1047 0.39392
0.019953 3.2712 0.37936
0.0201 2.623 0.29513
0.020248 3.4268 0.32877
0.020397 3.9682 0.37813
0.020547 3.1502 0.35208
0.020699 2.4947 0.2881
0.020851 3.7898 0.32718
0.021005 3.2249 0.35001
0.02116 2.9742 0.31365
0.021316 3.5965 0.31297
0.021473 3.1697 0.33325
0.021631 2.7886 0.29725
0.02179 2.9154 0.29967
0.021951 3.5958 0.30731
0.022113 3.4204 0.33574
0.022276 2.8604 0.30309
0.02244 3.7791 0.29516
0.022605 4.222 0.38937
0.022772 2.718 0.27331
0.02294 3.4318 0.28881
0.023109 3.1526 0.29204
0.023279 3.0882 0.32641
0.02345 3.272 0.27484
0.023623 3.6737 0.29565
0.023797 3.0142 0.31097
0.023973 3.2819 0.26732
0.024149 4.2802 0.32722
0.024327 3.5851 0.29685
0.024507 3.5827 0.29685
0.024687 4.5024 0.30583
0.024869 3.8465 0.3178
0.025052 3.5251 0.27142
0.025237 4.3294 0.32535
0.025423 3.5768 0.2886
0.02561 4.1492 0.29016
0.025799 4.2746 0.29691
0.025989 4.2541 0.33196
0.026181 3.6162 0.26063
0.026373 4.4545 0.30155
0.026568 4.1302 0.29474
0.026764 5.0975 0.31076
0.026961 3.9205 0.28195
0.027159 4.6649 0.31279
0.02736 4.7526 0.28395
0.027561 5.3414 0.34079
0.027764 4.304 0.26642
0.027969 5.0126 0.31103
0.028175 4.7987 0.29322
0.028383 4.811 0.29724
0.028592 5.358 0.30711
0.028802 4.8258 0.28835
0.029015 5.7038 0.29936
0.029228 5.3079 0.31058
0.029444 5.5039 0.29201
0.029661 5.9667 0.30706
0.029879 5.5149 0.30893
0.0301 6.7906 0.31408
0.030321 6.9141 0.35371
0.030545 6.3111 0.29347
0.03077 6.8829 0.32492
0.030997 7.2512 0.34051
0.031225 6.5118 0.29087
0.031455 6.9949 0.33331
0.031687 7.8112 0.31917
0.03192 7.9426 0.34157
0.032156 7.7833 0.32737
0.032393 9.8937 0.35762
0.032631 9.0823 0.35555
0.032872 11.424 0.37966
0.033114 10.292 0.36694
0.033358 11.624 0.38856
0.033604 10.858 0.36503
0.033851 10.285 0.34767
0.034101 10.703 0.38821
0.034352 10.449 0.33305
0.034605 11.933 0.38905
0.03486 11.525 0.36298
0.035117 12.832 0.37892
0.035376 13.108 0.38496
0.035637 14.187 0.40558
0.035899 13.481 0.3788
0.036164 14.24 0.38737
0.03643 14.267 0.40572
0.036699 13.706 0.36222
0.036969 12.816 0.3694
0.037241 13.21 0.36877
0.037516 11.595 0.34815
0.037792 11.895 0.33623
0.038071 11.237 0.3297
0.038351 11.676 0.34529
0.038634 10.849 0.3106
0.038919 11.896 0.33544
0.039205 11.001 0.31733
0.039494 10.865 0.32422
0.039785 10.147 0.28794
0.040079 10.749 0.31239
0.040374 10.546 0.29738
0.040671 10.952 0.31723
0.040971 9.9321 0.28486
0.041273 9.8342 0.28564
0.041577 10.756 0.29418
0.041883 9.8737 0.28513
0.042192 10.25 0.29212
0.042503 9.4737 0.26576
0.042816 9.7204 0.27435
0.043132 9.4783 0.26451
0.04345 9.4293 0.27025
0.04377 10.143 0.27625
0.044092 9.3493 0.261
0.044417 9.1037 0.2567
0.044744 8.8047 0.24381
0.045074 8.1991 0.2406
0.045406 8.2191 0.23863
0.045741 7.6795 0.22896
0.046078 7.4504 0.22488
0.046417 7.4588 0.22162
0.04676 6.4034 0.20799
0.047104 6.7122 0.20552
0.047451 6.4055 0.198
0.047801 6.3773 0.19929
0.048153 6.1161 0.19467
0.048508 6.0309 0.1881
0.048865 5.7969 0.18648
0.049225 5.8347 0.18659
0.049588 5.5026 0.17726
0.049954 5.2231 0.17303
0.050322 5.5326 0.18052
0.050693 5.5093 0.17213
0.051066 5.1101 0.16813
0.051442 5.5928 0.1736
0.051821 4.8369 0.16028
0.052203 4.6104 0.1562
0.052588 4.6352 0.15424
0.052975 4.6403 0.15471
0.053366 4.226 0.14579
0.053759 4.4945 0.1494
0.054155 4.1092 0.14217
0.054554 4.3019 0.14112
0.054956 3.4004 0.12758
0.055361 4.012 0.1364
0.055769 3.8186 0.13453
0.05618 3.6654 0.1288
0.056594 3.6733 0.12815
0.057011 3.7555 0.1284
0.057431 3.9346 0.13239
0.057854 3.7111 0.12583
0.058281 3.5079 0.12312
0.05871 3.6201 0.12225
0.059143 3.4589 0.11942
0.059579 3.6699 0.12224
0.060018 3.5665 0.1187
0.06046 3.2311 0.11287
0.060905 3.5338 0.11682
0.061354 3.2675 0.11271
0.061806 3.5216 0.11522
0.062262 3.4912 0.11405
0.062721 3.3772 0.1105
0.063183 3.4674 0.11302
0.063648 3.2852 0.1082
0.064117 3.6658 0.11185
0.06459 3.3161 0.10683
0.065066 3.3439 0.10655
0.065545 3.5319 0.10954
0.066028 3.3347 0.106
0.066515 3.3186 0.10267
0.067005 3.5063 0.10642
0.067499 3.6452 0.10893
0.067996 3.7262 0.10723
0.068497 3.6852 0.10508
0.069002 3.8549 0.10916
0.06951 3.6413 0.10356
0.070023 3.746 0.1042
0.070539 3.759 0.10518
0.071058 3.8555 0.1039
0.071582 3.6832 0.10091
0.072109 3.7476 0.10255
0.072641 3.751 0.1009
0.073176 3.7079 0.099909
0.073715 3.7319 0.099449
0.074258 3.7699 0.098259
0.074806 3.6318 0.097235
0.075357 3.6527 0.096324
0.075912 3.3766 0.092099
0.076472 3.4964 0.091756
0.077035 3.243 0.089452
0.077603 3.2809 0.088793
0.078175 3.3346 0.08847
0.078751 3.3302 0.088089
0.079331 3.3156 0.087316
0.079916 3.294 0.08654
0.080504 3.05 0.083217
0.081098 3.2249 0.082916
0.081695 3.0553 0.082824
0.082297 2.9086 0.077648
0.082904 3.0086 0.080086
0.083515 2.7941 0.07525
0.08413 2.6911 0.074592
0.08475 2.8461 0.076373
0.085374 2.9333 0.076194
0.086004 2.711 0.073795
0.086637 2.7878 0.072573
0.087276 2.6526 0.070356
0.087919 2.5788 0.070186
0.088567 2.457 0.067685
0.089219 2.5869 0.069007
0.089877 2.6211 0.068446
0.090539 2.6678 0.068504
0.091206 2.6046 0.067163
0.091878 2.5769 0.067001
0.092555 2.5332 0.065925
0.093237 2.3618 0.06245
0.093924 2.4717 0.063481
0.094616 2.4381 0.063492
0.095314 2.3497 0.061179
0.096016 2.2874 0.060036
0.096724 2.3647 0.061295
0.097436 2.2775 0.059611
0.098154 2.2571 0.057731
0.098878 2.3517 0.059396
0.099606 2.2478 0.057954
0.10034 2.1822 0.055716
0.10108 2.1498 0.055729
0.10182 2.1384 0.054969
0.10257 2.1503 0.054359
0.10333 2.1119 0.054262
0.10409 2.1333 0.05316
0.10486 2.0932 0.05308
0.10563 2.1952 0.053522
0.10641 2.0161 0.051149
0.10719 1.9992 0.050925
0.10798 2.0965 0.050798
0.10878 2.0632 0.051146
0.10958 1.9166 0.04801
0.11039 1.9288 0.048675
0.1112 1.8732 0.046821
0.11202 1.9553 0.048485
0.11285 1.8647 0.045974
0.11368 1.8237 0.045918
0.11452 1.8175 0.044643
0.11536 1.7564 0.044491
0.11621 1.8912 0.045323
0.11707 1.9216 0.045405
0.11793 1.8172 0.043959
0.1188 1.8235 0.043418
0.11967 1.6536 0.041731
0.12056 1.7361 0.041749
0.12144 1.6558 0.040633
0.12234 1.7109 0.041558
0.12324 1.7129 0.040495
0.12415 1.654 0.039824
0.12506 1.6163 0.03962
0.12598 1.6476 0.038853
0.12691 1.6136 0.038567
0.12785 1.6035 0.03819
0.12879 1.5031 0.036904
0.12974 1.572 0.037106
0.1307 1.4784 0.035852
0.13166 1.5012 0.036025
0.13263 1.4926 0.035642
0.13361 1.4562 0.034792
0.13459 1.4953 0.035062
0.13558 1.4692 0.034369
0.13658 1.4376 0.03421
0.13759 1.4152 0.033323
0.1386 1.3923 0.03292
0.13962 1.37 0.032503
0.14065 1.4135 0.03257
0.14169 1.3248 0.031441
0.14273 1.4035 0.03217
0.14378 1.3104 0.030768
0.14484 1.2821 0.030325
0.14591 1.2466 0.029677
0.14699 1.2958 0.030144
0.14807 1.1993 0.028762
0.14916 1.2123 0.028672
0.15026 1.2476 0.028786
0.15137 1.1679 0.027832
0.15248 1.1608 0.027428
0.15361 1.1832 0.027571
0.15474 1.1293 0.026726
0.15588 1.1193 0.026495
0.15703 1.0421 0.025382
0.15818 1.076 0.02559
0.15935 1.1214 0.025917
0.16052 1.0728 0.025108
0.16171 1.0301 0.024538
0.1629 1.0372 0.024466
0.1641 1.0201 0.024075
0.16531 1.0175 0.023926
0.16653 1.0099 0.023581
0.16775 0.97067 0.023013
0.16899 0.96525 0.022784
0.17023 0.9536 0.022551
0.17149 0.95489 0.022362
0.17275 0.88237 0.021361
0.17403 0.90478 0.021518
0.17531 0.88262 0.021157
0.1766 0.87071 0.020745
0.1779 0.85416 0.020518
0.17921 0.81514 0.019864
0.18053 0.78775 0.019513
0.18186 0.78548 0.019275
0.1832 0.75192 0.0188
0.18455 0.72948 0.018424
0.18591 0.74054 0.018396
0.18728 0.72669 0.018068
0.18866 0.72199 0.017992
0.19005 0.72975 0.017781
0.19145 0.69884 0.017485
0.19286 0.65169 0.016734
0.19429 0.64998 0.016617
0.19572 0.62771 0.016296
