#
0.0050184 3.8397 3.0895
0.0050554 4.979 3.8617
0.0050926 4.9507 3.8617
0.0051301 10.49 4.8842
0.0051679 10.417 4.4587
0.005206 15.985 9.458
0.0052444 21.313 15.445
0.005283 NaN NaN
0.005322 6.9155 5.1485
0.0053612 13.056 6.1053
0.0054007 10.487 4.4587
0.0054405 13.748 3.9377
0.0054806 8.5972 4.0703
0.005521 6.7771 3.6407
0.0055616 8.1627 4.3688
0.0056026 6.107 3.7835
0.0056439 5.0451 3.153
0.0056855 3.1494 3.6411
0.0057274 10.317 7.7229
0.0057696 10.505 5.4607
0.0058121 10.383 5.4608
0.0058549 9.2753 3.4323
0.0058981 3.1494 3.6411
0.0059416 4.9885 3.8616
0.0059853 8.8429 3.8218
0.0060294 10.411 7.7228
0.0060739 0.37539 0.84086
0.0061186 15.919 6.6879
0.0061637 3.6847 2.3648
0.0062091 3.1243 2.1022
0.0062549 1.6405 2.1851
0.006301 4.9318 5.4613
0.0063474 3.6186 2.3649
0.0063942 7.8319 4.7292
0.0064413 4.9129 5.4613
0.0064888 15.909 9.4581
0.0065366 11.293 3.1434
0.0065847 1.301 1.2877
0.0066333 6.4073 2.627
0.0066821 10.479 4.128
0.0067314 6.0768 3.7835
0.006781 3.9606 3.0894
0.006831 4.9507 3.8617
0.0068813 4.8988 2.7307
0.006932 8.8537 3.8218
0.0069831 3.2879 3.6409
0.0070345 5.782 3.1206
0.0070864 3.6021 1.6722
0.0071386 8.5233 2.9786
0.0071912 6.9156 5.1485
0.0072442 6.3724 3.0528
0.0072976 5.6015 2.7136
0.0073513 4.0721 2.0353
0.0074055 2.1497 1.9312
0.0074601 6.039 3.7836
0.0075151 4.9318 5.4613
0.0075704 4.4594 2.4272
0.0076262 6.5054 2.3405
0.0076824 5.4626 2.4322
0.007739 1.9822 1.7166
0.0077961 3.3991 1.5739
0.0078535 0.96683 1.5611
0.0079114 2.3385 1.931
0.0079697 -0.45305 NaN
0.0080284 -0.48325 NaN
0.0080876 7.9824 2.6567
0.0081471 0.81398 0.90907
0.0082072 3.4735 1.986
0.0082677 2.6618 1.5605
0.0083286 2.5013 1.7201
0.00839 6.7708 3.6407
0.0084518 5.6057 2.7136
0.0085141 1.2009 1.1886
0.0085768 4.1841 1.9111
0.00864 3.9757 3.0893
0.0087037 2.4567 1.7201
0.0087678 2.0921 1.2852
0.0088324 4.4573 1.7163
0.0088975 3.9757 2.1845
0.0089631 1.9006 1.3515
0.0090291 0.61638 1.0929
0.0090956 3.5284 1.986
0.0091627 10.487 7.7227
0.0092302 3.4969 1.5211
0.0092982 0.45544 0.64407
0.0093667 4.3224 1.8062
0.0094357 2.2016 2.7311
0.0095053 3.473 1.5211
0.0095753 3.162 2.1022
0.0096459 3.9178 1.7837
0.0097169 0.43185 0.91089
0.0097885 3.1387 1.3762
0.0098607 1.5568 1.1827
0.0099333 3.1914 2.1022
0.010007 2.1619 1.0703
0.01008 4.2587 1.8062
0.010155 3.8737 2.1846
0.010229 1.3293 1.2876
0.010305 4.254 1.8062
0.010381 3.3747 1.5739
0.010457 1.9321 1.0293
0.010534 2.96 1.3137
0.010612 0.84126 1.366
0.01069 0.8507 0.9659
0.010769 3.8524 1.7837
0.010848 2.6474 1.2742
0.010928 1.5929 1.0405
0.011009 2.6063 1.156
0.01109 0.34054 0.84093
0.011171 3.6839 1.4712
0.011254 1.9256 1.2139
0.011337 5.0262 2.0641
0.01142 1.0619 0.86022
0.011504 1.7557 0.92279
0.011589 2.3581 1.1634
0.011675 1.8043 1.15
0.011761 0.063469 0.60765
0.011847 2.4704 1.7201
0.011935 2.6025 1.1035
0.012023 1.8533 0.90328
0.012111 1.1586 0.94625
0.0122 0.53489 0.73607
0.01229 3.0235 1.3137
0.012381 1.8064 1.0179
0.012472 3.4598 1.4044
0.012564 2.0033 1.0292
0.012657 1.1173 0.80939
0.01275 1.0377 0.75357
0.012844 1.957 1.2138
0.012938 1.5818 0.93963
0.013034 0.94186 0.8229
0.01313 2.0144 0.78514
0.013227 0.33353 0.5726
0.013324 -0.50191 NaN
0.013422 1.8238 0.95574
0.013521 0.59562 0.77283
0.013621 0.86581 0.61088
0.013721 1.6546 0.86325
0.013822 1.2429 0.87411
0.013924 1.3545 0.7434
0.014027 0.86486 0.96589
0.01413 0.74045 0.60713
0.014234 2.1265 0.86244
0.014339 0.67248 0.59076
0.014445 1.9403 0.99111
0.014551 1.4386 1.1132
0.014658 1.0855 0.58998
0.014766 2.8818 1.0064
0.014875 0.90129 0.70502
0.014985 2.3141 0.99673
0.015095 0.11486 0.42962
0.015206 1.143 0.71859
0.015319 1.4097 0.70503
0.015431 0.9284 0.59483
0.015545 1.7743 0.85014
0.01566 1.8871 0.99115
0.015775 1.1249 0.65279
0.015891 1.6483 0.67743
0.016008 1.5828 0.83629
0.016126 1.8014 0.81318
0.016245 0.15715 0.45485
0.016365 0.73199 0.50509
0.016486 1.3572 0.70507
0.016607 2.2752 0.77233
0.016729 1.7035 0.89203
0.016853 1.1374 0.62848
0.016977 0.60208 0.47919
0.017102 1.4364 0.67179
0.017228 -0.48395 NaN
0.017355 1.0084 0.53288
0.017483 1.5561 0.68285
0.017612 2.7027 0.87525
0.017741 1.3099 0.63068
0.017872 0.68787 0.51994
0.018004 1.0108 0.59004
0.018136 1.0408 0.51221
0.01827 0.2375 0.43041
0.018405 0.64188 0.57523
0.01854 1.1188 0.48974
0.018677 0.46017 0.45543
0.018815 0.96771 0.55599
0.018953 0.9046 0.53542
0.019093 0.61073 0.44619
0.019234 1.5545 0.59137
0.019375 1.2191 0.59431
0.019518 1.8766 0.71047
0.019662 1.4052 0.52526
0.019807 2.2697 0.71713
0.019953 0.78069 0.52489
0.0201 0.95462 0.4821
0.020248 1.1964 0.51042
0.020397 1.4145 0.58449
0.020547 1.0526 0.54222
0.020699 1.9171 0.62224
0.020851 0.90546 0.43742
0.021005 1.0022 0.52385
0.02116 1.7532 0.60116
0.021316 1.93 0.56525
0.021473 1.5699 0.59136
0.021631 1.2246 0.51041
0.02179 1.3127 0.51849
0.021951 1.8525 0.5453
0.022113 1.1008 0.50816
0.022276 2.6506 0.69791
0.02244 1.7353 0.50372
0.022605 1.1024 0.52872
0.022772 1.9171 0.56525
0.02294 1.6677 0.50383
0.023109 1.2125 0.47466
0.023279 2.5573 0.71304
0.02345 1.7804 0.5037
0.023623 0.88892 0.40272
0.023797 1.7058 0.58399
0.023973 2.0462 0.51962
0.024149 1.7192 0.52082
0.024327 1.9061 0.53691
0.024507 0.21391 0.29433
0.024687 1.054 0.39552
0.024869 0.92607 0.42639
0.025052 2.1725 0.52061
0.025237 1.3202 0.46503
0.025423 1.6782 0.49608
0.02561 1.5567 0.45518
0.025799 2.7395 0.57219
0.025989 0.64464 0.38127
0.026181 1.5324 0.43065
0.026373 1.8099 0.4807
0.026568 2.28 0.53554
0.026764 1.493 0.42794
0.026961 2.7921 0.5705
0.027159 1.8718 0.49431
0.02736 2.0031 0.45679
0.027561 1.2094 0.42851
0.027764 1.2892 0.37963
0.027969 1.7881 0.46543
0.028175 1.7059 0.44055
0.028383 2.4765 0.51866
0.028592 1.7466 0.44215
0.028802 2.2852 0.48651
0.029015 1.5855 0.40265
0.029228 2.372 0.50656
0.029444 2.1825 0.45198
0.029661 2.3216 0.46821
0.029879 2.841 0.53299
0.0301 2.9593 0.49793
0.030321 2.7316 0.53727
0.030545 2.2042 0.42652
0.03077 2.8314 0.50323
0.030997 2.984 0.5251
0.031225 1.5779 0.36357
0.031455 3.0387 0.52721
0.031687 2.2912 0.42391
0.03192 2.572 0.472
0.032156 2.8055 0.47304
0.032393 2.8701 0.46339
0.032631 3.0577 0.49377
0.032872 2.7733 0.45275
0.033114 2.3613 0.43136
0.033358 3.0676 0.47939
0.033604 3.2879 0.48055
0.033851 3.1281 0.45999
0.034101 4.1348 0.56888
0.034352 2.7244 0.4122
0.034605 3.6243 0.50909
0.03486 2.6492 0.42198
0.035117 2.9779 0.43888
0.035376 2.7715 0.42887
0.035637 3.0478 0.45145
0.035899 2.5861 0.40389
0.036164 3.1837 0.43943
0.03643 3.292 0.46711
0.036699 3.3818 0.42934
0.036969 3.4886 0.45926
0.037241 3.6181 0.45873
0.037516 3.3087 0.44447
0.037792 3.7478 0.44865
0.038071 2.6856 0.39099
0.038351 3.6657 0.46012
0.038634 3.4508 0.41725
0.038919 3.711 0.44423
0.039205 3.8631 0.44599
0.039494 3.1286 0.41679
0.039785 3.9732 0.42593
0.040079 4.4201 0.47129
0.040374 3.5144 0.40855
0.040671 4.5431 0.47939
0.040971 3.383 0.39584
0.041273 3.8804 0.42443
0.041577 3.9188 0.4197
0.041883 3.3553 0.39671
0.042192 3.7279 0.41793
0.042503 3.1769 0.36848
0.042816 4.5045 0.43858
0.043132 2.9866 0.35734
0.04345 3.3128 0.38276
0.04377 3.3837 0.37971
0.044092 2.9298 0.35261
0.044417 3.1005 0.35938
0.044744 3.5685 0.36863
0.045074 3.6441 0.38037
0.045406 3.7304 0.38102
0.045741 3.1592 0.35152
0.046078 3.0672 0.34611
0.046417 3.9053 0.37892
0.04676 2.8674 0.33411
0.047104 3.1811 0.33812
0.047451 2.7288 0.3116
0.047801 3.0132 0.3286
0.048153 3.5786 0.35293
0.048508 2.8218 0.30943
0.048865 2.9177 0.31752
0.049225 2.6886 0.30606
0.049588 3.5387 0.33672
0.049954 3.937 0.35373
0.050322 4.4315 0.37773
0.050693 4.7356 0.37218
0.051066 6.081 0.42293
0.051442 6.6667 0.43595
0.051821 7.0736 0.4443
0.052203 7.9958 0.46963
0.052588 7.944 0.46109
0.052975 6.9861 0.43536
0.053366 6.9515 0.42856
0.053759 4.3857 0.34489
0.054155 3.1593 0.29638
0.054554 3.0073 0.2819
0.054956 2.3095 0.25577
0.055361 2.461 0.25901
0.055769 2.0202 0.24111
0.05618 1.4301 0.20635
0.056594 1.2801 0.19672
0.057011 1.5665 0.21037
0.057431 1.3389 0.19993
0.057854 1.2749 0.1923
0.058281 1.5097 0.20564
0.05871 1.2533 0.18809
0.059143 1.1997 0.18448
0.059579 1.6391 0.20591
0.060018 1.2187 0.18115
0.06046 1.0059 0.16966
0.060905 1.1837 0.17708
0.061354 1.1345 0.17567
0.061806 1.025 0.16765
0.062262 1.0299 0.16669
0.062721 1.0161 0.1635
0.063183 0.93852 0.16081
0.063648 1.1991 0.17114
0.064117 1.0969 0.16265
0.06459 0.93056 0.1539
0.065066 0.96984 0.15537
0.065545 0.99387 0.15736
0.066028 1.1411 0.16355
0.066515 1.006 0.15249
0.067005 1.055 0.15615
0.067499 0.9715 0.15262
0.067996 1.2518 0.1619
0.068497 0.90115 0.14283
0.069002 1.1528 0.15734
0.06951 1.2987 0.16037
0.070023 0.99699 0.14529
0.070539 0.96763 0.14475
0.071058 1.2359 0.15334
0.071582 1.6723 0.17057
0.072109 1.9892 0.18421
0.072641 2.9558 0.2137
0.073176 3.2551 0.22189
0.073715 3.1972 0.21847
0.074258 3.6037 0.22628
0.074806 2.7934 0.20436
0.075357 1.95 0.17389
0.075912 1.9733 0.17372
0.076472 1.206 0.14072
0.077035 0.95733 0.13175
0.077603 0.94427 0.12943
0.078175 0.91905 0.12697
0.078751 1.0343 0.13156
0.079331 1.0468 0.13125
0.079916 0.91274 0.12447
0.080504 1.117 0.13265
0.081098 0.82859 0.11667
0.081695 0.81112 0.11916
0.082297 1.1611 0.12892
0.082904 1.0475 0.12577
0.083515 0.92968 0.11799
0.08413 0.85195 0.11558
0.08475 0.92621 0.11856
0.085374 1.0507 0.12164
0.086004 1.116 0.12441
0.086637 0.93443 0.11411
0.087276 1.1158 0.11998
0.087919 1.8073 0.14553
0.088567 2.2548 0.157
0.089219 3.4228 0.18644
0.089877 4.4807 0.20716
0.090539 4.9527 0.21519
0.091206 3.9093 0.19167
0.091878 2.2956 0.15277
0.092555 1.9053 0.14077
0.093237 1.5425 0.12676
0.093924 1.0076 0.10831
0.094616 1.0722 0.11126
0.095314 1.1747 0.11268
0.096016 1.063 0.10839
0.096724 0.73563 0.096647
0.097436 0.83526 0.099438
0.098154 0.75731 0.093808
0.098878 0.86924 0.098717
0.099606 0.67111 0.091251
0.10034 0.81207 0.093848
0.10108 0.66085 0.088942
0.10182 0.74828 0.091347
0.10257 0.80172 0.091999
0.10333 0.6418 0.086775
0.10409 0.8341 0.09155
0.10486 0.5974 0.083506
0.10563 0.60981 0.082602
0.10641 0.46463 0.076479
0.10719 0.5779 0.080857
0.10798 0.70904 0.083792
0.10878 0.72083 0.0854
0.10958 0.58075 0.078029
0.11039 0.70134 0.083138
0.1112 0.54963 0.075841
0.11202 0.71889 0.082846
0.11285 0.71778 0.080336
0.11368 0.60562 0.07709
0.11452 0.55535 0.073298
0.11536 0.53982 0.073816
0.11621 0.66677 0.077026
0.11707 0.74954 0.079211
0.11793 0.61279 0.074247
0.1188 0.6883 0.075915
0.11967 0.49049 0.069488
0.12056 0.71237 0.075402
0.12144 0.64723 0.072899
0.12234 0.59028 0.071549
0.12324 0.66224 0.072007
0.12415 0.68381 0.072694
0.12506 0.69928 0.073551
0.12598 0.6597 0.070274
0.12691 0.70307 0.071713
0.12785 0.72544 0.0721
0.12879 0.73147 0.072047
0.12974 0.79334 0.072454
0.1307 0.60008 0.066407
0.13166 0.66826 0.068413
0.13263 0.79115 0.071313
0.13361 0.64608 0.066187
0.13459 0.75475 0.069024
0.13558 0.69064 0.066373
0.13658 0.789 0.069568
0.13759 0.96252 0.072696
0.1386 0.94356 0.071993
0.13962 0.97292 0.072352
0.14065 0.81695 0.067417
0.14169 0.75773 0.065674
0.14273 0.7757 0.065748
0.14378 0.7373 0.063946
0.14484 0.66551 0.061836
0.14591 0.77237 0.064098
0.14699 0.67145 0.061301
0.14807 0.6841 0.060927
0.14916 0.72353 0.061487
0.15026 0.65329 0.058959
0.15137 0.53899 0.055757
0.15248 0.67893 0.058729
0.15361 0.70828 0.059226
0.15474 0.56164 0.055068
0.15588 0.74227 0.059283
0.15703 0.69589 0.057553
0.15818 0.65527 0.056172
0.15935 0.60319 0.054539
0.16052 0.55928 0.052784
0.16171 0.62082 0.054234
0.1629 0.57552 0.052647
0.1641 0.61849 0.053342
0.16531 0.55308 0.051417
0.16653 0.61088 0.052237
0.16775 0.54128 0.050315
0.16899 0.52154 0.04945
0.17023 0.53641 0.049543
0.17149 0.51983 0.048669
0.17275 0.55503 0.048985
0.17403 0.54281 0.048561
0.17531 0.50985 0.047504
0.1766 0.43763 0.045092
0.1779 0.53697 0.047369
0.17921 0.45071 0.044752
0.18053 0.42067 0.043967
0.18186 0.43562 0.04381
0.1832 0.44711 0.043872
0.18455 0.42014 0.042964
0.18591 0.43198 0.042929
0.18728 0.31517 0.039579
0.18866 0.45729 0.042946
0.19005 0.36245 0.040068
0.19145 0.4281 0.041715
0.19286 0.38358 0.040198
0.19429 0.3021 0.037999
0.19572 0.33344 0.038717
