#
0.0050184 8.7238 1.2525
0.0050554 18.971 2.062
0.0050926 48.043 3.2794
0.0051301 12.668 1.5076
0.0051679 13.08 1.3987
0.005206 31.279 3.7424
0.0052444 61.685 7.4312
0.005283 NaN NaN
0.005322 15.178 2.1296
0.0053612 16.502 1.9239
0.0054007 22.181 1.82
0.0054405 18.303 1.2809
0.0054806 16.807 1.585
0.005521 85.394 3.5691
0.0055616 14.625 1.6202
0.0056026 34.495 2.4857
0.0056439 18.604 1.667
0.0056855 13.379 2.0004
0.0057274 38.419 4.1481
0.0057696 23.449 2.2918
0.0058121 12.48 1.6737
0.0058549 13.284 1.1507
0.0058981 10.993 1.8139
0.0059416 18.077 2.0129
0.0059853 14.399 1.3586
0.0060294 5.3259 1.5495
0.0060739 35.333 1.5602
0.0061186 20.538 2.1452
0.0061637 30.383 1.8443
0.0062091 7.4128 0.86085
0.0062549 20.889 1.9353
0.006301 15.165 2.6082
0.0063474 8.2361 0.96197
0.0063942 11.601 1.6128
0.0064413 9.3485 2.0498
0.0064888 13.828 2.4905
0.0065366 12.968 0.94607
0.0065847 18.371 1.1717
0.0066333 22.239 1.3462
0.0066821 18.623 1.5442
0.0067314 5.8654 1.0278
0.006781 10.702 1.3859
0.006831 8.0097 1.3419
0.0068813 12.702 1.194
0.006932 10.055 1.1359
0.0069831 8.3208 1.578
0.0070345 10.442 1.1573
0.0070864 7.396 0.64483
0.0071386 14.931 1.1032
0.0071912 51.559 3.9223
0.0072442 16.178 1.3466
0.0072976 8.2121 0.90559
0.0073513 9.727 0.85328
0.0074055 5.0965 0.75845
0.0074601 5.6834 1.0121
0.0075151 7.1136 1.7892
0.0075704 7.224 0.84929
0.0076262 6.6035 0.65167
0.0076824 17.77 1.2036
0.007739 19.546 1.3952
0.0077961 9.5929 0.71189
0.0078535 5.3191 0.82826
0.0079114 7.6839 0.9289
0.0079697 7.7162 1.5206
0.0080284 4.7913 0.92972
0.0080876 9.8753 0.8258
0.0081471 7.4341 0.62709
0.0082072 4.8389 0.62997
0.0082677 14.851 0.97541
0.0083286 8.8257 0.8491
0.00839 7.5624 1.0648
0.0084518 8.7095 0.93247
0.0085141 4.9843 0.58797
0.0085768 4.9436 0.56436
0.00864 3.7252 0.81994
0.0087037 4.349 0.59765
0.0087678 7.8545 0.64452
0.0088324 11.399 0.75375
0.0088975 4.083 0.60676
0.0089631 6.0985 0.6261
0.0090291 3.7184 0.57978
0.0090956 4.2741 0.59209
0.0091627 3.9902 1.3419
0.0092302 4.477 0.46134
0.0092982 5.9268 0.47151
0.0093667 9.7475 0.73967
0.0094357 3.0878 0.83685
0.0095053 4.4751 0.46134
0.0095753 4.8315 0.69582
0.0096459 3.959 0.48819
0.0097169 3.3902 0.50564
0.0097885 3.8782 0.40862
0.0098607 8.2909 0.68251
0.0099333 7.4183 0.86085
0.010007 4.3997 0.39849
0.01008 2.6413 0.38739
0.010155 4.4325 0.6326
0.010229 3.0164 0.47737
0.010305 3.256 0.42949
0.010381 4.0128 0.46178
0.010457 5.7668 0.44731
0.010534 3.6176 0.38578
0.010612 3.5355 0.6326
0.01069 3.1449 0.42215
0.010769 3.8344 0.48085
0.010848 3.4119 0.38341
0.010928 2.5587 0.33273
0.011009 5.3665 0.43973
0.01109 3.8128 0.51499
0.011171 3.582 0.39277
0.011254 2.6428 0.36523
0.011337 3.2873 0.46081
0.01142 3.3401 0.37048
0.011504 4.4627 0.37275
0.011589 3.8883 0.39091
0.011675 3.7734 0.42377
0.011761 2.2914 0.34074
0.011847 3.6182 0.54558
0.011935 3.1207 0.31791
0.012023 3.1711 0.29981
0.012111 3.8523 0.41723
0.0122 2.6851 0.34082
0.01229 2.7689 0.33779
0.012381 2.3845 0.30053
0.012472 2.398 0.31499
0.012564 2.848 0.31537
0.012657 3.3387 0.33464
0.01275 2.9231 0.30226
0.012844 1.701 0.29405
0.012938 1.678 0.24331
0.013034 2.5665 0.31839
0.01313 2.8895 0.24399
0.013227 2.8106 0.30728
0.013324 2.8532 0.39028
0.013422 2.0984 0.26154
0.013521 1.6591 0.27575
0.013621 2.2851 0.22809
0.013721 2.8771 0.29003
0.013822 2.2131 0.28404
0.013924 1.5026 0.19568
0.014027 1.916 0.3308
0.01413 1.8002 0.21378
0.014234 2.1989 0.22947
0.014339 1.8685 0.21492
0.014445 2.2795 0.27723
0.014551 2.3807 0.35693
0.014658 1.8964 0.18798
0.014766 2.3235 0.24222
0.014875 2.4403 0.26763
0.014985 1.8057 0.23088
0.015095 2.1963 0.23576
0.015206 2.3302 0.24963
0.015319 2.2102 0.22146
0.015431 1.9846 0.20079
0.015545 1.6188 0.20886
0.01566 1.5794 0.23195
0.015775 2.1432 0.21821
0.015891 2.012 0.18975
0.016008 1.863 0.23055
0.016126 1.9368 0.21578
0.016245 1.8811 0.22482
0.016365 1.4947 0.16103
0.016486 2.5769 0.23903
0.016607 1.9932 0.18894
0.016729 1.7499 0.231
0.016853 1.6879 0.18348
0.016977 2.1017 0.19376
0.017102 1.8875 0.19352
0.017228 1.2887 0.18978
0.017355 1.7793 0.16756
0.017483 1.6931 0.17975
0.017612 1.7721 0.18966
0.017741 1.8783 0.18709
0.017872 1.4649 0.16919
0.018004 1.653 0.17608
0.018136 1.9864 0.16833
0.01827 1.8087 0.19397
0.018405 1.8889 0.2132
0.01854 1.6875 0.14458
0.018677 2.0693 0.19813
0.018815 1.6793 0.17205
0.018953 1.5486 0.16233
0.019093 1.72 0.16198
0.019234 1.9725 0.16775
0.019375 1.8719 0.18127
0.019518 1.9781 0.18812
0.019662 1.6062 0.14013
0.019807 1.8387 0.16886
0.019953 1.6076 0.17008
0.0201 1.6438 0.14885
0.020248 1.8747 0.15536
0.020397 2.2226 0.18081
0.020547 1.6244 0.1616
0.020699 1.6437 0.14885
0.020851 1.8068 0.14459
0.021005 1.932 0.1729
0.02116 1.8934 0.15952
0.021316 1.8056 0.14184
0.021473 1.9458 0.16658
0.021631 1.751 0.15016
0.02179 1.8233 0.1511
0.021951 2.1621 0.15217
0.022113 1.8663 0.15843
0.022276 2.1087 0.16566
0.02244 2.2911 0.14671
0.022605 1.8796 0.16642
0.022772 2.0882 0.15236
0.02294 1.8384 0.1351
0.023109 2.0611 0.15052
0.023279 1.985 0.16688
0.02345 2.0827 0.13988
0.023623 1.9763 0.13858
0.023797 2.1847 0.16859
0.023973 2.0785 0.13568
0.024149 2.3222 0.1541
0.024327 1.9258 0.13904
0.024507 1.9051 0.13834
0.024687 2.2435 0.13815
0.024869 2.1283 0.15107
0.025052 2.3686 0.1419
0.025237 2.0941 0.14483
0.025423 2.1877 0.14408
0.02561 2.2503 0.13658
0.025799 2.4031 0.14228
0.025989 2.4247 0.16016
0.026181 2.2607 0.13152
0.026373 2.7091 0.15023
0.026568 2.5163 0.14692
0.026764 2.3475 0.13507
0.026961 2.3678 0.13993
0.027159 2.5504 0.14789
0.02736 2.411 0.1294
0.027561 2.7304 0.15592
0.027764 2.6306 0.13304
0.027969 2.7527 0.14741
0.028175 2.7227 0.14121
0.028383 2.5394 0.13813
0.028592 2.9478 0.14569
0.028802 3.0169 0.14565
0.029015 2.9218 0.13712
0.029228 3.003 0.1494
0.029444 2.819 0.13375
0.029661 3.1043 0.14175
0.029879 2.9098 0.14359
0.0301 3.4327 0.14297
0.030321 3.6778 0.16513
0.030545 3.6323 0.14242
0.03077 3.6616 0.15168
0.030997 3.1684 0.14425
0.031225 3.4501 0.13551
0.031455 3.4994 0.15095
0.031687 3.8776 0.14401
0.03192 3.6523 0.1484
0.032156 3.4787 0.14024
0.032393 3.8823 0.14365
0.032631 3.7726 0.1469
0.032872 3.5746 0.13634
0.033114 3.9533 0.14585
0.033358 4.0895 0.14786
0.033604 3.7831 0.13825
0.033851 3.8781 0.13693
0.034101 4.319 0.15811
0.034352 3.9533 0.13139
0.034605 4.1705 0.14755
0.03486 4.2944 0.14211
0.035117 4.3979 0.14232
0.035376 4.327 0.14193
0.035637 4.3824 0.14468
0.035899 4.2511 0.13652
0.036164 4.3429 0.13731
0.03643 4.6396 0.14847
0.036699 4.5474 0.13387
0.036969 4.3989 0.13885
0.037241 4.4003 0.13657
0.037516 4.5487 0.13982
0.037792 4.8774 0.13803
0.038071 4.5241 0.13413
0.038351 4.6116 0.13915
0.038634 4.376 0.12647
0.038919 4.8856 0.13782
0.039205 4.805 0.13442
0.039494 4.9507 0.14025
0.039785 4.6994 0.12556
0.040079 4.5991 0.13098
0.040374 4.4952 0.12445
0.040671 4.6512 0.13252
0.040971 4.5513 0.12356
0.041273 4.5113 0.12397
0.041577 4.5981 0.12329
0.041883 4.5375 0.12386
0.042192 4.9011 0.12941
0.042503 4.5065 0.11743
0.042816 4.6632 0.12174
0.043132 4.6974 0.11927
0.04345 4.156 0.11499
0.04377 4.5028 0.11797
0.044092 4.4501 0.11536
0.044417 4.2686 0.11262
0.044744 4.1925 0.10778
0.045074 4.1873 0.11011
0.045406 4.2111 0.10938
0.045741 3.8545 0.10387
0.046078 3.9598 0.10495
0.046417 3.8269 0.10164
0.04676 3.6416 0.10035
0.047104 3.7352 0.098106
0.047451 3.5053 0.093732
0.047801 3.4605 0.09394
0.048153 3.4888 0.094051
0.048508 3.4187 0.090598
0.048865 3.1004 0.087266
0.049225 3.3267 0.090116
0.049588 3.1403 0.085642
0.049954 3.0277 0.084229
0.050322 2.8404 0.082784
0.050693 2.7792 0.07825
0.051066 2.7519 0.078927
0.051442 2.7951 0.078561
0.051821 2.5232 0.074066
0.052203 2.6194 0.075267
0.052588 2.428 0.071411
0.052975 2.2831 0.069453
0.053366 2.3066 0.068858
0.053759 2.4745 0.070875
0.054155 2.1986 0.066493
0.054554 2.1644 0.064044
0.054956 2.1319 0.064448
0.055361 2.062 0.06254
0.055769 2.0084 0.062382
0.05618 1.9558 0.060136
0.056594 1.8552 0.058244
0.057011 1.9216 0.058734
0.057431 1.8637 0.05832
0.057854 1.79 0.055917
0.058281 1.751 0.055634
0.05871 1.6695 0.053145
0.059143 1.6788 0.053227
0.059579 1.6469 0.052443
0.060018 1.4928 0.049219
0.06046 1.6017 0.05082
0.060905 1.5977 0.0503
0.061354 1.6439 0.051114
0.061806 1.6086 0.049856
0.062262 1.5585 0.048801
0.062721 1.4992 0.047152
0.063183 1.4988 0.047607
0.063648 1.4854 0.046586
0.064117 1.4903 0.045728
0.06459 1.418 0.04476
0.065066 1.4476 0.044913
0.065545 1.3634 0.043671
0.066028 1.4258 0.044413
0.066515 1.4134 0.042934
0.067005 1.3365 0.042167
0.067499 1.3615 0.042735
0.067996 1.293 0.040589
0.068497 1.3059 0.040188
0.069002 1.396 0.042185
0.06951 1.3504 0.040491
0.070023 1.3946 0.040813
0.070539 1.2761 0.039395
0.071058 1.3399 0.039354
0.071582 1.4197 0.040201
0.072109 1.3335 0.039292
0.072641 1.3449 0.038804
0.073176 1.3526 0.038748
0.073715 1.3502 0.038416
0.074258 1.3463 0.037715
0.074806 1.2927 0.037266
0.075357 1.2776 0.036604
0.075912 1.2865 0.036486
0.076472 1.2897 0.035781
0.077035 1.2207 0.035231
0.077603 1.3169 0.036077
0.078175 1.2797 0.035172
0.078751 1.2497 0.034642
0.079331 1.2049 0.033809
0.079916 1.1968 0.033506
0.080504 1.2337 0.033939
0.081098 1.123 0.03145
0.081695 1.1467 0.032578
0.082297 1.123 0.030964
0.082904 1.1551 0.031848
0.083515 1.1508 0.030961
0.08413 1.0889 0.030427
0.08475 1.1413 0.031019
0.085374 1.1049 0.030024
0.086004 1.088 0.029983
0.086637 1.0048 0.027998
0.087276 1.0385 0.028246
0.087919 1.0614 0.028867
0.088567 1.0888 0.028846
0.089219 1.0005 0.027544
0.089877 1.0532 0.027827
0.090539 0.98209 0.026701
0.091206 0.98603 0.026533
0.091878 0.99492 0.026721
0.092555 0.97462 0.026249
0.093237 0.93944 0.025267
0.093924 0.95657 0.025348
0.094616 0.89094 0.024664
0.095314 0.9255 0.024637
0.096016 0.9147 0.024353
0.096724 0.99076 0.025427
0.097436 0.87887 0.023771
0.098154 0.89047 0.023267
0.098878 0.86586 0.023158
0.099606 0.84559 0.022832
0.10034 0.88854 0.022797
0.10108 0.87509 0.0228
0.10182 0.84168 0.02213
0.10257 0.80918 0.02142
0.10333 0.82967 0.021826
0.10409 0.82107 0.021175
0.10486 0.82172 0.021344
0.10563 0.82003 0.021016
0.10641 0.78789 0.020523
0.10719 0.7265 0.019739
0.10798 0.7572 0.019631
0.10878 0.75587 0.0199
0.10958 0.7501 0.019278
0.11039 0.71627 0.019064
0.1112 0.74659 0.018965
0.11202 0.71929 0.018904
0.11285 0.70215 0.018126
0.11368 0.73965 0.018754
0.11452 0.71574 0.01798
0.11536 0.6683 0.017631
0.11621 0.70078 0.017734
0.11707 0.6839 0.017429
0.11793 0.65968 0.017035
0.1188 0.66229 0.01683
0.11967 0.64936 0.016787
0.12056 0.69479 0.016944
0.12144 0.655 0.016401
0.12234 0.6073 0.015939
0.12324 0.65408 0.016075
0.12415 0.65114 0.016038
0.12506 0.6172 0.01573
0.12598 0.6437 0.015592
0.12691 0.64102 0.015599
0.12785 0.59098 0.014912
0.12879 0.60449 0.015014
0.12974 0.58294 0.014531
0.1307 0.60596 0.014717
0.13166 0.57825 0.014363
0.13263 0.57729 0.014237
0.13361 0.54909 0.013734
0.13459 0.56914 0.013901
0.13558 0.56969 0.013745
0.13658 0.55759 0.013684
0.13759 0.52994 0.013113
0.1386 0.55279 0.013313
0.13962 0.53402 0.013033
0.14065 0.54308 0.012971
0.14169 0.51991 0.012647
0.14273 0.52033 0.0126
0.14378 0.49233 0.012129
0.14484 0.51159 0.012294
0.14591 0.48026 0.011837
0.14699 0.48075 0.011814
0.14807 0.47715 0.011645
0.14916 0.482 0.011605
0.15026 0.44521 0.011083
0.15137 0.43635 0.010947
0.15248 0.46797 0.011173
0.15361 0.47163 0.011172
0.15474 0.45841 0.010922
0.15588 0.43485 0.010611
0.15703 0.44209 0.010585
0.15818 0.43305 0.010417
0.15935 0.42366 0.010247
0.16052 0.43227 0.010226
0.16171 0.41218 0.0099624
0.1629 0.41303 0.0099114
0.1641 0.42443 0.0099506
0.16531 0.3998 0.0096337
0.16653 0.39353 0.009459
0.16775 0.3726 0.0091696
0.16899 0.3762 0.0091412
0.17023 0.38257 0.0091674
0.17149 0.37248 0.0089756
0.17275 0.34671 0.0086032
0.17403 0.35568 0.0086681
0.17531 0.36014 0.0086671
0.1766 0.33679 0.0082965
0.1779 0.34742 0.0083938
0.17921 0.32682 0.0080741
0.18053 0.30834 0.0078475
0.18186 0.31086 0.00779
0.1832 0.31609 0.0078051
0.18455 0.30999 0.0076853
0.18591 0.30421 0.0075591
0.18728 0.2977 0.0074154
0.18866 0.30263 0.0074596
0.19005 0.25072 0.006756
0.19145 0.27931 0.0070985
0.19286 0.266 0.0068573
0.19429 0.2638 0.0067922
0.19572 0.25529 0.0066674
