#
0.0050184 22.539 4.6478
0.0050554 28.252 5.8097
0.0050926 446.86 23.026
0.0051301 23.531 4.7436
0.0051679 32.986 5.1237
0.005206 153.99 19.122
0.0052444 384 42.692
0.005283 NaN NaN
0.005322 23.559 6.124
0.0053612 29.389 5.9295
0.0054007 41.713 5.7557
0.0054405 37.753 4.2428
0.0054806 36.149 5.3621
0.005521 808.56 25.287
0.0055616 13.981 3.6745
0.0056026 339.45 17.95
0.0056439 30.653 4.9373
0.0056855 15.599 5.0003
0.0057274 343.65 28.56
0.0057696 37.768 6.7085
0.0058121 30.599 6.047
0.0058549 24.584 3.6134
0.0058981 31.411 7.0714
0.0059416 72.134 9.2621
0.0059853 23.493 4.0091
0.0060294 6.894 4.1083
0.0060739 274.2 10.006
0.0061186 23.517 5.3035
0.0061637 172.37 10.115
0.0062091 17.696 3.0733
0.0062549 116.46 10.522
0.006301 23.488 7.5004
0.0063474 18.174 3.3014
0.0063942 18.818 4.7436
0.0064413 66.172 12.55
0.0064888 21.141 7.1155
0.0065366 17.312 2.5281
0.0065847 102.16 6.3617
0.0066333 155.44 8.1935
0.0066821 140.08 9.7497
0.0067314 22.562 4.6478
0.006781 84.258 8.9502
0.006831 15.195 4.2759
0.0068813 25.253 3.8883
0.006932 22.82 3.9514
0.0069831 14.078 4.7437
0.0070345 15.387 3.25
0.0070864 10.162 1.754
0.0071386 93.399 6.3525
0.0071912 450.48 26.694
0.0072442 92.896 7.4296
0.0072976 17.718 3.0733
0.0073513 40.113 3.9923
0.0074055 8.6421 2.2966
0.0074601 17.803 4.1354
0.0075151 4.514 3.3545
0.0075704 11.424 2.4722
0.0076262 12.652 2.0887
0.0076824 70.939 5.5393
0.007739 131.57 8.3336
0.0077961 39.983 3.3484
0.0078535 37.013 5.0257
0.0079114 12.875 2.7812
0.0079697 18.778 5.4775
0.0080284 5.4824 2.324
0.0080876 12.59 2.1588
0.0081471 11.236 1.7867
0.0082072 8.4085 1.9286
0.0082677 105.85 5.9945
0.0083286 45.072 4.4189
0.00839 42.471 5.8097
0.0084518 8.2326 2.1083
0.0085141 11.833 2.0962
0.0085768 6.8998 1.5528
0.00864 9.3166 3.0002
0.0087037 8.8293 1.9763
0.0087678 34.672 3.1197
0.0088324 76.252 4.4878
0.0088975 6.4705 1.775
0.0089631 14.379 2.2219
0.0090291 8.8062 2.0678
0.0090956 9.2949 2.0227
0.0091627 2.1832 2.3721
0.0092302 10.507 1.6372
0.0092982 22.335 2.1103
0.0093667 64.434 4.3774
0.0094357 11.629 3.7503
0.0095053 11.994 1.7477
0.0095753 10.334 2.3572
0.0096459 7.0778 1.5167
0.0097169 6.9077 1.6772
0.0097885 7.0105 1.2779
0.0098607 52.856 3.9666
0.0099333 33.01 4.1835
0.010007 7.0108 1.1697
0.01008 6.8899 1.4525
0.010155 4.0544 1.4232
0.010229 4.9257 1.4254
0.010305 3.0337 0.98341
0.010381 5.9304 1.3089
0.010457 41.89 2.773
0.010534 9.4792 1.4465
0.010612 7.4808 2.138
0.01069 4.8166 1.2225
0.010769 7.0494 1.5167
0.010848 3.4088 0.90363
0.010928 5.6614 1.1519
0.011009 28.076 2.3161
0.01109 6.716 1.5906
0.011171 8.6026 1.4107
0.011254 4.5259 1.1182
0.011337 6.2492 1.477
0.01142 5.6361 1.1204
0.011504 21.046 1.865
0.011589 9.0678 1.3836
0.011675 5.777 1.2232
0.011761 6.0888 1.2911
0.011847 4.9542 1.494
0.011935 4.3493 0.88038
0.012023 9.6993 1.2134
0.012111 20.426 2.2123
0.0122 6.3313 1.2165
0.01229 4.7632 1.0341
0.012381 4.3423 0.94797
0.012472 3.4434 0.88911
0.012564 5.7962 1.0481
0.012657 13.486 1.5517
0.01275 5.3579 0.95385
0.012844 4.276 1.0867
0.012938 2.8764 0.75234
0.013034 4.534 0.98919
0.01313 10.362 1.0673
0.013227 4.8885 0.94618
0.013324 2.8514 0.92557
0.013422 2.8252 0.71886
0.013521 2.8677 0.85527
0.013621 3.9338 0.70166
0.013721 11.583 1.3428
0.013822 4.3348 0.92963
0.013924 4.4096 0.77961
0.014027 2.1545 0.8387
0.01413 2.5617 0.60391
0.014234 8.0391 1.0142
0.014339 5.1639 0.83093
0.014445 3.3024 0.78579
0.014551 3.1362 0.96672
0.014658 2.9885 0.55619
0.014766 8.6307 1.0786
0.014875 3.7579 0.78033
0.014985 3.6065 0.76518
0.015095 3.6076 0.70966
0.015206 2.5893 0.62403
0.015319 6.7443 0.89624
0.015431 3.6711 0.64128
0.015545 3.1425 0.68357
0.01566 3.4551 0.8052
0.015775 3.2654 0.63377
0.015891 5.8317 0.74994
0.016008 3.3558 0.72629
0.016126 2.1556 0.54422
0.016245 2.4401 0.60823
0.016365 3.0925 0.54449
0.016486 7.1844 0.92564
0.016607 3.1276 0.55814
0.016729 2.9536 0.70722
0.016853 2.969 0.57424
0.016977 5.7493 0.74415
0.017102 2.377 0.51569
0.017228 2.2335 0.59278
0.017355 3.8731 0.57838
0.017483 4.9255 0.7127
0.017612 2.966 0.57744
0.017741 3.4733 0.59683
0.017872 2.923 0.56202
0.018004 2.3752 0.50312
0.018136 4.4546 0.58836
0.01827 2.6906 0.56028
0.018405 2.401 0.57214
0.01854 3.0501 0.45785
0.018677 5.6354 0.75915
0.018815 3.3395 0.56976
0.018953 2.4134 0.48122
0.019093 3.0324 0.5063
0.019234 3.1212 0.49727
0.019375 2.8102 0.52411
0.019518 2.8614 0.53439
0.019662 3.2668 0.46912
0.019807 2.8351 0.49569
0.019953 4.0597 0.63091
0.0201 2.1587 0.40683
0.020248 2.8581 0.4532
0.020397 2.3742 0.4462
0.020547 2.7875 0.4994
0.020699 3.2744 0.49334
0.020851 3.5758 0.47666
0.021005 2.2042 0.44045
0.02116 2.366 0.4244
0.021316 4.1358 0.50104
0.021473 2.0161 0.40604
0.021631 3.0708 0.46774
0.02179 2.5197 0.42119
0.021951 3.93 0.48013
0.022113 2.9895 0.4732
0.022276 1.9645 0.38342
0.02244 2.9056 0.39129
0.022605 2.9273 0.48997
0.022772 3.5517 0.46645
0.02294 3.0963 0.41255
0.023109 3.27 0.44643
0.023279 3.3002 0.50568
0.02345 3.4142 0.42074
0.023623 2.9094 0.39742
0.023797 3.3839 0.49341
0.023973 3.0074 0.38538
0.024149 3.9448 0.47078
0.024327 2.6525 0.38665
0.024507 3.4813 0.4393
0.024687 3.8272 0.42296
0.024869 3.5276 0.45687
0.025052 3.7811 0.42063
0.025237 3.8055 0.45748
0.025423 4.2374 0.46883
0.02561 3.4794 0.39997
0.025799 4.7918 0.46902
0.025989 3.7 0.46484
0.026181 3.7352 0.39668
0.026373 3.615 0.40831
0.026568 3.3623 0.40033
0.026764 4.2571 0.42528
0.026961 4.016 0.42696
0.027159 4.08 0.43853
0.02736 4.8897 0.43003
0.027561 4.8506 0.4856
0.027764 4.4957 0.4068
0.027969 4.9431 0.46123
0.028175 5.5996 0.4717
0.028383 4.1338 0.41309
0.028592 5.0508 0.44551
0.028802 3.8978 0.38922
0.029015 5.0625 0.4216
0.029228 5.4631 0.46987
0.029444 4.2654 0.38548
0.029661 5.1424 0.42596
0.029879 4.7549 0.42905
0.0301 5.2803 0.41408
0.030321 5.0361 0.45183
0.030545 4.8814 0.38631
0.03077 5.6444 0.43956
0.030997 5.7307 0.45218
0.031225 5.82 0.41015
0.031455 5.4154 0.43843
0.031687 6.048 0.41921
0.03192 5.6082 0.42903
0.032156 5.8736 0.42455
0.032393 5.7395 0.4073
0.032631 6.2523 0.44028
0.032872 6.3031 0.42152
0.033114 6.3909 0.43199
0.033358 5.8238 0.41163
0.033604 6.2782 0.41486
0.033851 6.4072 0.40987
0.034101 7.057 0.47016
0.034352 5.9045 0.37451
0.034605 6.428 0.42661
0.03486 6.6608 0.412
0.035117 7.151 0.42204
0.035376 5.9235 0.38745
0.035637 6.8461 0.42079
0.035899 6.6965 0.39891
0.036164 7.1534 0.40993
0.03643 7.772 0.44668
0.036699 8.1811 0.41693
0.036969 7.6642 0.42591
0.037241 7.808 0.42262
0.037516 7.469 0.41658
0.037792 7.8508 0.40716
0.038071 6.7049 0.38025
0.038351 8.1017 0.42846
0.038634 7.7989 0.39224
0.038919 7.6649 0.40126
0.039205 7.6675 0.39487
0.039494 8.2558 0.42061
0.039785 7.5459 0.36996
0.040079 8.0169 0.40179
0.040374 7.9186 0.38371
0.040671 7.6704 0.39554
0.040971 7.6952 0.37331
0.041273 6.8773 0.35628
0.041577 8.1843 0.38194
0.041883 7.6055 0.37274
0.042192 8.4482 0.39456
0.042503 7.1375 0.34382
0.042816 7.7533 0.36487
0.043132 7.156 0.34259
0.04345 6.6344 0.33828
0.04377 7.5952 0.35599
0.044092 6.6611 0.3288
0.044417 7.6674 0.35073
0.044744 7.6624 0.33852
0.045074 7.3917 0.34004
0.045406 7.3644 0.33629
0.045741 7.4974 0.33658
0.046078 6.8358 0.32085
0.046417 7.0073 0.31985
0.04676 6.8896 0.32086
0.047104 6.4642 0.30045
0.047451 5.9824 0.28525
0.047801 6.0801 0.29007
0.048153 5.7009 0.28037
0.048508 5.5172 0.26846
0.048865 5.8448 0.27907
0.049225 6.1426 0.28512
0.049588 5.9882 0.27536
0.049954 6.5528 0.28806
0.050322 7.9314 0.32049
0.050693 8.6327 0.31916
0.051066 9.7051 0.34253
0.051442 11.335 0.36507
0.051821 10.927 0.35553
0.052203 11.437 0.36275
0.052588 12.699 0.3761
0.052975 11.742 0.3628
0.053366 11.256 0.35053
0.053759 10.611 0.33859
0.054155 9.1127 0.31249
0.054554 6.4851 0.25706
0.054956 5.5959 0.24271
0.055361 4.2059 0.20881
0.055769 3.5068 0.19354
0.05618 3.3106 0.18403
0.056594 3.403 0.18525
0.057011 3.1881 0.17812
0.057431 2.6841 0.1657
0.057854 3.0712 0.17255
0.058281 3.0924 0.17406
0.05871 2.6893 0.15954
0.059143 2.4261 0.15188
0.059579 2.7172 0.15916
0.060018 2.3234 0.14571
0.06046 2.0881 0.13857
0.060905 2.2434 0.14173
0.061354 2.2198 0.14151
0.061806 1.995 0.13298
0.062262 2.1923 0.13791
0.062721 1.9185 0.12786
0.063183 2.3354 0.14115
0.063648 1.9165 0.12671
0.064117 2.0703 0.1286
0.06459 1.9495 0.12543
0.065066 1.8233 0.12098
0.065545 2.1959 0.13182
0.066028 1.8301 0.1207
0.066515 1.7611 0.11527
0.067005 2.0606 0.12479
0.067499 1.7759 0.11725
0.067996 1.5531 0.10753
0.068497 1.9945 0.11852
0.069002 1.7561 0.11368
0.06951 1.9334 0.11582
0.070023 1.7934 0.11116
0.070539 1.8521 0.1136
0.071058 2.2577 0.12117
0.071582 2.6999 0.13069
0.072109 3.0342 0.13907
0.072641 3.6885 0.14994
0.073176 4.2443 0.1596
0.073715 4.6596 0.16559
0.074258 5.7125 0.17953
0.074806 5.2576 0.17385
0.075357 4.7031 0.16279
0.075912 3.9378 0.14861
0.076472 2.9403 0.12681
0.077035 2.2485 0.11333
0.077603 1.9617 0.10513
0.078175 1.6814 0.097025
0.078751 1.7123 0.097451
0.079331 1.5549 0.092766
0.079916 1.7539 0.097249
0.080504 1.7137 0.096
0.081098 1.6864 0.092481
0.081695 1.6326 0.093539
0.082297 1.7106 0.091695
0.082904 1.4817 0.087225
0.083515 1.5819 0.087495
0.08413 1.771 0.09282
0.08475 1.8103 0.093452
0.085374 1.7005 0.08936
0.086004 1.9528 0.095556
0.086637 1.882 0.091269
0.087276 2.0198 0.093505
0.087919 2.5786 0.1058
0.088567 3.2395 0.11614
0.089219 4.5314 0.13542
0.089877 5.5544 0.14717
0.090539 6.7281 0.16022
0.091206 6.9661 0.16163
0.091878 6.6747 0.15874
0.092555 4.8256 0.13468
0.093237 3.445 0.1124
0.093924 2.5035 0.096328
0.094616 1.884 0.085169
0.095314 1.818 0.08221
0.096016 1.6675 0.078672
0.096724 1.5372 0.076246
0.097436 1.5929 0.076678
0.098154 1.3199 0.068696
0.098878 1.4867 0.072964
0.099606 1.3778 0.07044
0.10034 1.3243 0.067441
0.10108 1.3271 0.068027
0.10182 1.2151 0.064788
0.10257 1.2141 0.063871
0.10333 1.2057 0.064142
0.10409 1.1827 0.062027
0.10486 1.1486 0.061718
0.10563 1.0363 0.058224
0.10641 1.1094 0.059622
0.10719 1.0447 0.058103
0.10798 1.0981 0.057894
0.10878 1.1054 0.058894
0.10958 1.0287 0.055564
0.11039 1.1288 0.058371
0.1112 1.0711 0.055722
0.11202 1.0346 0.055681
0.11285 0.90423 0.051093
0.11368 1.1832 0.057671
0.11452 1.1956 0.056412
0.11536 1.1666 0.056571
0.11621 1.1011 0.0543
0.11707 1.1591 0.05515
0.11793 1.1319 0.054289
0.1188 1.1102 0.053138
0.11967 1.077 0.052787
0.12056 1.0872 0.051826
0.12144 1.0149 0.050107
0.12234 1.1443 0.05307
0.12324 1.0309 0.049472
0.12415 1.0301 0.049452
0.12506 0.99749 0.049068
0.12598 1.123 0.050109
0.12691 1.15 0.050727
0.12785 1.269 0.052581
0.12879 1.394 0.054559
0.12974 1.4071 0.053888
0.1307 1.2276 0.050535
0.13166 1.1069 0.048266
0.13263 1.0029 0.045928
0.13361 1.0975 0.04708
0.13459 1.0964 0.046843
0.13558 1.1778 0.047717
0.13658 1.29 0.049902
0.13759 1.379 0.050384
0.1386 1.5394 0.052654
0.13962 1.5815 0.053009
0.14065 1.4838 0.050884
0.14169 1.373 0.048966
0.14273 1.2919 0.047477
0.14378 1.2325 0.045953
0.14484 1.2017 0.045276
0.14591 1.1212 0.043584
0.14699 1.1918 0.044621
0.14807 1.1627 0.043667
0.14916 1.1835 0.043645
0.15026 1.1539 0.042753
0.15137 1.1441 0.042477
0.15248 1.1201 0.041591
0.15361 1.1348 0.041663
0.15474 1.0746 0.040359
0.15588 1.0958 0.040483
0.15703 1.1643 0.041122
0.15818 1.1122 0.040068
0.15935 1.0813 0.039349
0.16052 1.0525 0.038465
0.16171 0.97092 0.037056
0.1629 0.9136 0.0359
0.1641 0.88543 0.035159
0.16531 0.99704 0.036723
0.16653 0.89809 0.034784
0.16775 0.89513 0.034539
0.16899 0.88641 0.034146
0.17023 0.83292 0.033134
0.17149 0.89723 0.033834
0.17275 0.9108 0.033696
0.17403 0.88352 0.033158
0.17531 0.87274 0.032807
0.1766 0.80853 0.031384
0.1779 0.76568 0.03064
0.17921 0.76181 0.030226
0.18053 0.76906 0.030274
0.18186 0.7198 0.029169
0.1832 0.74159 0.029355
0.18455 0.72046 0.028834
0.18591 0.70074 0.028299
0.18728 0.65301 0.027262
0.18866 0.62779 0.02682
0.19005 0.63844 0.026557
0.19145 0.63389 0.026547
0.19286 0.58941 0.025507
0.19429 0.60736 0.025638
0.19572 0.55363 0.024695
