#
0.0050184 28.849 5.7109
0.0050554 45.953 8.0424
0.0050926 1032.9 38.032
0.0051301 33.379 6.1345
0.0051679 101.47 9.7442
0.005206 1632.2 67.606
0.0052444 100.53 23.759
0.005283 NaN NaN
0.005322 18.479 5.903
0.0053612 17.895 5.0479
0.0054007 314.31 17.134
0.0054405 26.649 3.8798
0.0054806 38.008 5.9763
0.005521 989.06 30.387
0.0055616 19.866 4.7518
0.0056026 861.04 31.058
0.0056439 133.25 11.161
0.0056855 12.815 4.9388
0.0057274 1651.7 68.011
0.0057696 20.787 5.4222
0.0058121 38.924 7.4081
0.0058549 14.712 3.0483
0.0058981 548.54 32.006
0.0059416 66.957 9.6994
0.0059853 23.734 4.3818
0.0060294 19.338 7.4082
0.0060739 331.45 11.953
0.0061186 223.76 17.709
0.0061637 377.79 16.266
0.0062091 19.646 3.5199
0.0062549 522.76 24.203
0.006301 8.1289 4.85
0.0063474 20.055 3.7697
0.0063942 55.815 8.8543
0.0064413 890.11 49.931
0.0064888 33.358 9.6995
0.0065366 16.129 2.6555
0.0065847 67.4 5.6194
0.0066333 234.92 10.942
0.0066821 303.77 15.595
0.0067314 15.436 4.1907
0.006781 429.87 21.947
0.006831 8.1386 3.4294
0.0068813 38.212 5.1914
0.006932 205.34 12.825
0.0069831 14.752 5.2798
0.0070345 14.965 3.4872
0.0070864 14.797 2.2951
0.0071386 115.35 7.6702
0.0071912 397.41 27.243
0.0072442 197.17 11.755
0.0072976 10.339 2.5656
0.0073513 174.29 9.0248
0.0074055 14.402 3.2079
0.0074601 228.21 15.997
0.0075151 10.929 5.6002
0.0075704 9.7533 2.489
0.0076262 62.535 5.012
0.0076824 32.837 4.1044
0.007739 70.082 6.6143
0.0077961 71.907 4.8748
0.0078535 234.89 13.717
0.0079114 14.499 3.2079
0.0079697 358.16 25.865
0.0080284 12.072 3.7147
0.0080876 11.847 2.2795
0.0081471 37.311 3.5172
0.0082072 8.9084 2.16
0.0082677 48.165 4.4
0.0083286 102.08 7.2176
0.00839 200.4 13.685
0.0084518 8.4744 2.3282
0.0085141 76.431 5.7472
0.0085768 14.145 2.4001
0.00864 12.119 3.7147
0.0087037 54.714 5.2906
0.0087678 12.932 2.0834
0.0088324 67.93 4.604
0.0088975 4.8386 1.6801
0.0089631 56.174 4.7497
0.0090291 98.315 7.4292
0.0090956 12.5 2.5455
0.0091627 271.38 27.577
0.0092302 8.572 1.6144
0.0092982 7.9335 1.3805
0.0093667 49.466 4.1707
0.0094357 5.3289 2.8002
0.0095053 45.107 3.6576
0.0095753 99.932 7.8951
0.0096459 4.9956 1.397
0.0097169 54.821 5.0693
0.0097885 8.8094 1.555
0.0098607 25.648 3.0108
0.0099333 33.37 4.5724
0.010007 26.196 2.4333
0.01008 52.584 4.3009
0.010155 9.8263 2.376
0.010229 48.748 4.7819
0.010305 6.3814 1.5257
0.010381 17.213 2.3982
0.010457 11.329 1.5828
0.010534 24.427 2.507
0.010612 64.131 6.7142
0.01069 7.4362 1.6417
0.010769 47.895 4.2403
0.010848 3.7575 1.0329
0.010928 18.683 2.247
0.011009 7.8324 1.3441
0.01109 23.005 3.1655
0.011171 21.889 2.4295
0.011254 5.9652 1.3914
0.011337 30.977 3.5327
0.01142 11.49 1.7265
0.011504 4.183 0.92618
0.011589 14.6 1.9017
0.011675 5.641 1.3182
0.011761 17.144 2.3282
0.011847 34.867 4.2289
0.011935 11.734 1.5493
0.012023 4.1003 0.87509
0.012111 9.2741 1.6327
0.0122 5.8743 1.279
0.01229 10.714 1.6692
0.012381 15.16 1.8957
0.012472 13.738 1.8878
0.012564 2.5349 0.77671
0.012657 10.321 1.4812
0.01275 12.698 1.5807
0.012844 5.3591 1.32
0.012938 12.873 1.6823
0.013034 12.657 1.7726
0.01313 5.3602 0.8443
0.013227 3.4896 0.88006
0.013324 11.272 1.9489
0.013422 7.3352 1.233
0.013521 13.465 1.9601
0.013621 3.104 0.68595
0.013721 6.9904 1.1426
0.013822 8.2534 1.3809
0.013924 6.9168 1.0551
0.014027 3.2435 1.1069
0.01413 8.3131 1.1537
0.014234 6.8378 1.0211
0.014339 2.7665 0.67697
0.014445 4.5209 0.99479
0.014551 8.3142 1.6798
0.014658 5.5852 0.81623
0.014766 5.5222 0.94628
0.014875 5.159 0.98952
0.014985 3.535 0.82792
0.015095 9.0812 1.205
0.015206 2.5626 0.6792
0.015319 5.3668 0.87464
0.015431 3.7116 0.70405
0.015545 3.8745 0.82362
0.01566 3.8714 0.92767
0.015775 5.2208 0.86392
0.015891 3.4805 0.64034
0.016008 1.8617 0.60634
0.016126 3.5764 0.75153
0.016245 5.6806 0.98832
0.016365 3.1225 0.59779
0.016486 3.5643 0.72283
0.016607 4.6804 0.73666
0.016729 3.4869 0.8349
0.016853 4.7224 0.77959
0.016977 3.9323 0.67695
0.017102 2.8061 0.60879
0.017228 3.6549 0.81394
0.017355 2.9309 0.55473
0.017483 3.248 0.6391
0.017612 2.8793 0.62231
0.017741 2.386 0.54819
0.017872 4.0464 0.71497
0.018004 3.6041 0.66649
0.018136 3.6838 0.58704
0.01827 4.0673 0.74221
0.018405 3.5713 0.75153
0.01854 2.9197 0.49051
0.018677 4.436 0.73794
0.018815 2.9732 0.58995
0.018953 3.1602 0.59582
0.019093 3.0199 0.55225
0.019234 2.7222 0.51029
0.019375 1.9175 0.48172
0.019518 2.829 0.58112
0.019662 2.4379 0.44808
0.019807 2.3029 0.49329
0.019953 3.1455 0.61146
0.0201 2.0543 0.43586
0.020248 2.5065 0.46671
0.020397 2.5318 0.50299
0.020547 2.8977 0.55585
0.020699 2.9596 0.51438
0.020851 2.5201 0.44276
0.021005 2.8868 0.54533
0.02116 3.205 0.53379
0.021316 3.2434 0.48778
0.021473 3.2551 0.55348
0.021631 2.5998 0.47332
0.02179 1.9773 0.4132
0.021951 2.8606 0.45174
0.022113 2.3763 0.46595
0.022276 3.1192 0.51854
0.02244 2.2754 0.38303
0.022605 2.1008 0.46066
0.022772 2.4855 0.432
0.02294 2.0726 0.37531
0.023109 2.7134 0.44763
0.023279 1.8283 0.42217
0.02345 2.7027 0.41236
0.023623 2.4814 0.40413
0.023797 2.6348 0.48009
0.023973 2.3542 0.37676
0.024149 2.5176 0.41745
0.024327 2.7006 0.42643
0.024507 2.3867 0.40362
0.024687 2.791 0.39865
0.024869 2.9126 0.45653
0.025052 2.3701 0.37015
0.025237 2.0309 0.37441
0.025423 3.1356 0.44433
0.02561 2.3765 0.36719
0.025799 1.8715 0.3321
0.025989 2.4144 0.41704
0.026181 2.7153 0.37359
0.026373 2.5722 0.38109
0.026568 2.5956 0.3883
0.026764 2.6323 0.37082
0.026961 2.8064 0.39442
0.027159 2.2278 0.36227
0.02736 3.1219 0.38002
0.027561 2.8163 0.41093
0.027764 3.1086 0.3734
0.027969 2.4753 0.36448
0.028175 3.6298 0.41888
0.028383 2.4733 0.35557
0.028592 3.0291 0.3824
0.028802 2.561 0.35007
0.029015 2.5607 0.33473
0.029228 3.0066 0.38685
0.029444 2.529 0.33005
0.029661 2.9906 0.36007
0.029879 2.3318 0.33613
0.0301 2.9913 0.34568
0.030321 3.2828 0.40286
0.030545 2.8588 0.32801
0.03077 3.5909 0.38701
0.030997 3.5999 0.3956
0.031225 3.4446 0.34868
0.031455 3.7339 0.40093
0.031687 3.594 0.35695
0.03192 2.7377 0.33399
0.032156 2.9087 0.33211
0.032393 3.8437 0.36688
0.032631 3.7301 0.37516
0.032872 3.2246 0.33453
0.033114 3.6444 0.36063
0.033358 3.7602 0.36457
0.033604 4.0638 0.36758
0.033851 3.7604 0.34672
0.034101 3.9512 0.38837
0.034352 3.4532 0.31672
0.034605 3.9303 0.36772
0.03486 3.5462 0.33262
0.035117 3.3843 0.32205
0.035376 3.6152 0.33422
0.035637 3.1926 0.31919
0.035899 3.7186 0.32854
0.036164 3.6789 0.32538
0.03643 3.9578 0.35253
0.036699 4.1553 0.32815
0.036969 3.7464 0.32967
0.037241 4.064 0.33676
0.037516 3.9636 0.33527
0.037792 3.716 0.31053
0.038071 4.9053 0.35672
0.038351 4.6149 0.35626
0.038634 4.241 0.31909
0.038919 4.5101 0.33886
0.039205 4.2679 0.32507
0.039494 4.1456 0.32921
0.039785 4.5983 0.31784
0.040079 4.1643 0.31988
0.040374 3.5336 0.28443
0.040671 4.5324 0.33474
0.040971 4.3373 0.30885
0.041273 4.1667 0.30558
0.041577 4.1226 0.29945
0.041883 4.1119 0.30256
0.042192 4.7756 0.32663
0.042503 3.9074 0.28099
0.042816 3.9467 0.28785
0.043132 4.1439 0.28753
0.04345 4.5189 0.30682
0.04377 4.1903 0.29156
0.044092 4.2657 0.28973
0.044417 4.1877 0.28605
0.044744 3.7884 0.2634
0.045074 3.7177 0.2669
0.045406 4.0088 0.27402
0.045741 3.6141 0.25898
0.046078 3.7787 0.26366
0.046417 3.5575 0.25249
0.04676 3.4573 0.25177
0.047104 3.8174 0.25485
0.047451 3.587 0.24387
0.047801 3.3596 0.23879
0.048153 2.6665 0.21401
0.048508 3.6309 0.24005
0.048865 3.0748 0.22466
0.049225 3.1903 0.22799
0.049588 2.7529 0.20823
0.049954 3.0609 0.21905
0.050322 2.9576 0.21846
0.050693 2.7818 0.20305
0.051066 2.9227 0.21048
0.051442 2.669 0.19939
0.051821 2.5016 0.19189
0.052203 2.5797 0.19421
0.052588 2.366 0.18389
0.052975 2.5296 0.19015
0.053366 2.3128 0.18018
0.053759 2.0238 0.16871
0.054155 2.2259 0.1749
0.054554 2.3456 0.17393
0.054956 1.8904 0.16017
0.055361 1.9258 0.15928
0.055769 2.142 0.16864
0.05618 1.8899 0.15592
0.056594 1.8551 0.15364
0.057011 2.0908 0.16064
0.057431 2.3749 0.17143
0.057854 3.7646 0.20731
0.058281 4.6888 0.2312
0.05871 7.1332 0.27637
0.059143 9.4665 0.31664
0.059579 12.034 0.35406
0.060018 12.729 0.35836
0.06046 13.678 0.37034
0.060905 12.527 0.35152
0.061354 9.9116 0.31416
0.061806 6.9479 0.26069
0.062262 4.3684 0.20761
0.062721 3.0419 0.17264
0.063183 2.3701 0.15557
0.063648 2.1734 0.14691
0.064117 1.6316 0.12689
0.06459 1.3119 0.1158
0.065066 1.4989 0.12186
0.065545 1.4447 0.12025
0.066028 1.3854 0.11737
0.066515 1.2935 0.11084
0.067005 1.2039 0.10849
0.067499 1.3055 0.11273
0.067996 1.2068 0.10613
0.068497 1.2131 0.1049
0.069002 1.1576 0.10442
0.06951 1.19 0.1031
0.070023 1.1725 0.10176
0.070539 1.1088 0.10016
0.071058 1.3296 0.10524
0.071582 1.3637 0.10564
0.072109 1.2312 0.10203
0.072641 1.223 0.10008
0.073176 1.1562 0.097382
0.073715 1.2341 0.099276
0.074258 1.3596 0.10162
0.074806 1.1976 0.097211
0.075357 1.2737 0.098456
0.075912 1.3574 0.10053
0.076472 1.318 0.097087
0.077035 1.1812 0.093913
0.077603 1.2229 0.094026
0.078175 1.1694 0.091297
0.078751 1.4448 0.099382
0.079331 1.3356 0.095499
0.079916 1.4057 0.096965
0.080504 1.3999 0.096505
0.081098 1.5274 0.097219
0.081695 1.5858 0.1014
0.082297 1.9008 0.10538
0.082904 2.5095 0.12102
0.083515 3.5304 0.13802
0.08413 4.669 0.1589
0.08475 5.9714 0.1781
0.085374 5.8023 0.17272
0.086004 5.1171 0.16361
0.086637 3.9785 0.14093
0.087276 3.0148 0.12291
0.087919 2.1204 0.10594
0.088567 1.6363 0.093261
0.089219 1.5313 0.090101
0.089877 1.3436 0.083975
0.090539 1.3079 0.082437
0.091206 1.3079 0.081626
0.091878 1.3026 0.081726
0.092555 1.4405 0.084744
0.093237 1.3179 0.079858
0.093924 1.1223 0.074366
0.094616 1.3849 0.081693
0.095314 1.1577 0.074334
0.096016 1.2724 0.076929
0.096724 1.3081 0.078179
0.097436 1.4337 0.080453
0.098154 1.478 0.079276
0.098878 1.4436 0.079143
0.099606 1.6228 0.083076
0.10034 1.7142 0.082872
0.10108 2.3069 0.095309
0.10182 3.4559 0.1135
0.10257 5.6237 0.14096
0.10333 8.2088 0.17032
0.10409 9.9592 0.18244
0.10486 9.6863 0.18136
0.10563 7.643 0.15932
0.10641 4.6737 0.12522
0.10719 3.241 0.10537
0.10798 2.0898 0.084108
0.10878 1.7446 0.07877
0.10958 1.462 0.07094
0.11039 1.4893 0.072252
0.1112 1.4592 0.069894
0.11202 1.3601 0.068775
0.11285 1.284 0.065107
0.11368 1.3062 0.066175
0.11452 1.2049 0.062297
0.11536 1.1847 0.062692
0.11621 1.0151 0.057892
0.11707 1.2052 0.061722
0.11793 1.0918 0.058921
0.1188 1.0807 0.057916
0.11967 1.151 0.05979
0.12056 1.0264 0.055801
0.12144 0.98216 0.054545
0.12234 0.92765 0.053701
0.12324 0.91831 0.052095
0.12415 0.96647 0.05316
0.12506 0.95335 0.053162
0.12598 0.94678 0.051525
0.12691 0.92962 0.051258
0.12785 0.87982 0.049881
0.12879 0.9162 0.050501
0.12974 0.99784 0.051351
0.1307 1.0771 0.052697
0.13166 0.9073 0.049106
0.13263 1.0069 0.050746
0.13361 1.1168 0.052248
0.13459 1.1232 0.05213
0.13558 1.1046 0.051162
0.13658 1.2124 0.053481
0.13759 0.90641 0.046599
0.1386 0.89082 0.04611
0.13962 0.91099 0.046276
0.14065 1.0545 0.048436
0.14169 0.98323 0.046897
0.14273 0.93834 0.045803
0.14378 1.1117 0.048451
0.14484 1.1627 0.049162
0.14591 1.3506 0.051894
0.14699 1.5364 0.054704
0.14807 1.5586 0.054437
0.14916 1.3243 0.050368
0.15026 1.2207 0.04819
0.15137 1.0947 0.045938
0.15248 1.0197 0.044087
0.15361 0.97634 0.043153
0.15474 1.0284 0.043694
0.15588 1.1745 0.045897
0.15703 1.2913 0.047278
0.15818 1.4456 0.04928
0.15935 1.625 0.051513
0.16052 1.6208 0.050876
0.16171 1.4933 0.048907
0.1629 1.2121 0.044476
0.1641 1.2313 0.044405
0.16531 1.1147 0.042389
0.16653 0.99927 0.040089
0.16775 1.099 0.041432
0.16899 1.054 0.040428
0.17023 1.0895 0.040775
0.17149 1.0629 0.039999
0.17275 0.97174 0.038182
0.17403 0.99292 0.038373
0.17531 0.96072 0.037656
0.1766 0.99812 0.03772
0.1779 1.0033 0.037709
0.17921 0.95968 0.036616
0.18053 1.1068 0.038708
0.18186 1.0694 0.037745
0.1832 0.98837 0.036363
0.18455 0.95867 0.035684
0.18591 0.85749 0.033877
0.18728 0.93166 0.034647
0.18866 0.79322 0.032491
0.19005 0.75568 0.031383
0.19145 0.74436 0.031277
0.19286 0.72961 0.030649
0.19429 0.69506 0.029919
0.19572 0.68664 0.029684
