#
0.0050184 23.061 4.6574
0.0050554 49.861 7.6352
0.0050926 465.52 23.287
0.0051301 22.172 4.5633
0.0051679 28.506 4.7217
0.005206 118.59 16.63
0.0052444 558.66 51.019
0.005283 NaN NaN
0.005322 21.579 5.8088
0.0053612 25.362 5.4613
0.0054007 48.717 6.1612
0.0054405 48.711 4.7724
0.0054806 23.848 4.3219
0.005521 755.06 24.213
0.0055616 17.453 4.0603
0.0056026 332.35 17.6
0.0056439 35.529 5.2647
0.0056855 19.973 5.5976
0.0057274 339.73 28.138
0.0057696 28.931 5.8218
0.0058121 25.386 5.4613
0.0058549 18.963 3.1478
0.0058981 41.707 8.0669
0.0059416 70.824 9.0939
0.0059853 27.723 4.3119
0.0060294 11.426 5.2073
0.0060739 249.87 9.4651
0.0061186 35.897 6.4829
0.0061637 191.36 10.56
0.0062091 12.2 2.5352
0.0062549 130.17 11.021
0.006301 27.719 8.0669
0.0063474 16.68 3.1352
0.0063942 34.777 6.3774
0.0064413 81.271 13.777
0.0064888 18.428 6.5866
0.0065366 26.312 3.0819
0.0065847 99.912 6.2341
0.0066333 150.5 7.9887
0.0066821 148.18 9.9357
0.0067314 19.358 4.2686
0.006781 91.111 9.2212
0.006831 17.248 4.5096
0.0068813 20.137 3.4442
0.006932 39.039 5.1106
0.0069831 15.374 4.9094
0.0070345 20.43 3.7045
0.0070864 15.799 2.1588
0.0071386 91.278 6.2227
0.0071912 468.69 26.979
0.0072442 113.33 8.1296
0.0072976 16.361 2.9274
0.0073513 40.548 3.977
0.0074055 9.6494 2.4005
0.0074601 34.246 5.666
0.0075151 9.0894 4.6576
0.0075704 8.1116 2.07
0.0076262 15.083 2.2563
0.0076824 67.956 5.3724
0.007739 120.9 7.9161
0.0077961 43.366 3.4546
0.0078535 46.986 5.6063
0.0079114 12.641 2.7307
0.0079697 38.618 7.7624
0.0080284 9.1087 2.9457
0.0080876 13.436 2.2085
0.0081471 14.319 1.9945
0.0082072 11.22 2.2001
0.0082677 99.606 5.762
0.0083286 51.875 4.6958
0.00839 36.266 5.3216
0.0084518 14.293 2.7384
0.0085141 14.484 2.294
0.0085768 9.7685 1.8222
0.00864 5.4214 2.2818
0.0087037 15.02 2.5405
0.0087678 28.015 2.7805
0.0088324 66.328 4.148
0.0088975 8.6816 2.0302
0.0089631 16.779 2.3758
0.0090291 8.1804 1.976
0.0090956 6.5856 1.6937
0.0091627 13.787 5.7042
0.0092302 8.3548 1.4503
0.0092982 22.899 2.117
0.0093667 59.479 4.1678
0.0094357 6.7607 2.8522
0.0095053 15.698 1.9763
0.0095753 14.803 2.7868
0.0096459 6.9492 1.4891
0.0097169 6.7822 1.6467
0.0097885 7.992 1.3491
0.0098607 47.529 3.7278
0.0099333 36.55 4.3605
0.010007 10.237 1.3942
0.01008 9.3845 1.6722
0.010155 3.9807 1.3973
0.010229 5.6124 1.5033
0.010305 7.3449 1.4843
0.010381 6.6445 1.3699
0.010457 35.217 2.5206
0.010534 10.789 1.5266
0.010612 5.5984 1.8411
0.01069 8.8043 1.6208
0.010769 8.1633 1.6134
0.010848 5.5647 1.1309
0.010928 4.8932 1.0637
0.011009 35.204 2.5679
0.01109 11.61 2.0581
0.011171 7.5592 1.3121
0.011254 4.4436 1.0978
0.011337 5.1376 1.3308
0.01142 6.1688 1.1596
0.011504 17.451 1.6844
0.011589 12.143 1.5816
0.011675 7.8782 1.4082
0.011761 7.0132 1.3692
0.011847 6.5578 1.6937
0.011935 4.2703 0.86438
0.012023 7.922 1.0892
0.012111 20.288 2.1846
0.0122 6.6598 1.2349
0.01229 5.3117 1.0795
0.012381 3.8753 0.88937
0.012472 5.2861 1.0795
0.012564 9.0944 1.2918
0.012657 17.209 1.7336
0.01275 4.4576 0.86493
0.012844 4.7158 1.1279
0.012938 4.4363 0.91347
0.013034 6.0716 1.1275
0.01313 10.28 1.0532
0.013227 9.2846 1.2793
0.013324 6.0872 1.314
0.013422 3.1065 0.74397
0.013521 7.0073 1.2966
0.013621 4.3281 0.7272
0.013721 12.274 1.3688
0.013822 5.1875 1.0033
0.013924 4.9764 0.81828
0.014027 1.8243 0.77029
0.01413 3.9382 0.73191
0.014234 6.9125 0.93347
0.014339 5.4477 0.84446
0.014445 3.9324 0.84514
0.014551 4.723 1.1624
0.014658 3.8847 0.62334
0.014766 6.2746 0.91486
0.014875 5.0418 0.8889
0.014985 3.541 0.75128
0.015095 4.7064 0.79757
0.015206 4.597 0.81047
0.015319 4.6906 0.74495
0.015431 4.2254 0.67875
0.015545 4.0443 0.76276
0.01566 2.3573 0.66819
0.015775 3.0924 0.6118
0.015891 5.9997 0.75311
0.016008 3.877 0.77022
0.016126 3.097 0.63694
0.016245 2.9437 0.65703
0.016365 3.2121 0.54885
0.016486 7.9626 0.96395
0.016607 3.3447 0.57037
0.016729 3.6762 0.77632
0.016853 3.5226 0.61594
0.016977 5.6448 0.73063
0.017102 4.4601 0.68676
0.017228 4.1688 0.78588
0.017355 2.7588 0.48852
0.017483 5.7092 0.75788
0.017612 4.8786 0.72455
0.017741 2.8399 0.53775
0.017872 3.068 0.56932
0.018004 3.7578 0.61606
0.018136 4.6647 0.59572
0.01827 2.9593 0.57984
0.018405 2.6025 0.58788
0.01854 2.68 0.42693
0.018677 5.2419 0.72616
0.018815 3.6371 0.58739
0.018953 3.3183 0.55233
0.019093 2.9773 0.4971
0.019234 5.7571 0.65903
0.019375 3.2965 0.5594
0.019518 4.2706 0.63932
0.019662 3.518 0.48107
0.019807 4.915 0.63649
0.019953 3.7119 0.59891
0.0201 3.9003 0.53059
0.020248 4.7742 0.57192
0.020397 4.134 0.57216
0.020547 3.3088 0.53587
0.020699 3.6943 0.51716
0.020851 5.2795 0.56859
0.021005 3.5061 0.54125
0.02116 3.4189 0.49869
0.021316 4.4014 0.51123
0.021473 2.7072 0.46032
0.021631 3.015 0.45924
0.02179 3.6223 0.49426
0.021951 4.8997 0.52846
0.022113 4.3736 0.56069
0.022276 3.7253 0.51112
0.02244 4.2932 0.46557
0.022605 4.0009 0.56221
0.022772 3.6576 0.46843
0.02294 4.3563 0.48032
0.023109 4.2207 0.49881
0.023279 4.2435 0.56426
0.02345 3.7363 0.43485
0.023623 4.6403 0.49055
0.023797 4.387 0.55274
0.023973 3.9024 0.4314
0.024149 4.7628 0.51011
0.024327 4.4469 0.48829
0.024507 3.9811 0.46352
0.024687 5.3683 0.49251
0.024869 4.2306 0.4932
0.025052 4.5829 0.45657
0.025237 4.5041 0.49096
0.025423 4.0634 0.45517
0.02561 4.0513 0.42557
0.025799 4.9634 0.47246
0.025989 5.3117 0.54701
0.026181 4.6066 0.43411
0.026373 5.0449 0.47394
0.026568 4.8391 0.47124
0.026764 5.0953 0.45913
0.026961 5.8484 0.50637
0.027159 5.7635 0.51246
0.02736 6.5074 0.48882
0.027561 6.5433 0.55555
0.027764 4.552 0.40533
0.027969 6.4733 0.52028
0.028175 5.836 0.47664
0.028383 6.3298 0.50192
0.028592 6.4376 0.49598
0.028802 5.9933 0.47356
0.029015 6.8865 0.48439
0.029228 6.3947 0.50218
0.029444 6.3051 0.46066
0.029661 6.413 0.46935
0.029879 6.3424 0.48823
0.0301 7.6052 0.48935
0.030321 7.6553 0.54799
0.030545 6.8916 0.45189
0.03077 7.6766 0.50528
0.030997 7.8205 0.52072
0.031225 7.139 0.44856
0.031455 8.3328 0.53512
0.031687 7.3712 0.45707
0.03192 8.4562 0.51869
0.032156 7.0769 0.46031
0.032393 7.6627 0.46419
0.032631 8.3792 0.50291
0.032872 8.4372 0.48112
0.033114 7.9383 0.47541
0.033358 8.5844 0.49228
0.033604 8.8183 0.48474
0.033851 7.9347 0.45044
0.034101 8.8397 0.51976
0.034352 8.3399 0.43866
0.034605 9.219 0.50372
0.03486 8.7474 0.46603
0.035117 9.9441 0.49109
0.035376 8.4329 0.45557
0.035637 10.788 0.52049
0.035899 8.248 0.4373
0.036164 9.3971 0.46384
0.03643 8.5869 0.46452
0.036699 10.351 0.4634
0.036969 10.012 0.48074
0.037241 10.093 0.47461
0.037516 10.195 0.48037
0.037792 10.39 0.46248
0.038071 9.2916 0.44155
0.038351 10.554 0.48301
0.038634 9.0338 0.41746
0.038919 10.256 0.45829
0.039205 10.187 0.44935
0.039494 10.507 0.46884
0.039785 9.1577 0.40278
0.040079 9.8152 0.43936
0.040374 9.8726 0.42336
0.040671 9.6165 0.43756
0.040971 9.7545 0.41524
0.041273 9.6351 0.41598
0.041577 10.1 0.41935
0.041883 9.7353 0.41653
0.042192 9.4063 0.41193
0.042503 8.4605 0.36999
0.042816 10.204 0.41333
0.043132 9.9334 0.39823
0.04345 9.0397 0.38954
0.04377 8.8291 0.37954
0.044092 8.4372 0.36535
0.044417 9.5813 0.38736
0.044744 8.6806 0.35638
0.045074 8.7057 0.36481
0.045406 8.4171 0.35552
0.045741 8.1544 0.34734
0.046078 8.3886 0.3511
0.046417 7.8394 0.33461
0.04676 7.3057 0.32704
0.047104 7.7535 0.3251
0.047451 7.2802 0.31078
0.047801 7.0325 0.30831
0.048153 7.8808 0.32492
0.048508 6.5166 0.28821
0.048865 6.5718 0.29256
0.049225 6.8722 0.29821
0.049588 6.1555 0.27642
0.049954 5.868 0.27052
0.050322 6.3253 0.28443
0.050693 5.5021 0.25411
0.051066 5.4047 0.25533
0.051442 5.6881 0.25848
0.051821 4.8332 0.23696
0.052203 5.3732 0.24878
0.052588 5.0662 0.23817
0.052975 4.7195 0.23083
0.053366 4.3422 0.21884
0.053759 4.5844 0.22328
0.054155 3.908 0.2057
0.054554 4.2268 0.20729
0.054956 3.8817 0.20182
0.055361 3.684 0.19421
0.055769 3.7398 0.19759
0.05618 3.5617 0.18863
0.056594 3.4529 0.18473
0.057011 3.5328 0.18512
0.057431 3.4629 0.18483
0.057854 3.4066 0.17938
0.058281 3.1711 0.17441
0.05871 2.7694 0.16014
0.059143 2.8797 0.16281
0.059579 3.143 0.16868
0.060018 3.0879 0.16464
0.06046 2.8362 0.15794
0.060905 2.9429 0.15913
0.061354 2.8819 0.15804
0.061806 2.9549 0.15767
0.062262 2.6176 0.14812
0.062721 3.0033 0.15548
0.063183 2.6148 0.14722
0.063648 2.4669 0.14075
0.064117 2.4666 0.13795
0.06459 2.5368 0.14008
0.065066 2.6514 0.14208
0.065545 2.3469 0.13454
0.066028 2.4764 0.13713
0.066515 2.0261 0.12153
0.067005 2.2921 0.12969
0.067499 2.3675 0.13223
0.067996 2.4838 0.13159
0.068497 2.308 0.1254
0.069002 2.234 0.12549
0.06951 2.328 0.12477
0.070023 2.5041 0.12807
0.070539 2.6595 0.13268
0.071058 2.3803 0.12293
0.071582 2.3336 0.12098
0.072109 2.3293 0.12182
0.072641 2.3363 0.11999
0.073176 2.5279 0.12391
0.073715 2.3087 0.11792
0.074258 2.2422 0.11438
0.074806 2.3304 0.11737
0.075357 2.2031 0.11297
0.075912 2.2834 0.11411
0.076472 2.2197 0.11025
0.077035 2.3358 0.11419
0.077603 2.2906 0.1117
0.078175 2.2364 0.10923
0.078751 2.1995 0.10801
0.079331 2.1527 0.10625
0.079916 2.1616 0.1058
0.080504 1.9889 0.10162
0.081098 2.0278 0.099464
0.081695 1.994 0.10127
0.082297 2.2417 0.10256
0.082904 1.9721 0.098089
0.083515 2.0477 0.097223
0.08413 1.9908 0.09686
0.08475 1.964 0.095969
0.085374 1.9442 0.093933
0.086004 1.7013 0.08891
0.086637 1.9299 0.091382
0.087276 1.7634 0.087071
0.087919 1.929 0.091734
0.088567 1.7409 0.086459
0.089219 1.642 0.083754
0.089877 1.7891 0.085768
0.090539 1.7852 0.085055
0.091206 1.7924 0.084435
0.091878 1.7343 0.083432
0.092555 1.8028 0.084297
0.093237 1.7993 0.082463
0.093924 1.6151 0.078195
0.094616 1.6183 0.078768
0.095314 1.6278 0.07746
0.096016 1.6761 0.078051
0.096724 1.7118 0.079156
0.097436 1.5928 0.075895
0.098154 1.5505 0.072944
0.098878 1.5769 0.074119
0.099606 1.4171 0.070572
0.10034 1.5132 0.070751
0.10108 1.4687 0.070368
0.10182 1.4505 0.069222
0.10257 1.5496 0.070279
0.10333 1.4064 0.067831
0.10409 1.3402 0.064763
0.10486 1.2681 0.063708
0.10563 1.4965 0.067454
0.10641 1.3411 0.063992
0.10719 1.357 0.064285
0.10798 1.3401 0.062376
0.10878 1.298 0.06241
0.10958 1.3385 0.061493
0.11039 1.2787 0.060921
0.1112 1.2684 0.059242
0.11202 1.2784 0.060275
0.11285 1.2664 0.058226
0.11368 1.1217 0.055786
0.11452 1.2006 0.055923
0.11536 1.2735 0.058122
0.11621 1.2271 0.056263
0.11707 1.1381 0.054148
0.11793 1.2779 0.05658
0.1188 1.2497 0.055296
0.11967 1.1342 0.053383
0.12056 1.2039 0.053545
0.12144 1.1478 0.052209
0.12234 1.2074 0.053728
0.12324 1.2101 0.052379
0.12415 1.0288 0.048901
0.12506 1.1639 0.051799
0.12598 1.0618 0.048424
0.12691 1.0881 0.049032
0.12785 1.0861 0.048702
0.12879 1.1482 0.049677
0.12974 1.0491 0.047028
0.1307 1.1318 0.048306
0.13166 0.9459 0.044729
0.13263 1.096 0.04716
0.13361 0.98061 0.044439
0.13459 1.0219 0.044999
0.13558 0.89769 0.042149
0.13658 0.98216 0.043996
0.13759 0.98065 0.043119
0.1386 0.99045 0.043127
0.13962 0.96608 0.042462
0.14065 0.94028 0.041449
0.14169 0.88626 0.040291
0.14273 0.93864 0.04105
0.14378 0.92456 0.040295
0.14484 0.87549 0.039256
0.14591 0.88159 0.039028
0.14699 0.89745 0.039217
0.14807 0.86788 0.038257
0.14916 0.8564 0.03775
0.15026 0.86973 0.037603
0.15137 0.80273 0.036306
0.15248 0.83137 0.036373
0.15361 0.82476 0.036116
0.15474 0.78033 0.035028
0.15588 0.84178 0.035914
0.15703 0.79221 0.034699
0.15818 0.80197 0.034642
0.15935 0.7813 0.034073
0.16052 0.74178 0.033
0.16171 0.6978 0.03211
0.1629 0.80974 0.033816
0.1641 0.71683 0.031966
0.16531 0.70552 0.0316
0.16653 0.7642 0.032242
0.16775 0.7299 0.031488
0.16899 0.71095 0.030934
0.17023 0.77207 0.031793
0.17149 0.69213 0.030181
0.17275 0.7101 0.03017
0.17403 0.63828 0.028853
0.17531 0.68035 0.029401
0.1766 0.63345 0.02822
0.1779 0.60825 0.027723
0.17921 0.61971 0.027596
0.18053 0.63681 0.027825
0.18186 0.58462 0.026642
0.1832 0.6226 0.027135
0.18455 0.55217 0.02578
0.18591 0.52586 0.025128
0.18728 0.56279 0.02549
0.18866 0.4932 0.024264
0.19005 0.51925 0.024321
0.19145 0.53408 0.024628
0.19286 0.51206 0.023952
0.19429 0.50425 0.023676
0.19572 0.45874 0.022831
