#
0.0050184 9.8268 0.63898
0.0050554 11.976 0.78854
0.0050926 10.211 0.7282
0.0051301 8.0025 0.57662
0.0051679 11.75 0.63778
0.005206 10.888 1.0633
0.0052444 15.347 1.7852
0.005283 NaN NaN
0.005322 8.1559 0.75145
0.0053612 13.115 0.82524
0.0054007 11.475 0.63023
0.0054405 10.015 0.45609
0.0054806 12.235 0.65077
0.005521 10.194 0.59407
0.0055616 9.4939 0.6281
0.0056026 8.2097 0.58404
0.0056439 9.7114 0.57981
0.0056855 9.0528 0.79176
0.0057274 11.195 1.0784
0.0057696 12.236 0.79703
0.0058121 8.5504 0.66644
0.0058549 8.3852 0.43994
0.0058981 9.0528 0.79176
0.0059416 9.6412 0.70758
0.0059853 8.7361 0.50921
0.0060294 9.0179 0.96786
0.0060739 8.1806 0.36157
0.0061186 9.9008 0.71703
0.0061637 10.135 0.51295
0.0062091 7.1615 0.40665
0.0062549 7.2532 0.54907
0.006301 7.7723 0.89863
0.0063474 7.3842 0.43794
0.0063942 6.8417 0.59608
0.0064413 5.3854 0.74826
0.0064888 7.9809 0.91053
0.0065366 8.5318 0.36925
0.0065847 6.8213 0.34372
0.0066333 6.8382 0.35945
0.0066821 6.3954 0.43572
0.0067314 5.1792 0.46405
0.006781 5.0975 0.46032
0.006831 6.4237 0.57774
0.0068813 6.8119 0.4207
0.006932 6.4238 0.43673
0.0069831 6.2192 0.65627
0.0070345 6.7508 0.44766
0.0070864 5.0362 0.25582
0.0071386 6.2935 0.3448
0.0071912 4.2128 0.54029
0.0072442 4.6868 0.349
0.0072976 6.2401 0.3796
0.0073513 5.4732 0.30791
0.0074055 4.3212 0.33524
0.0074601 4.1408 0.41506
0.0075151 5.4895 0.75542
0.0075704 4.8118 0.33336
0.0076262 4.4225 0.25632
0.0076824 6.7636 0.35747
0.007739 3.7502 0.2944
0.0077961 4.2396 0.22773
0.0078535 4.0207 0.34574
0.0079114 4.9214 0.35758
0.0079697 3.4502 0.48916
0.0080284 3.8924 0.40242
0.0080876 5.2761 0.29044
0.0081471 4.3004 0.22936
0.0082072 4.3298 0.28612
0.0082677 3.6379 0.2325
0.0083286 2.953 0.2364
0.00839 3.9334 0.3693
0.0084518 5.5254 0.35723
0.0085141 3.3752 0.23244
0.0085768 4.1115 0.24716
0.00864 3.1055 0.35945
0.0087037 3.4992 0.2573
0.0087678 3.7265 0.21355
0.0088324 3.7972 0.20944
0.0088975 3.4583 0.26819
0.0089631 3.3121 0.22186
0.0090291 2.8964 0.24555
0.0090956 4.1045 0.27856
0.0091627 2.7934 0.53918
0.0092302 3.802 0.20405
0.0092982 3.0784 0.16338
0.0093667 3.1432 0.20219
0.0094357 2.3247 0.34804
0.0095053 2.884 0.17781
0.0095753 3.8648 0.29888
0.0096459 3.5056 0.2205
0.0097169 2.291 0.19945
0.0097885 2.7081 0.16388
0.0098607 2.7015 0.18752
0.0099333 3.0353 0.26493
0.010007 3.4114 0.1685
0.01008 2.4935 0.1802
0.010155 2.4602 0.22639
0.010229 2.1006 0.19102
0.010305 2.675 0.18662
0.010381 2.7498 0.18352
0.010457 2.559 0.14323
0.010534 2.4806 0.15327
0.010612 2.2469 0.24197
0.01069 2.5714 0.18298
0.010769 2.6604 0.19221
0.010848 2.6494 0.16208
0.010928 2.1846 0.14725
0.011009 2.3988 0.14137
0.01109 2.5128 0.20066
0.011171 2.8865 0.16916
0.011254 1.8583 0.14675
0.011337 2.3784 0.18809
0.01142 2.2087 0.14461
0.011504 2.3234 0.12921
0.011589 2.2645 0.14324
0.011675 2.3827 0.16164
0.011761 2.0765 0.15512
0.011847 2.4053 0.21345
0.011935 2.3175 0.13134
0.012023 2.0716 0.1162
0.012111 2.0351 0.14564
0.0122 2.1349 0.14558
0.01229 2.2554 0.14614
0.012381 1.9281 0.12942
0.012472 2.1411 0.14244
0.012564 1.7702 0.1192
0.012657 1.9275 0.12202
0.01275 1.9662 0.11889
0.012844 1.8012 0.14447
0.012938 1.842 0.12158
0.013034 1.8406 0.12919
0.01313 1.7316 0.090604
0.013227 1.805 0.11808
0.013324 1.6996 0.14445
0.013422 1.8432 0.11719
0.013521 1.6923 0.13289
0.013621 1.9361 0.10047
0.013721 1.9327 0.11401
0.013822 1.9163 0.12644
0.013924 1.7091 0.099517
0.014027 1.534 0.1415
0.01413 1.8185 0.10264
0.014234 1.87 0.10129
0.014339 1.6113 0.095354
0.014445 1.651 0.11297
0.014551 2.1149 0.16103
0.014658 1.6428 0.083643
0.014766 1.6516 0.097833
0.014875 1.4699 0.099524
0.014985 1.8448 0.11142
0.015095 1.6279 0.097151
0.015206 1.5172 0.096512
0.015319 1.5605 0.089123
0.015431 1.4289 0.081463
0.015545 1.7245 0.10287
0.01566 1.7269 0.11555
0.015775 1.5095 0.087674
0.015891 1.4352 0.076672
0.016008 1.6579 0.10397
0.016126 1.6617 0.095537
0.016245 1.4679 0.094956
0.016365 1.5685 0.078609
0.016486 1.4836 0.08694
0.016607 1.5774 0.080363
0.016729 1.5958 0.10537
0.016853 1.6277 0.085959
0.016977 1.4967 0.078275
0.017102 1.4891 0.082206
0.017228 1.4813 0.096818
0.017355 1.5685 0.075143
0.017483 1.625 0.084062
0.017612 1.4395 0.081724
0.017741 1.5666 0.08169
0.017872 1.4393 0.079971
0.018004 1.5355 0.080918
0.018136 1.5147 0.070302
0.01827 1.5186 0.084902
0.018405 1.7326 0.097546
0.01854 1.46 0.064199
0.018677 1.5739 0.082717
0.018815 1.7665 0.084192
0.018953 1.4892 0.075899
0.019093 1.5162 0.072638
0.019234 1.4466 0.068713
0.019375 1.456 0.076459
0.019518 1.5779 0.080364
0.019662 1.5514 0.065717
0.019807 1.6718 0.076906
0.019953 1.6426 0.081996
0.0201 1.5045 0.067972
0.020248 1.4813 0.066013
0.020397 1.7709 0.077208
0.020547 1.5783 0.076027
0.020699 1.6052 0.070197
0.020851 1.7353 0.067695
0.021005 1.7743 0.079205
0.02116 1.7486 0.073249
0.021316 1.6261 0.064328
0.021473 1.8069 0.076739
0.021631 1.745 0.071601
0.02179 1.6796 0.06929
0.021951 1.6979 0.064554
0.022113 2.0261 0.078823
0.022276 1.7522 0.07226
0.02244 1.7147 0.060743
0.022605 1.8152 0.078146
0.022772 1.7018 0.065806
0.02294 1.8183 0.064203
0.023109 1.7734 0.066768
0.023279 1.7919 0.075828
0.02345 1.8782 0.063543
0.023623 1.9223 0.06531
0.023797 2.1908 0.080762
0.023973 1.8765 0.061646
0.024149 2.1127 0.070345
0.024327 2.1413 0.070036
0.024507 1.9198 0.066336
0.024687 2.1109 0.064126
0.024869 2.2004 0.073453
0.025052 2.0216 0.062762
0.025237 2.0366 0.068306
0.025423 2.2824 0.070386
0.02561 2.1446 0.06376
0.025799 2.1659 0.064656
0.025989 2.3845 0.076009
0.026181 2.2196 0.062349
0.026373 2.4811 0.068863
0.026568 2.573 0.071109
0.026764 2.2812 0.063736
0.026961 2.5247 0.069144
0.027159 2.5829 0.071244
0.02736 2.7726 0.06639
0.027561 2.8492 0.076269
0.027764 2.5089 0.062221
0.027969 2.7302 0.070315
0.028175 2.6937 0.067263
0.028383 2.7263 0.068503
0.028592 2.8367 0.068472
0.028802 2.9104 0.068543
0.029015 2.8357 0.064716
0.029228 3.1395 0.073191
0.029444 2.741 0.063181
0.029661 3.27 0.069724
0.029879 2.911 0.068812
0.0301 3.1326 0.065498
0.030321 3.507 0.077344
0.030545 3.1026 0.063142
0.03077 3.4639 0.070756
0.030997 3.3865 0.071466
0.031225 3.3312 0.06386
0.031455 3.4472 0.071842
0.031687 3.6333 0.066883
0.03192 3.6159 0.070824
0.032156 3.4506 0.06699
0.032393 3.5926 0.066311
0.032631 3.6823 0.069634
0.032872 3.828 0.067655
0.033114 4.0538 0.070851
0.033358 3.8126 0.068511
0.033604 4.0767 0.068832
0.033851 3.9341 0.066158
0.034101 4.2016 0.074849
0.034352 3.888 0.062512
0.034605 4.2955 0.071863
0.03486 4.009 0.065906
0.035117 4.3516 0.067954
0.035376 3.9769 0.065305
0.035637 4.4363 0.06987
0.035899 4.1579 0.064797
0.036164 4.4331 0.06658
0.03643 4.3709 0.069175
0.036699 4.6857 0.065232
0.036969 4.4884 0.067318
0.037241 4.5638 0.066754
0.037516 4.5253 0.066946
0.037792 4.4829 0.063534
0.038071 4.6511 0.065278
0.038351 4.8589 0.068556
0.038634 4.5217 0.061704
0.038919 4.7432 0.065205
0.039205 4.6293 0.063339
0.039494 4.8927 0.066948
0.039785 4.418 0.058448
0.040079 4.7283 0.063746
0.040374 4.5238 0.059926
0.040671 4.8437 0.064919
0.040971 4.518 0.059102
0.041273 4.4356 0.059004
0.041577 4.561 0.058947
0.041883 4.6503 0.060186
0.042192 4.7394 0.061103
0.042503 4.3826 0.055589
0.042816 4.7017 0.058678
0.043132 4.3306 0.054981
0.04345 4.1872 0.055382
0.04377 4.4395 0.056233
0.044092 4.3712 0.054873
0.044417 4.1816 0.053493
0.044744 4.1007 0.051155
0.045074 4.0583 0.05202
0.045406 3.937 0.050754
0.045741 3.8901 0.050059
0.046078 3.8616 0.049722
0.046417 3.7355 0.048171
0.04676 3.6022 0.047878
0.047104 3.4413 0.045173
0.047451 3.4247 0.044435
0.047801 3.3404 0.044257
0.048153 3.2787 0.043724
0.048508 3.0571 0.041089
0.048865 2.9148 0.040557
0.049225 2.9336 0.040578
0.049588 2.7374 0.038333
0.049954 2.7964 0.038794
0.050322 2.6866 0.038578
0.050693 2.5058 0.035598
0.051066 2.3844 0.0352
0.051442 2.3267 0.034348
0.051821 2.2251 0.03331
0.052203 2.1096 0.032361
0.052588 2.1084 0.031861
0.052975 1.9644 0.030832
0.053366 1.8138 0.029229
0.053759 1.7333 0.028416
0.054155 1.7202 0.028151
0.054554 1.5914 0.026283
0.054956 1.5192 0.026038
0.055361 1.4822 0.025371
0.055769 1.4003 0.024924
0.05618 1.3164 0.023604
0.056594 1.2553 0.022914
0.057011 1.2145 0.022342
0.057431 1.1587 0.022
0.057854 1.0753 0.02073
0.058281 1.029 0.0204
0.05871 1.0024 0.019687
0.059143 0.95525 0.019204
0.059579 0.9364 0.018911
0.060018 0.88765 0.018136
0.06046 0.8163 0.017356
0.060905 0.76612 0.016672
0.061354 0.7415 0.016437
0.061806 0.73944 0.016179
0.062262 0.71146 0.015781
0.062721 0.63107 0.014646
0.063183 0.63962 0.014888
0.063648 0.58454 0.014
0.064117 0.61989 0.014122
0.06459 0.58693 0.013787
0.065066 0.57614 0.01357
0.065545 0.52578 0.012986
0.066028 0.51964 0.01285
0.066515 0.51433 0.012411
0.067005 0.50358 0.012396
0.067499 0.4896 0.01228
0.067996 0.48117 0.011859
0.068497 0.49414 0.011837
0.069002 0.48833 0.011961
0.06951 0.45442 0.011262
0.070023 0.442 0.011025
0.070539 0.46673 0.011411
0.071058 0.44577 0.010886
0.071582 0.42416 0.010551
0.072109 0.44053 0.010831
0.072641 0.44292 0.01068
0.073176 0.42934 0.010474
0.073715 0.4238 0.010327
0.074258 0.40303 0.009907
0.074806 0.39898 0.0099343
0.075357 0.39499 0.0097659
0.075912 0.39644 0.0097186
0.076472 0.39551 0.0095093
0.077035 0.40446 0.0097213
0.077603 0.3836 0.0093502
0.078175 0.37144 0.0090986
0.078751 0.3799 0.0091656
0.079331 0.38194 0.0091284
0.079916 0.36378 0.008863
0.080504 0.36871 0.0089057
0.081098 0.35348 0.0084605
0.081695 0.3577 0.0087255
0.082297 0.34693 0.0082535
0.082904 0.33986 0.0082916
0.083515 0.29946 0.0075929
0.08413 0.32264 0.0079469
0.08475 0.32466 0.0079433
0.085374 0.32188 0.0077772
0.086004 0.3031 0.0076002
0.086637 0.28426 0.007148
0.087276 0.28556 0.0071139
0.087919 0.26677 0.0069606
0.088567 0.26883 0.0068963
0.089219 0.25986 0.0067473
0.089877 0.25649 0.0066085
0.090539 0.23122 0.0062383
0.091206 0.23894 0.0062857
0.091878 0.22952 0.0061821
0.092555 0.23224 0.0061682
0.093237 0.21975 0.0058847
0.093924 0.21741 0.0058227
0.094616 0.20804 0.0057395
0.095314 0.20273 0.0055603
0.096016 0.18898 0.0053452
0.096724 0.18559 0.0053246
0.097436 0.17476 0.0051237
0.098154 0.17686 0.0050119
0.098878 0.17832 0.0050755
0.099606 0.17335 0.0049939
0.10034 0.16817 0.0047993
0.10108 0.15658 0.0046745
0.10182 0.14806 0.0045023
0.10257 0.1403 0.0043294
0.10333 0.14466 0.0044226
0.10409 0.14225 0.0042781
0.10486 0.1424 0.0043125
0.10563 0.13859 0.0041964
0.10641 0.12629 0.003999
0.10719 0.13015 0.004054
0.10798 0.12167 0.0038313
0.10878 0.11919 0.0038501
0.10958 0.11666 0.0037062
0.11039 0.12206 0.0038256
0.1112 0.11034 0.0035613
0.11202 0.10869 0.0035874
0.11285 0.10312 0.0033962
0.11368 0.10606 0.0034725
0.11452 0.1048 0.0033629
0.11536 0.10079 0.0033463
0.11621 0.094423 0.0031945
0.11707 0.098879 0.0032432
0.11793 0.097999 0.0032114
0.1188 0.093613 0.003102
0.11967 0.089097 0.0030529
0.12056 0.092393 0.0030346
0.12144 0.086574 0.0029322
0.12234 0.089362 0.0029957
0.12324 0.081683 0.0028014
0.12415 0.082411 0.0028123
0.12506 0.081426 0.0028131
0.12598 0.083409 0.0027636
0.12691 0.083938 0.002778
0.12785 0.082928 0.002745
0.12879 0.07747 0.0026525
0.12974 0.080865 0.0026607
0.1307 0.075129 0.0025607
0.13166 0.075241 0.0025568
0.13263 0.077377 0.0025678
0.13361 0.081367 0.0025934
0.13459 0.075988 0.0025032
0.13558 0.071848 0.0024129
0.13658 0.070641 0.0024085
0.13759 0.069244 0.0023419
0.1386 0.067696 0.0023088
0.13962 0.067882 0.0022997
0.14065 0.063238 0.0022007
0.14169 0.064982 0.002217
0.14273 0.060013 0.0021318
0.14378 0.059322 0.002095
0.14484 0.063911 0.0021553
0.14591 0.058442 0.0020552
0.14699 0.057998 0.0020435
0.14807 0.056722 0.0020017
0.14916 0.059033 0.0020202
0.15026 0.056433 0.0019619
0.15137 0.055968 0.0019493
0.15248 0.05684 0.0019389
0.15361 0.05402 0.0018897
0.15474 0.0513 0.001832
0.15588 0.05015 0.0018052
0.15703 0.049747 0.0017811
0.15818 0.048071 0.001744
0.15935 0.051577 0.0017857
0.16052 0.049705 0.001738
0.16171 0.050134 0.0017376
0.1629 0.046079 0.0016659
0.1641 0.044938 0.0016351
0.16531 0.048238 0.0016757
0.16653 0.047797 0.0016506
0.16775 0.045563 0.0016084
0.16899 0.04219 0.0015463
0.17023 0.047827 0.0016212
0.17149 0.042528 0.0015297
0.17275 0.043371 0.0015265
0.17403 0.041085 0.0014873
0.17531 0.041809 0.0014895
0.1766 0.042775 0.0014833
0.1779 0.040148 0.0014417
0.17921 0.038878 0.0014066
0.18053 0.038505 0.001398
0.18186 0.038785 0.0013866
0.1832 0.039258 0.0013859
0.18455 0.038317 0.0013633
0.18591 0.036453 0.0013254
0.18728 0.039043 0.0013491
0.18866 0.035794 0.0013008
0.19005 0.033714 0.0012496
0.19145 0.036263 0.0012894
0.19286 0.031905 0.00121
0.19429 0.034105 0.0012347
0.19572 0.030031 0.0011707
