#
0.0050184 11.109 1.6116
0.0050554 17.104 2.2335
0.0050926 24.661 2.6808
0.0051301 11.585 1.6449
0.0051679 13.128 1.5985
0.005206 18.567 3.2897
0.0052444 20.879 4.9346
0.005283 NaN NaN
0.005322 8.8782 1.8593
0.0053612 8.3691 1.5659
0.0054007 16.819 1.8081
0.0054405 14.374 1.2952
0.0054806 11.771 1.514
0.005521 25.728 2.2356
0.0055616 12.966 1.7408
0.0056026 12.281 1.6935
0.0056439 12.944 1.5867
0.0056855 8.8648 1.8593
0.0057274 22.616 3.6318
0.0057696 15.948 2.1564
0.0058121 10.992 1.7925
0.0058549 13.911 1.343
0.0058981 10.416 2.0146
0.0059416 16.233 2.176
0.0059853 10.745 1.3396
0.0060294 5.1796 1.7447
0.0060739 14.265 1.1317
0.0061186 19.433 2.3801
0.0061637 19.874 1.7017
0.0062091 6.4067 0.91383
0.0062549 9.7121 1.5076
0.006301 14.482 2.9078
0.0063474 7.364 1.0383
0.0063942 9.8481 1.6955
0.0064413 10.991 2.5349
0.0064888 13.907 2.849
0.0065366 10.776 0.98416
0.0065847 10.122 0.99319
0.0066333 8.6126 0.95749
0.0066821 12.581 1.4485
0.0067314 5.7648 1.1631
0.006781 8.5635 1.415
0.006831 8.0874 1.5386
0.0068813 10.553 1.2422
0.006932 7.9215 1.1512
0.0069831 9.2672 1.8993
0.0070345 10.751 1.3396
0.0070864 6.7807 0.7048
0.0071386 9.6838 1.0142
0.0071912 12.755 2.2272
0.0072442 8.2388 1.0977
0.0072976 9.2552 1.0966
0.0073513 7.703 0.86693
0.0074055 3.4275 0.71227
0.0074601 6.4586 1.2309
0.0075151 7.5038 2.0968
0.0075704 4.3519 0.75356
0.0076262 6.4252 0.73374
0.0076824 10.838 1.0731
0.007739 7.3189 0.9757
0.0077961 6.7248 0.68075
0.0078535 5.5861 0.96887
0.0079114 6.3553 0.9644
0.0079697 4.9918 1.3979
0.0080284 3.2052 0.8704
0.0080876 7.0235 0.79523
0.0081471 5.6285 0.62332
0.0082072 4.1764 0.66875
0.0082677 7.3451 0.78377
0.0083286 5.1303 0.74016
0.00839 4.5981 0.94968
0.0084518 6.9294 0.94968
0.0085141 3.5277 0.56587
0.0085768 4.9319 0.64353
0.00864 6.4715 1.2309
0.0087037 4.914 0.7249
0.0087678 4.7384 0.57243
0.0088324 6.484 0.64939
0.0088975 3.6801 0.65796
0.0089631 4.1071 0.58746
0.0090291 3.206 0.61547
0.0090956 4.4995 0.69337
0.0091627 1.6984 1.0073
0.0092302 5.6982 0.59352
0.0092982 4.3132 0.45976
0.0093667 4.3131 0.56309
0.0094357 4.5961 1.1631
0.0095053 3.8592 0.48974
0.0095753 4.7307 0.78611
0.0096459 3.4413 0.52017
0.0097169 3.2445 0.56518
0.0097885 3.3251 0.43259
0.0098607 3.3643 0.49838
0.0099333 2.5369 0.57797
0.010007 4.557 0.46292
0.01008 2.9252 0.46548
0.010155 3.5529 0.6476
0.010229 2.4678 0.49424
0.010305 3.9424 0.53912
0.010381 3.233 0.47402
0.010457 4.2766 0.4406
0.010534 2.3771 0.35858
0.010612 1.8342 0.52423
0.01069 2.0533 0.39149
0.010769 3.5119 0.52592
0.010848 3.0512 0.41448
0.010928 2.8282 0.3994
0.011009 2.7434 0.36038
0.01109 2.8098 0.50613
0.011171 2.7185 0.39165
0.011254 2.7251 0.42373
0.011337 2.7784 0.48444
0.01142 2.0164 0.33017
0.011504 2.3528 0.31068
0.011589 2.3751 0.35037
0.011675 2.5796 0.40143
0.011761 2.0099 0.36555
0.011847 2.1664 0.48457
0.011935 2.8942 0.35003
0.012023 2.3782 0.29752
0.012111 3.0312 0.42339
0.0122 2.0509 0.34144
0.01229 2.5953 0.37385
0.012381 1.9855 0.31409
0.012472 2.1131 0.33854
0.012564 2.0922 0.30995
0.012657 2.2729 0.31657
0.01275 1.4742 0.24725
0.012844 1.6946 0.33578
0.012938 2.4947 0.33775
0.013034 2.3254 0.3467
0.01313 2.6201 0.26567
0.013227 2.1894 0.31065
0.013324 1.7938 0.35553
0.013422 1.6897 0.26922
0.013521 1.6336 0.31319
0.013621 1.9241 0.23979
0.013721 2.1272 0.28575
0.013822 2.319 0.33226
0.013924 2.0505 0.26049
0.014027 1.8368 0.37069
0.01413 2.1143 0.26447
0.014234 2.1854 0.26153
0.014339 1.8634 0.24553
0.014445 2.0159 0.29847
0.014551 1.59 0.3352
0.014658 1.9434 0.21756
0.014766 1.7608 0.24179
0.014875 1.034 0.20207
0.014985 1.9724 0.27573
0.015095 2.4031 0.28167
0.015206 1.4559 0.22693
0.015319 2.0508 0.24405
0.015431 1.5463 0.20353
0.015545 1.6942 0.24431
0.01566 1.6656 0.27247
0.015775 1.8219 0.23048
0.015891 1.5895 0.19353
0.016008 1.2953 0.22111
0.016126 1.8753 0.24296
0.016245 1.7272 0.2467
0.016365 1.5922 0.19007
0.016486 1.5913 0.21606
0.016607 1.2914 0.17519
0.016729 1.771 0.26581
0.016853 1.4613 0.19587
0.016977 2.0255 0.21757
0.017102 1.4678 0.19587
0.017228 1.2878 0.21729
0.017355 1.6916 0.18706
0.017483 1.6439 0.20275
0.017612 1.4768 0.19855
0.017741 1.6112 0.19861
0.017872 1.4591 0.19329
0.018004 1.4132 0.18692
0.018136 1.3285 0.15845
0.01827 1.5585 0.20647
0.018405 1.813 0.23907
0.01854 1.4709 0.15481
0.018677 1.8664 0.21539
0.018815 1.8254 0.20501
0.018953 1.4318 0.17893
0.019093 1.8485 0.19192
0.019234 1.8739 0.18712
0.019375 1.5166 0.18715
0.019518 1.8191 0.20653
0.019662 1.685 0.16413
0.019807 1.464 0.173
0.019953 1.4971 0.18808
0.0201 1.6411 0.1702
0.020248 1.5363 0.16135
0.020397 1.5201 0.17195
0.020547 2.0098 0.20508
0.020699 1.7436 0.17528
0.020851 2.0252 0.17484
0.021005 1.4079 0.1696
0.02116 1.7775 0.17694
0.021316 1.7375 0.15923
0.021473 1.6393 0.17527
0.021631 1.9161 0.17947
0.02179 1.4941 0.15693
0.021951 1.8941 0.16307
0.022113 1.9304 0.18424
0.022276 1.6947 0.17027
0.02244 1.9955 0.15681
0.022605 1.6745 0.17995
0.022772 2.1191 0.17546
0.02294 2.0108 0.16142
0.023109 1.8809 0.16463
0.023279 1.8113 0.1825
0.02345 1.7485 0.14687
0.023623 1.9755 0.15847
0.023797 1.9929 0.18429
0.023973 1.9909 0.15193
0.024149 2.0781 0.16686
0.024327 2.0436 0.16369
0.024507 1.9656 0.16067
0.024687 2.4603 0.16522
0.024869 2.0691 0.17037
0.025052 2.199 0.15641
0.025237 2.109 0.16617
0.025423 2.4929 0.17559
0.02561 2.2912 0.15756
0.025799 2.015 0.14924
0.025989 2.3273 0.17944
0.026181 2.079 0.14432
0.026373 2.4657 0.16394
0.026568 2.5472 0.16894
0.026764 2.714 0.16576
0.026961 2.6131 0.16787
0.027159 2.405 0.16424
0.02736 2.3443 0.1459
0.027561 2.6148 0.17445
0.027764 2.8169 0.15723
0.027969 2.5471 0.16215
0.028175 2.5549 0.15641
0.028383 2.8497 0.16706
0.028592 3.3524 0.17734
0.028802 2.7952 0.16029
0.029015 3.1387 0.16229
0.029228 3.0652 0.17241
0.029444 3.1526 0.16146
0.029661 3.3962 0.16926
0.029879 3.0833 0.1688
0.0301 2.94 0.15132
0.030321 3.6089 0.18684
0.030545 3.4586 0.15878
0.03077 3.5407 0.1704
0.030997 3.6557 0.17681
0.031225 3.3839 0.15331
0.031455 3.6793 0.17673
0.031687 3.8162 0.16317
0.03192 3.9884 0.17701
0.032156 3.8465 0.16832
0.032393 3.5832 0.15767
0.032631 3.6386 0.16479
0.032872 3.9187 0.16293
0.033114 4.3504 0.17462
0.033358 4.1398 0.16986
0.033604 4.1387 0.16504
0.033851 4.0343 0.15944
0.034101 4.437 0.18295
0.034352 4.0608 0.15204
0.034605 4.7296 0.17929
0.03486 4.105 0.15868
0.035117 4.4596 0.16361
0.035376 4.2945 0.16145
0.035637 5.0329 0.17689
0.035899 4.3919 0.15841
0.036164 4.8466 0.16552
0.03643 4.4341 0.16576
0.036699 4.6982 0.15533
0.036969 4.8268 0.16598
0.037241 4.7543 0.16201
0.037516 5.0386 0.16792
0.037792 4.9866 0.15932
0.038071 5.0466 0.16165
0.038351 4.7837 0.16177
0.038634 5.11 0.15591
0.038919 5.2287 0.16271
0.039205 4.9966 0.15646
0.039494 5.4013 0.16716
0.039785 4.8643 0.14582
0.040079 5.0421 0.1565
0.040374 5.0007 0.14978
0.040671 5.0736 0.15794
0.040971 4.9917 0.14767
0.041273 5.1805 0.15156
0.041577 5.3432 0.15161
0.041883 4.736 0.14444
0.042192 5.3189 0.15385
0.042503 4.9363 0.14025
0.042816 5.2844 0.14786
0.043132 4.7136 0.13641
0.04345 4.7029 0.13957
0.04377 5.141 0.14381
0.044092 4.7379 0.13586
0.044417 4.7653 0.13578
0.044744 4.4016 0.12606
0.045074 4.7654 0.13402
0.045406 4.4908 0.12892
0.045741 4.0929 0.12219
0.046078 4.3499 0.12554
0.046417 4.0031 0.11868
0.04676 3.8772 0.11821
0.047104 4.0144 0.1161
0.047451 3.8708 0.11242
0.047801 3.6536 0.11021
0.048153 3.6104 0.10925
0.048508 3.4511 0.10396
0.048865 3.3152 0.10303
0.049225 3.3374 0.1031
0.049588 2.9135 0.094295
0.049954 3.0616 0.096759
0.050322 2.941 0.096217
0.050693 2.6729 0.087719
0.051066 2.5218 0.086407
0.051442 2.5442 0.085718
0.051821 2.4372 0.08322
0.052203 2.4138 0.082638
0.052588 2.2163 0.078059
0.052975 2.1989 0.077955
0.053366 1.9011 0.071635
0.053759 1.9733 0.072529
0.054155 1.9056 0.070897
0.054554 1.9118 0.068926
0.054956 1.7723 0.067353
0.055361 1.5126 0.061527
0.055769 1.4823 0.061558
0.05618 1.4358 0.05921
0.056594 1.2904 0.055897
0.057011 1.2754 0.055099
0.057431 1.2178 0.054316
0.057854 1.2637 0.054072
0.058281 1.0637 0.050076
0.05871 1.0501 0.048671
0.059143 0.99555 0.047385
0.059579 1.0159 0.047581
0.060018 0.94586 0.045274
0.06046 0.88005 0.043668
0.060905 0.92986 0.044394
0.061354 0.76608 0.040635
0.061806 0.77318 0.040242
0.062262 0.74661 0.039347
0.062721 0.7838 0.039636
0.063183 0.76782 0.039641
0.063648 0.66784 0.036488
0.064117 0.6977 0.036496
0.06459 0.6764 0.036062
0.065066 0.6022 0.033961
0.065545 0.63377 0.034828
0.066028 0.55896 0.032692
0.066515 0.61311 0.033131
0.067005 0.59088 0.032864
0.067499 0.53875 0.031646
0.067996 0.58171 0.031905
0.068497 0.53115 0.030169
0.069002 0.5144 0.030198
0.06951 0.49858 0.029052
0.070023 0.53782 0.029847
0.070539 0.49399 0.028931
0.071058 0.4937 0.028202
0.071582 0.51365 0.028518
0.072109 0.46914 0.027587
0.072641 0.45619 0.026794
0.073176 0.54296 0.028873
0.073715 0.49235 0.027404
0.074258 0.51859 0.02758
0.074806 0.46142 0.026378
0.075357 0.47613 0.026419
0.075912 0.49457 0.026709
0.076472 0.43534 0.024679
0.077035 0.45018 0.025351
0.077603 0.44731 0.02495
0.078175 0.39399 0.023317
0.078751 0.43194 0.024199
0.079331 0.4063 0.023394
0.079916 0.45838 0.024536
0.080504 0.42137 0.023568
0.081098 0.43782 0.023262
0.081695 0.38169 0.022459
0.082297 0.38299 0.021597
0.082904 0.34233 0.020838
0.083515 0.39834 0.021707
0.08413 0.37769 0.021393
0.08475 0.32209 0.019902
0.085374 0.36371 0.02063
0.086004 0.3564 0.020542
0.086637 0.34049 0.019565
0.087276 0.30271 0.018447
0.087919 0.33317 0.019459
0.088567 0.32259 0.018938
0.089219 0.30003 0.018251
0.089877 0.33805 0.018936
0.090539 0.30521 0.017989
0.091206 0.28593 0.017326
0.091878 0.25078 0.016443
0.092555 0.26298 0.016668
0.093237 0.25251 0.016035
0.093924 0.2591 0.016136
0.094616 0.23918 0.015706
0.095314 0.238 0.015374
0.096016 0.23196 0.015139
0.096724 0.20968 0.014597
0.097436 0.21057 0.014472
0.098154 0.21236 0.014124
0.098878 0.22278 0.014521
0.099606 0.20618 0.014055
0.10034 0.22272 0.014112
0.10108 0.18421 0.013186
0.10182 0.19459 0.01333
0.10257 0.19646 0.013194
0.10333 0.18663 0.013026
0.10409 0.15792 0.01191
0.10486 0.17503 0.012478
0.10563 0.18191 0.012473
0.10641 0.15346 0.011628
0.10719 0.16216 0.011864
0.10798 0.16484 0.011654
0.10878 0.14671 0.011314
0.10958 0.14082 0.010835
0.11039 0.17105 0.011776
0.1112 0.15374 0.01104
0.11202 0.16972 0.011616
0.11285 0.13236 0.010268
0.11368 0.13441 0.010416
0.11452 0.14161 0.010338
0.11536 0.14206 0.010494
0.11621 0.14397 0.010374
0.11707 0.13284 0.010007
0.11793 0.14953 0.010394
0.1188 0.162 0.010579
0.11967 0.16348 0.010676
0.12056 0.15622 0.010264
0.12144 0.13747 0.0097375
0.12234 0.12777 0.0095517
0.12324 0.14323 0.0096979
0.12415 0.11982 0.0090944
0.12506 0.13232 0.009472
0.12598 0.12442 0.0090051
0.12691 0.1042 0.0084839
0.12785 0.10523 0.0084731
0.12879 0.10611 0.0084685
0.12974 0.11938 0.0086573
0.1307 0.11892 0.0086047
0.13166 0.11591 0.0085158
0.13263 0.1343 0.0088929
0.13361 0.11304 0.008255
0.13459 0.11014 0.0081448
0.13558 0.1103 0.0080504
0.13658 0.11138 0.0081278
0.13759 0.09543 0.0075603
0.1386 0.11763 0.0080912
0.13962 0.096678 0.0075301
0.14065 0.097539 0.0074508
0.14169 0.096325 0.0073983
0.14273 0.091478 0.0072323
0.14378 0.098336 0.0073156
0.14484 0.088367 0.0070437
0.14591 0.096646 0.0071869
0.14699 0.10678 0.0074122
0.14807 0.099515 0.0071566
0.14916 0.095882 0.0070151
0.15026 0.10161 0.0070717
0.15137 0.10597 0.0071552
0.15248 0.086736 0.0066143
0.15361 0.10059 0.0069134
0.15474 0.079154 0.0063583
0.15588 0.086787 0.0065005
0.15703 0.081392 0.006307
0.15818 0.081461 0.0062677
0.15935 0.087285 0.0063677
0.16052 0.068233 0.0058402
0.16171 0.078993 0.0060865
0.1629 0.075443 0.0059534
0.1641 0.088389 0.0062076
0.16531 0.079003 0.00596
0.16653 0.091187 0.0061635
0.16775 0.07811 0.0058441
0.16899 0.077537 0.0057874
0.17023 0.077883 0.0057641
0.17149 0.072948 0.005599
0.17275 0.091104 0.0059341
0.17403 0.089773 0.0058879
0.17531 0.0712 0.0054531
0.1766 0.082611 0.0056256
0.1779 0.079976 0.0055552
0.17921 0.071443 0.0053063
0.18053 0.073648 0.0053463
0.18186 0.072368 0.0052571
0.1832 0.070397 0.0051884
0.18455 0.074034 0.0052333
0.18591 0.061382 0.0049227
0.18728 0.070999 0.0050724
0.18866 0.069706 0.0050375
0.19005 0.06219 0.0048009
0.19145 0.062285 0.0048143
0.19286 0.068925 0.0048947
0.19429 0.061113 0.0047025
0.19572 0.063955 0.004752
