#
0.0050184 10.012 1.0298
0.0050554 13.976 1.3597
0.0050926 14.767 1.3977
0.0051301 9.171 0.98547
0.0051679 13.446 1.0891
0.005206 13.452 1.8863
0.0052444 16.879 2.9883
0.005283 NaN NaN
0.005322 11.956 1.4521
0.0053612 14.895 1.4039
0.0054007 13.098 1.0747
0.0054405 11.811 0.79064
0.0054806 13.535 1.0926
0.005521 11.862 1.023
0.0055616 12.756 1.1622
0.0056026 10.861 1.0723
0.0056439 9.8409 0.93178
0.0056855 11.07 1.3977
0.0057274 7.8948 1.4467
0.0057696 12.262 1.2736
0.0058121 10.143 1.1589
0.0058549 9.2531 0.73781
0.0058981 9.8373 1.3177
0.0059416 10.278 1.1664
0.0059853 10.088 0.8736
0.0060294 11.069 1.7118
0.0060739 9.1206 0.60954
0.0061186 13.316 1.3273
0.0061637 11.998 0.89084
0.0062091 6.373 0.61281
0.0062549 10.116 1.0352
0.006301 11.86 1.7719
0.0063474 7.0425 0.68306
0.0063942 6.586 0.93386
0.0064413 7.1051 1.3725
0.0064888 9.2219 1.5626
0.0065366 8.6735 0.59446
0.0065847 8.2071 0.602
0.0066333 7.0334 0.58227
0.0066821 7.2989 0.74327
0.0067314 5.9992 0.79767
0.006781 5.1573 0.73958
0.006831 5.258 0.83527
0.0068813 7.2365 0.69257
0.006932 7.5976 0.75844
0.0069831 6.6744 1.0855
0.0070345 5.7888 0.66222
0.0070864 5.0937 0.41106
0.0071386 6.2232 0.54757
0.0071912 6.6737 1.0855
0.0072442 5.3268 0.59431
0.0072976 7.3732 0.65887
0.0073513 6.6242 0.54096
0.0074055 4.9244 0.57187
0.0074601 4.5183 0.69282
0.0075151 4.993 1.1513
0.0075704 5.1462 0.55063
0.0076262 5.1068 0.44005
0.0076824 7.9481 0.61875
0.007739 4.0286 0.48757
0.0077961 4.7635 0.38563
0.0078535 3.5937 0.52286
0.0079114 5.3958 0.59796
0.0079697 4.5564 0.89789
0.0080284 3.9915 0.6513
0.0080876 6.3596 0.50917
0.0081471 4.4209 0.3716
0.0082072 5.2106 0.50139
0.0082677 4.8832 0.43023
0.0083286 3.6268 0.41867
0.00839 4.4656 0.62877
0.0084518 5.9647 0.59281
0.0085141 3.0652 0.35426
0.0085768 4.089 0.39395
0.00864 3.2563 0.58826
0.0087037 3.8647 0.43223
0.0087678 3.6748 0.33899
0.0088324 3.8842 0.33846
0.0088975 3.2563 0.41596
0.0089631 3.4502 0.36193
0.0090291 2.6712 0.37727
0.0090956 2.9561 0.37815
0.0091627 1.0355 0.52829
0.0092302 3.5612 0.31579
0.0092982 2.8615 0.25193
0.0093667 3.3787 0.33509
0.0094357 2.8799 0.61946
0.0095053 2.9484 0.28761
0.0095753 4.1443 0.49459
0.0096459 3.5 0.35218
0.0097169 3.0584 0.36832
0.0097885 3.3718 0.29229
0.0098607 2.9808 0.31497
0.0099333 3.0305 0.42327
0.010007 4.3519 0.30402
0.01008 2.6162 0.29532
0.010155 2.8816 0.39178
0.010229 2.4415 0.32944
0.010305 3.7386 0.35253
0.010381 2.8978 0.30129
0.010457 2.6739 0.23432
0.010534 2.2803 0.23528
0.010612 2.7481 0.42796
0.01069 3.1117 0.32181
0.010769 2.9334 0.32278
0.010848 3.0461 0.27786
0.010928 2.3159 0.2426
0.011009 2.9999 0.25269
0.01109 2.414 0.31477
0.011171 2.8447 0.26859
0.011254 2.2649 0.2592
0.011337 2.5449 0.31116
0.01142 2.6927 0.25526
0.011504 2.5806 0.21784
0.011589 2.4568 0.2387
0.011675 2.5618 0.26813
0.011761 1.764 0.22922
0.011847 2.4247 0.34297
0.011935 2.8616 0.23337
0.012023 2.2688 0.19464
0.012111 2.4597 0.25609
0.0122 1.8119 0.21494
0.01229 2.2353 0.23281
0.012381 2.1124 0.21679
0.012472 2.1604 0.22907
0.012564 2.3116 0.21789
0.012657 2.3628 0.21611
0.01275 2.2908 0.20529
0.012844 1.7088 0.22544
0.012938 2.088 0.20721
0.013034 2.1127 0.2215
0.01313 2.1625 0.16198
0.013227 1.777 0.18767
0.013324 1.7159 0.23255
0.013422 2.1259 0.20145
0.013521 1.7721 0.21782
0.013621 2.0757 0.16654
0.013721 2.0398 0.18746
0.013822 2.0676 0.21026
0.013924 1.7531 0.16142
0.014027 1.6597 0.2358
0.01413 1.9582 0.1705
0.014234 1.785 0.15851
0.014339 1.6602 0.1551
0.014445 1.8548 0.19171
0.014551 2.2138 0.26369
0.014658 1.9284 0.14505
0.014766 1.6949 0.15873
0.014875 1.6455 0.1687
0.014985 1.9353 0.18275
0.015095 1.7078 0.15941
0.015206 1.9353 0.17441
0.015319 1.5886 0.14406
0.015431 1.5006 0.13385
0.015545 1.7017 0.1637
0.01566 1.637 0.18039
0.015775 1.8454 0.15516
0.015891 1.4367 0.123
0.016008 1.7109 0.16917
0.016126 1.95 0.16567
0.016245 1.6857 0.16296
0.016365 1.6302 0.12843
0.016486 1.8438 0.15516
0.016607 1.6535 0.13184
0.016729 1.1918 0.14628
0.016853 1.7088 0.14113
0.016977 1.5725 0.12855
0.017102 1.6199 0.13734
0.017228 1.7855 0.17018
0.017355 1.7885 0.12849
0.017483 1.5941 0.13344
0.017612 1.6804 0.14137
0.017741 1.5404 0.12983
0.017872 1.4046 0.12667
0.018004 1.6661 0.13509
0.018136 1.7508 0.12104
0.01827 1.5243 0.13637
0.018405 1.4908 0.14515
0.01854 1.4962 0.10419
0.018677 1.6841 0.13703
0.018815 1.9263 0.14077
0.018953 1.4134 0.11862
0.019093 1.5087 0.11615
0.019234 1.6931 0.11905
0.019375 1.5016 0.12443
0.019518 1.572 0.12855
0.019662 1.7233 0.11093
0.019807 1.8648 0.13007
0.019953 1.778 0.13664
0.0201 1.5611 0.11096
0.020248 1.5162 0.10706
0.020397 1.6362 0.11899
0.020547 1.645 0.12435
0.020699 1.6232 0.11312
0.020851 1.6153 0.10467
0.021005 1.7408 0.12568
0.02116 1.6541 0.11418
0.021316 1.8071 0.10857
0.021473 1.7516 0.12104
0.021631 1.9045 0.11975
0.02179 1.6918 0.11141
0.021951 1.9044 0.10943
0.022113 1.8556 0.12086
0.022276 1.9395 0.12169
0.02244 1.8431 0.10087
0.022605 1.749 0.12289
0.022772 1.8 0.10838
0.02294 1.7574 0.10111
0.023109 1.7072 0.10498
0.023279 1.7492 0.12
0.02345 1.7418 0.098036
0.023623 1.8808 0.10348
0.023797 1.9995 0.12355
0.023973 1.9352 0.10025
0.024149 2.2973 0.11738
0.024327 2.1938 0.11347
0.024507 1.8565 0.1045
0.024687 2.1691 0.10404
0.024869 2.2574 0.11907
0.025052 2.006 0.1001
0.025237 2.0609 0.11
0.025423 2.2714 0.11238
0.02561 2.347 0.10675
0.025799 2.4316 0.1096
0.025989 2.1751 0.11623
0.026181 2.2495 0.10046
0.026373 2.6757 0.11439
0.026568 2.4428 0.11089
0.026764 2.3299 0.10307
0.026961 2.4548 0.1091
0.027159 2.5626 0.11354
0.02736 2.6013 0.1029
0.027561 2.8554 0.12213
0.027764 2.5473 0.10031
0.027969 2.7188 0.11225
0.028175 2.7411 0.10854
0.028383 2.7177 0.10942
0.028592 2.8392 0.10958
0.028802 2.7521 0.10664
0.029015 3.0779 0.10782
0.029228 3.0248 0.1149
0.029444 2.8432 0.10292
0.029661 3.2935 0.11188
0.029879 2.8904 0.10967
0.0301 3.1114 0.10439
0.030321 3.4146 0.12202
0.030545 3.1265 0.10136
0.03077 3.5049 0.11379
0.030997 3.5669 0.11725
0.031225 3.47 0.10419
0.031455 3.3967 0.11403
0.031687 3.7465 0.10856
0.03192 3.6782 0.11418
0.032156 3.408 0.10644
0.032393 3.6599 0.10698
0.032631 3.5753 0.10969
0.032872 3.8476 0.10842
0.033114 3.9508 0.11181
0.033358 3.8716 0.11035
0.033604 4.1583 0.1111
0.033851 3.9795 0.10635
0.034101 4.2708 0.1206
0.034352 4.0291 0.10171
0.034605 4.7165 0.12031
0.03486 4.2722 0.10872
0.035117 4.5917 0.11153
0.035376 4.042 0.10523
0.035637 4.8045 0.11617
0.035899 4.3389 0.10578
0.036164 4.8023 0.11072
0.03643 4.4999 0.11216
0.036699 4.7778 0.10525
0.036969 4.6211 0.10914
0.037241 4.9821 0.11143
0.037516 4.7616 0.10972
0.037792 4.7053 0.10401
0.038071 4.8873 0.10691
0.038351 4.9323 0.11036
0.038634 4.5369 0.098767
0.038919 4.9482 0.1064
0.039205 4.9683 0.10484
0.039494 5.1438 0.10966
0.039785 4.4818 0.094073
0.040079 4.9449 0.10416
0.040374 4.7134 0.097737
0.040671 5.0235 0.10563
0.040971 4.7106 0.096422
0.041273 4.8631 0.098707
0.041577 4.7879 0.096497
0.041883 4.7077 0.096762
0.042192 5.0956 0.10122
0.042503 4.359 0.088598
0.042816 4.7498 0.094241
0.043132 4.6302 0.09084
0.04345 4.3499 0.090207
0.04377 4.4846 0.09031
0.044092 4.533 0.089296
0.044417 4.4568 0.088247
0.044744 4.4708 0.085348
0.045074 4.2304 0.084877
0.045406 4.188 0.083656
0.045741 4.0935 0.082069
0.046078 4.1022 0.081904
0.046417 4.0121 0.079787
0.04676 3.7193 0.077761
0.047104 3.5514 0.073362
0.047451 3.5701 0.072521
0.047801 3.4351 0.071752
0.048153 3.4366 0.071565
0.048508 3.2101 0.067318
0.048865 3.1339 0.06724
0.049225 3.0041 0.065669
0.049588 2.8689 0.062763
0.049954 2.9443 0.063661
0.050322 2.7228 0.06212
0.050693 2.662 0.058688
0.051066 2.5553 0.058292
0.051442 2.4682 0.056598
0.051821 2.2889 0.054062
0.052203 2.3507 0.054652
0.052588 2.1183 0.051123
0.052975 2.0028 0.049846
0.053366 1.9346 0.048334
0.053759 1.8304 0.046765
0.054155 1.7882 0.045969
0.054554 1.6879 0.043363
0.054956 1.6179 0.043054
0.055361 1.5582 0.041689
0.055769 1.5203 0.041617
0.05618 1.4159 0.039245
0.056594 1.3206 0.037693
0.057011 1.3091 0.037201
0.057431 1.1807 0.035644
0.057854 1.1891 0.034978
0.058281 1.1095 0.034004
0.05871 1.059 0.032498
0.059143 1.004 0.031626
0.059579 0.95713 0.030727
0.060018 0.89735 0.029318
0.06046 0.87615 0.028911
0.060905 0.86042 0.028397
0.061354 0.85075 0.028304
0.061806 0.78176 0.02678
0.062262 0.72423 0.025652
0.062721 0.71143 0.025041
0.063183 0.71553 0.025357
0.063648 0.69064 0.024496
0.064117 0.65817 0.023455
0.06459 0.62787 0.022991
0.065066 0.61221 0.022564
0.065545 0.59579 0.022297
0.066028 0.58924 0.022068
0.066515 0.59361 0.021502
0.067005 0.56807 0.021245
0.067499 0.52855 0.020614
0.067996 0.51239 0.019778
0.068497 0.51682 0.01957
0.069002 0.50959 0.019752
0.06951 0.50149 0.019121
0.070023 0.50681 0.019072
0.070539 0.5015 0.019122
0.071058 0.48285 0.018318
0.071582 0.43411 0.017295
0.072109 0.46605 0.018027
0.072641 0.48655 0.018097
0.073176 0.47203 0.017763
0.073715 0.42738 0.016813
0.074258 0.43737 0.016711
0.074806 0.45876 0.01723
0.075357 0.4619 0.017074
0.075912 0.44564 0.016677
0.076472 0.45204 0.016442
0.077035 0.41961 0.016052
0.077603 0.42807 0.015995
0.078175 0.40974 0.015489
0.078751 0.42255 0.015658
0.079331 0.39217 0.015015
0.079916 0.40064 0.015078
0.080504 0.40463 0.015118
0.081098 0.36165 0.013908
0.081695 0.36399 0.014308
0.082297 0.36037 0.013673
0.082904 0.36361 0.013927
0.083515 0.35015 0.013328
0.08413 0.35566 0.01355
0.08475 0.34446 0.013305
0.085374 0.34326 0.013061
0.086004 0.30699 0.012467
0.086637 0.32037 0.012345
0.087276 0.30145 0.011912
0.087919 0.30057 0.012034
0.088567 0.30415 0.011943
0.089219 0.28707 0.011562
0.089877 0.30171 0.011661
0.090539 0.27419 0.011073
0.091206 0.27065 0.010911
0.091878 0.27666 0.011053
0.092555 0.27267 0.010898
0.093237 0.24956 0.010247
0.093924 0.24871 0.010179
0.094616 0.25152 0.010299
0.095314 0.22587 0.0096186
0.096016 0.2279 0.0096043
0.096724 0.21157 0.0093307
0.097436 0.20865 0.0091801
0.098154 0.22158 0.0091745
0.098878 0.19111 0.0086582
0.099606 0.19307 0.0086784
0.10034 0.17263 0.0080455
0.10108 0.18371 0.0083339
0.10182 0.1619 0.0077964
0.10257 0.17576 0.0079714
0.10333 0.16923 0.0078953
0.10409 0.1797 0.0079042
0.10486 0.15165 0.007393
0.10563 0.16853 0.0076269
0.10641 0.14851 0.0071832
0.10719 0.14881 0.0071855
0.10798 0.16286 0.007291
0.10878 0.15193 0.007176
0.10958 0.13875 0.0067094
0.11039 0.13822 0.0067683
0.1112 0.12982 0.0064308
0.11202 0.14667 0.0068707
0.11285 0.13526 0.0064362
0.11368 0.12696 0.0063219
0.11452 0.12632 0.0061432
0.11536 0.12551 0.0062085
0.11621 0.11434 0.0058727
0.11707 0.13033 0.0061668
0.11793 0.11673 0.0058537
0.1188 0.11196 0.0056776
0.11967 0.11559 0.0057885
0.12056 0.11623 0.0056737
0.12144 0.11028 0.0055236
0.12234 0.11188 0.0055964
0.12324 0.10182 0.0052435
0.12415 0.10812 0.0053737
0.12506 0.10641 0.0053683
0.12598 0.099827 0.0050829
0.12691 0.096361 0.0050212
0.12785 0.1007 0.0050823
0.12879 0.10255 0.0051016
0.12974 0.093529 0.0048317
0.1307 0.094667 0.0048307
0.13166 0.095454 0.0048379
0.13263 0.099455 0.0048769
0.13361 0.099098 0.0048071
0.13459 0.097512 0.0047538
0.13558 0.084947 0.0044453
0.13658 0.08767 0.004528
0.13759 0.08372 0.0043594
0.1386 0.085628 0.004382
0.13962 0.08874 0.0044212
0.14065 0.081883 0.0042275
0.14169 0.088359 0.0043393
0.14273 0.082814 0.0042086
0.14378 0.082783 0.0041565
0.14484 0.077906 0.0040444
0.14591 0.080233 0.0040554
0.14699 0.083554 0.0041102
0.14807 0.078107 0.003959
0.14916 0.07668 0.0039
0.15026 0.077651 0.0038783
0.15137 0.076594 0.0038476
0.15248 0.07391 0.0037485
0.15361 0.065351 0.0035642
0.15474 0.073352 0.003693
0.15588 0.065833 0.0035254
0.15703 0.07209 0.0036115
0.15818 0.066632 0.0034831
0.15935 0.078557 0.0036859
0.16052 0.067209 0.0034335
0.16171 0.068234 0.0034419
0.1629 0.064598 0.0033481
0.1641 0.059969 0.003233
0.16531 0.061892 0.0032527
0.16653 0.064783 0.0032704
0.16775 0.057806 0.003121
0.16899 0.059594 0.0031318
0.17023 0.068367 0.0032774
0.17149 0.064964 0.0031861
0.17275 0.055569 0.0029791
0.17403 0.057993 0.0030148
0.17531 0.059927 0.0030337
0.1766 0.058313 0.0029631
0.1779 0.059612 0.0029794
0.17921 0.056904 0.0028959
0.18053 0.055776 0.0028699
0.18186 0.060464 0.002921
0.1832 0.057331 0.0028505
0.18455 0.050429 0.0027075
0.18591 0.055811 0.0027832
0.18728 0.055238 0.0027438
0.18866 0.049872 0.0026438
0.19005 0.052095 0.0026413
0.19145 0.049909 0.0026086
0.19286 0.05043 0.0025853
0.19429 0.048643 0.0025381
0.19572 0.04357 0.0024397
