#
0.0050184 11.597 0.66787
0.0050554 16.277 0.88451
0.0050926 12.866 0.78644
0.0051301 10.83 0.64538
0.0051679 14.211 0.67484
0.005206 13.828 1.153
0.0052444 19.783 1.9502
0.005283 NaN NaN
0.005322 10.883 0.83515
0.0053612 12.72 0.78203
0.0054007 13.7 0.66257
0.0054405 14.481 0.52765
0.0054806 12.962 0.64452
0.005521 12.962 0.64452
0.0055616 12.557 0.69497
0.0056026 9.2158 0.59538
0.0056439 13.764 0.66412
0.0056855 13.763 0.9392
0.0057274 10.654 1.0123
0.0057696 13.828 0.81526
0.0058121 9.8387 0.68783
0.0058549 9.8139 0.45793
0.0058981 10.368 0.81526
0.0059416 11.954 0.75806
0.0059853 12.481 0.58556
0.0060294 10.175 0.9892
0.0060739 9.4963 0.37482
0.0061186 14.5 0.83484
0.0061637 11.498 0.5257
0.0062091 7.5278 0.40115
0.0062549 9.4447 0.60278
0.006301 9.6947 0.96559
0.0063474 7.4858 0.42428
0.0063942 9.6016 0.67939
0.0064413 9.5983 0.9608
0.0064888 12.29 1.087
0.0065366 10.753 0.39883
0.0065847 8.3818 0.36656
0.0066333 7.1528 0.35372
0.0066821 8.2276 0.47547
0.0067314 7.8702 0.55026
0.006781 5.6807 0.46754
0.006831 7.1009 0.58443
0.0068813 8.4451 0.45065
0.006932 7.2382 0.44603
0.0069831 6.9115 0.66566
0.0070345 8.4469 0.48177
0.0070864 6.5127 0.27986
0.0071386 6.928 0.34807
0.0071912 7.2316 0.68089
0.0072442 6.5735 0.3976
0.0072976 8.3187 0.42165
0.0073513 6.493 0.32266
0.0074055 4.7938 0.33969
0.0074601 5.602 0.46438
0.0075151 4.2182 0.63732
0.0075704 5.2454 0.33488
0.0076262 6.0851 0.28922
0.0076824 7.5903 0.36435
0.007739 4.6467 0.31525
0.0077961 5.8359 0.25702
0.0078535 4.2994 0.34397
0.0079114 5.4697 0.36269
0.0079697 4.796 0.55472
0.0080284 3.8731 0.38624
0.0080876 6.4226 0.30829
0.0081471 4.7279 0.23138
0.0082072 4.6904 0.28651
0.0082677 4.9744 0.26151
0.0083286 4.3938 0.27731
0.00839 4.6989 0.3883
0.0084518 6.4826 0.37227
0.0085141 3.5243 0.22852
0.0085768 4.5756 0.25085
0.00864 4.0284 0.39381
0.0087037 4.69 0.28651
0.0087678 4.3321 0.2215
0.0088324 4.5728 0.22112
0.0088975 3.6633 0.26557
0.0089631 4.1786 0.23971
0.0090291 3.4121 0.25637
0.0090956 4.0276 0.26551
0.0091627 4.316 0.64453
0.0092302 4.6329 0.21668
0.0092982 3.8352 0.17542
0.0093667 3.2107 0.19661
0.0094357 3.3055 0.39905
0.0095053 3.5908 0.19083
0.0095753 4.6034 0.3138
0.0096459 3.8097 0.22115
0.0097169 2.9861 0.21898
0.0097885 3.386 0.17625
0.0098607 3.2221 0.19698
0.0099333 3.451 0.27176
0.010007 3.8889 0.17307
0.01008 2.8372 0.18489
0.010155 2.7392 0.22979
0.010229 2.6976 0.20817
0.010305 3.1254 0.19403
0.010381 3.3826 0.19578
0.010457 2.9681 0.14837
0.010534 2.7598 0.15552
0.010612 2.5609 0.24847
0.01069 2.8013 0.18372
0.010769 3.2833 0.20537
0.010848 3.2401 0.17241
0.010928 2.7732 0.15955
0.011009 2.5824 0.1411
0.01109 2.7849 0.20321
0.011171 3.0662 0.16773
0.011254 2.0516 0.14831
0.011337 2.6003 0.1892
0.01142 2.4644 0.14694
0.011504 2.9266 0.13947
0.011589 2.3641 0.1408
0.011675 2.5197 0.15991
0.011761 2.3497 0.15871
0.011847 2.559 0.2118
0.011935 2.8527 0.14014
0.012023 2.5607 0.12423
0.012111 2.7202 0.16192
0.0122 2.4068 0.14868
0.01229 2.7173 0.15428
0.012381 2.0735 0.12911
0.012472 2.0786 0.13503
0.012564 2.489 0.13588
0.012657 2.29 0.12791
0.01275 2.1519 0.11964
0.012844 1.5183 0.12766
0.012938 2.3929 0.13324
0.013034 2.381 0.14129
0.01313 2.1492 0.097069
0.013227 2.2264 0.12612
0.013324 2.3197 0.16224
0.013422 2.0498 0.11887
0.013521 2.2107 0.14603
0.013621 2.1915 0.10281
0.013721 2.1925 0.11679
0.013822 1.8666 0.12007
0.013924 1.8974 0.10086
0.014027 2.0209 0.15613
0.01413 1.9026 0.101
0.014234 1.8984 0.098188
0.014339 1.8555 0.098405
0.014445 2.0412 0.12078
0.014551 2.2069 0.15825
0.014658 2.0152 0.089084
0.014766 2.1592 0.10756
0.014875 1.8569 0.10755
0.014985 1.9871 0.11123
0.015095 1.6514 0.094135
0.015206 1.7665 0.10015
0.015319 1.9464 0.09571
0.015431 1.8739 0.089677
0.015545 1.9981 0.10649
0.01566 1.6061 0.10723
0.015775 1.9789 0.09651
0.015891 1.6831 0.079841
0.016008 1.8234 0.10488
0.016126 1.7258 0.093656
0.016245 1.8961 0.10375
0.016365 1.7351 0.079519
0.016486 1.833 0.092915
0.016607 1.664 0.079395
0.016729 1.721 0.10525
0.016853 1.8038 0.087028
0.016977 1.7815 0.08212
0.017102 1.7088 0.084691
0.017228 1.686 0.099336
0.017355 1.6213 0.07349
0.017483 1.937 0.088257
0.017612 1.8368 0.088757
0.017741 1.827 0.08484
0.017872 1.8397 0.086925
0.018004 1.7865 0.083929
0.018136 1.7688 0.073056
0.01827 1.738 0.087348
0.018405 1.7913 0.095415
0.01854 1.7777 0.068114
0.018677 1.8457 0.086144
0.018815 1.8537 0.082964
0.018953 1.6031 0.075741
0.019093 1.8203 0.076532
0.019234 1.8049 0.073793
0.019375 1.8027 0.081804
0.019518 1.755 0.081514
0.019662 1.8644 0.069275
0.019807 1.8053 0.076869
0.019953 1.6867 0.079931
0.0201 1.7237 0.069968
0.020248 1.9129 0.072119
0.020397 1.9527 0.077981
0.020547 2.0211 0.082718
0.020699 1.8706 0.072875
0.020851 1.923 0.068543
0.021005 1.8937 0.078711
0.02116 1.7688 0.070876
0.021316 2.1079 0.070422
0.021473 1.9133 0.075961
0.021631 1.927 0.072373
0.02179 1.9843 0.072428
0.021951 2.1374 0.069646
0.022113 1.9213 0.073856
0.022276 1.9793 0.073867
0.02244 2.0592 0.064012
0.022605 1.9876 0.078656
0.022772 1.8523 0.066036
0.02294 2.1139 0.06658
0.023109 2.0819 0.069574
0.023279 1.9282 0.075664
0.02345 2.0937 0.064531
0.023623 2.2521 0.067988
0.023797 2.078 0.075682
0.023973 2.1237 0.063077
0.024149 2.3924 0.072002
0.024327 2.2213 0.068624
0.024507 2.1577 0.067642
0.024687 2.4054 0.065842
0.024869 2.3291 0.072699
0.025052 2.3927 0.06567
0.025237 2.4454 0.071986
0.025423 2.3936 0.069344
0.02561 2.4872 0.066041
0.025799 2.5446 0.067405
0.025989 2.6034 0.076401
0.026181 2.6253 0.065218
0.026373 2.7275 0.069456
0.026568 2.5764 0.068461
0.026764 2.8136 0.068079
0.026961 2.7273 0.069134
0.027159 2.7306 0.070472
0.02736 2.9486 0.065867
0.027561 3.0357 0.075738
0.027764 2.8626 0.063931
0.027969 3.153 0.072687
0.028175 2.7824 0.06577
0.028383 3.2819 0.072294
0.028592 3.0521 0.068328
0.028802 3.0032 0.066988
0.029015 3.3289 0.067448
0.029228 3.4032 0.07331
0.029444 3.3121 0.066803
0.029661 3.4231 0.068634
0.029879 3.2479 0.069922
0.0301 3.6831 0.068319
0.030321 3.7262 0.076701
0.030545 3.4445 0.064004
0.03077 3.7652 0.07097
0.030997 3.6607 0.071484
0.031225 3.9154 0.0666
0.031455 3.9468 0.073951
0.031687 3.8884 0.066569
0.03192 4.0566 0.072168
0.032156 3.6911 0.066659
0.032393 4.3202 0.069951
0.032631 3.9946 0.069777
0.032872 4.2049 0.068218
0.033114 3.9343 0.067161
0.033358 4.4593 0.071278
0.033604 4.3062 0.068063
0.033851 4.1627 0.065475
0.034101 4.7023 0.07618
0.034352 4.0484 0.061373
0.034605 4.6883 0.072232
0.03486 4.3827 0.066297
0.035117 4.8373 0.068929
0.035376 4.2123 0.064664
0.035637 5.0707 0.071865
0.035899 4.2511 0.063039
0.036164 5.0001 0.068028
0.03643 4.3719 0.066566
0.036699 5.047 0.065136
0.036969 4.4862 0.064756
0.037241 5.1696 0.068352
0.037516 4.5187 0.064368
0.037792 5.1035 0.065218
0.038071 4.6732 0.062958
0.038351 5.1319 0.067788
0.038634 4.5922 0.059831
0.038919 5.111 0.065122
0.039205 4.7845 0.061955
0.039494 5.3076 0.067087
0.039785 4.6567 0.057733
0.040079 5.0246 0.063224
0.040374 4.7594 0.05914
0.040671 4.9313 0.063026
0.040971 5.09 0.060353
0.041273 4.6641 0.058214
0.041577 4.9067 0.058824
0.041883 4.6845 0.058122
0.042192 4.9511 0.060089
0.042503 4.6027 0.054811
0.042816 4.7656 0.056841
0.043132 4.7135 0.055186
0.04345 4.3332 0.054206
0.04377 4.7103 0.055729
0.044092 4.2569 0.052103
0.044417 4.3871 0.052717
0.044744 4.2403 0.050049
0.045074 4.2437 0.051181
0.045406 4.1483 0.050124
0.045741 3.8031 0.047625
0.046078 3.8855 0.047989
0.046417 3.7417 0.046386
0.04676 3.4653 0.045185
0.047104 3.676 0.044918
0.047451 3.3707 0.042416
0.047801 3.3161 0.042427
0.048153 3.2991 0.0422
0.048508 3.001 0.03917
0.048865 2.9619 0.039335
0.049225 2.9769 0.039328
0.049588 2.7189 0.036757
0.049954 2.7209 0.036819
0.050322 2.708 0.037264
0.050693 2.5134 0.034301
0.051066 2.3765 0.033811
0.051442 2.4794 0.03411
0.051821 2.3022 0.032596
0.052203 2.1616 0.031514
0.052588 2.207 0.03136
0.052975 2.0535 0.030325
0.053366 1.9225 0.028947
0.053759 1.983 0.029231
0.054155 1.8296 0.027927
0.054554 1.7652 0.026624
0.054956 1.6309 0.02595
0.055361 1.6349 0.025628
0.055769 1.5557 0.025266
0.05618 1.4718 0.024001
0.056594 1.4011 0.02328
0.057011 1.358 0.022718
0.057431 1.2735 0.02218
0.057854 1.2403 0.021405
0.058281 1.1869 0.021064
0.05871 1.1392 0.020178
0.059143 1.0983 0.019795
0.059579 1.0428 0.019187
0.060018 1.0033 0.018536
0.06046 1.0008 0.018467
0.060905 0.91388 0.017498
0.061354 0.91312 0.017524
0.061806 0.85036 0.016675
0.062262 0.86123 0.016681
0.062721 0.83112 0.016137
0.063183 0.76582 0.01565
0.063648 0.76373 0.015363
0.064117 0.7351 0.014774
0.06459 0.70586 0.014523
0.065066 0.73327 0.0147
0.065545 0.71991 0.01458
0.066028 0.70374 0.01435
0.066515 0.65839 0.013478
0.067005 0.66157 0.013635
0.067499 0.64222 0.013496
0.067996 0.65317 0.013255
0.068497 0.65545 0.013082
0.069002 0.61538 0.012889
0.06951 0.64644 0.01288
0.070023 0.61397 0.01246
0.070539 0.62263 0.012644
0.071058 0.6062 0.012176
0.071582 0.60307 0.012062
0.072109 0.59556 0.012079
0.072641 0.61381 0.012057
0.073176 0.58585 0.011734
0.073715 0.58421 0.011627
0.074258 0.6082 0.01166
0.074806 0.55072 0.011189
0.075357 0.58268 0.011365
0.075912 0.57658 0.011231
0.076472 0.56447 0.010888
0.077035 0.55344 0.010903
0.077603 0.54065 0.010638
0.078175 0.54968 0.010602
0.078751 0.53924 0.010464
0.079331 0.54849 0.010481
0.079916 0.52793 0.010228
0.080504 0.53425 0.010271
0.081098 0.51134 0.0097472
0.081695 0.52502 0.010124
0.082297 0.50909 0.0095741
0.082904 0.49 0.0095354
0.083515 0.47026 0.0090992
0.08413 0.46194 0.0091054
0.08475 0.46717 0.0091235
0.085374 0.44415 0.0087503
0.086004 0.46454 0.0090021
0.086637 0.45872 0.0086786
0.087276 0.4435 0.0084778
0.087919 0.43833 0.0085227
0.088567 0.41587 0.0081988
0.089219 0.40689 0.008068
0.089877 0.40649 0.0079482
0.090539 0.4043 0.0078659
0.091206 0.3858 0.0076263
0.091878 0.37826 0.0075736
0.092555 0.36488 0.0073813
0.093237 0.37784 0.0073574
0.093924 0.35718 0.0071179
0.094616 0.35924 0.0071866
0.095314 0.34043 0.0068663
0.096016 0.34035 0.0068238
0.096724 0.32804 0.0067349
0.097436 0.3273 0.006662
0.098154 0.31419 0.006352
0.098878 0.31098 0.006376
0.099606 0.30694 0.0063165
0.10034 0.29701 0.0060626
0.10108 0.28297 0.0059653
0.10182 0.27666 0.0058346
0.10257 0.27486 0.0057364
0.10333 0.26602 0.0056848
0.10409 0.26722 0.0055546
0.10486 0.26501 0.0055743
0.10563 0.26172 0.0054613
0.10641 0.25557 0.005374
0.10719 0.23993 0.0052105
0.10798 0.2436 0.0051179
0.10878 0.2426 0.0051823
0.10958 0.22757 0.0048854
0.11039 0.23551 0.0050209
0.1112 0.23517 0.0048936
0.11202 0.22629 0.004874
0.11285 0.22177 0.0046815
0.11368 0.21702 0.0046766
0.11452 0.21698 0.0045538
0.11536 0.21435 0.0045853
0.11621 0.21508 0.0045172
0.11707 0.20342 0.0043723
0.11793 0.20318 0.0043447
0.1188 0.19394 0.0041893
0.11967 0.19523 0.0042314
0.12056 0.19999 0.0041846
0.12144 0.19356 0.0041004
0.12234 0.19259 0.0041193
0.12324 0.18526 0.0039379
0.12415 0.19061 0.0039913
0.12506 0.18797 0.0039877
0.12598 0.18003 0.0037961
0.12691 0.1872 0.0038773
0.12785 0.18164 0.0037953
0.12879 0.17946 0.003759
0.12974 0.17519 0.0036589
0.1307 0.17416 0.0036286
0.13166 0.1669 0.0035471
0.13263 0.16929 0.0035429
0.13361 0.16689 0.0034752
0.13459 0.16178 0.003408
0.13558 0.16073 0.0033581
0.13658 0.16064 0.0033758
0.13759 0.15711 0.003278
0.1386 0.15626 0.0032546
0.13962 0.15522 0.0032276
0.14065 0.15586 0.0031936
0.14169 0.14843 0.0031047
0.14273 0.14478 0.0030561
0.14378 0.14414 0.0030119
0.14484 0.14055 0.0029633
0.14591 0.14107 0.0029432
0.14699 0.13407 0.0028666
0.14807 0.13242 0.0028189
0.14916 0.13502 0.0028217
0.15026 0.13093 0.0027555
0.15137 0.13037 0.0027415
0.15248 0.12854 0.0026916
0.15361 0.12182 0.002615
0.15474 0.12634 0.0026345
0.15588 0.12668 0.0026258
0.15703 0.11921 0.0025268
0.15818 0.11997 0.0025177
0.15935 0.11472 0.00245
0.16052 0.11466 0.002422
0.16171 0.11628 0.0024271
0.1629 0.10882 0.0023393
0.1641 0.11147 0.0023454
0.16531 0.10589 0.0022787
0.16653 0.11078 0.0023014
0.16775 0.10356 0.0022164
0.16899 0.10209 0.0021854
0.17023 0.10583 0.0022117
0.17149 0.096513 0.0021004
0.17275 0.099456 0.0021087
0.17403 0.098463 0.0020904
0.17531 0.096415 0.0020584
0.1766 0.092588 0.0019933
0.1779 0.091802 0.001981
0.17921 0.089526 0.0019362
0.18053 0.089105 0.001927
0.18186 0.084385 0.0018593
0.1832 0.082175 0.0018269
0.18455 0.082339 0.0018161
0.18591 0.080154 0.0017794
0.18728 0.082709 0.0017878
0.18866 0.078287 0.0017415
0.19005 0.076694 0.001697
0.19145 0.071333 0.0016465
0.19286 0.072012 0.0016317
0.19429 0.07212 0.0016232
0.19572 0.073631 0.001631
