#
0.0050184 8.5223 0.93255
0.0050554 22.108 1.6777
0.0050926 18.418 1.5315
0.0051301 11.986 1.1053
0.0051679 12.526 1.0315
0.005206 20.586 2.2894
0.0052444 24.904 3.5612
0.005283 NaN NaN
0.005322 13.889 1.5356
0.0053612 18.287 1.5262
0.0054007 16.26 1.1749
0.0054405 15.191 0.87971
0.0054806 15.409 1.1439
0.005521 16.002 1.1657
0.0055616 12.794 1.1421
0.0056026 8.3227 0.92139
0.0056439 15.328 1.1408
0.0056855 10.83 1.3567
0.0057274 16.506 2.0508
0.0057696 18.296 1.5262
0.0058121 13.202 1.2971
0.0058549 12.077 0.82693
0.0058981 8.6259 1.2111
0.0059416 16.64 1.4557
0.0059853 11.532 0.91644
0.0060294 7.6075 1.3933
0.0060739 10.075 0.6286
0.0061186 18.802 1.5473
0.0061637 13.399 0.92375
0.0062091 7.6637 0.65922
0.0062549 10.251 1.0226
0.006301 9.1329 1.5263
0.0063474 8.245 0.72508
0.0063942 13.084 1.2908
0.0064413 8.6232 1.4833
0.0064888 7.1005 1.346
0.0065366 10.779 0.65015
0.0065847 8.7517 0.60997
0.0066333 9.3172 0.65734
0.0066821 9.9363 0.85068
0.0067314 7.9143 0.89863
0.006781 5.7807 0.7682
0.006831 8.2434 1.0254
0.0068813 9.0041 0.75781
0.006932 9.5699 0.83501
0.0069831 6.5973 1.059
0.0070345 9.4268 0.82866
0.0070864 5.9866 0.43714
0.0071386 6.5946 0.55307
0.0071912 4.7313 0.89735
0.0072442 6.7834 0.65782
0.0072976 11.114 0.79341
0.0073513 7.6938 0.57195
0.0074055 4.8061 0.5544
0.0074601 6.3863 0.80762
0.0075151 6.8435 1.3218
0.0075704 5.8605 0.57647
0.0076262 5.5359 0.44949
0.0076824 8.487 0.62737
0.007739 5.5755 0.56245
0.0077961 5.7845 0.41683
0.0078535 3.9697 0.539
0.0079114 5.8324 0.60997
0.0079697 4.7272 0.89736
0.0080284 3.437 0.59331
0.0080876 7.4944 0.54227
0.0081471 5.6342 0.41142
0.0082072 4.9256 0.47842
0.0082677 5.2115 0.43607
0.0083286 4.464 0.45551
0.00839 5.2333 0.66766
0.0084518 7.2706 0.64204
0.0085141 3.5781 0.37537
0.0085768 4.5556 0.40791
0.00864 4.357 0.66722
0.0087037 3.7219 0.41625
0.0087678 3.15 0.30812
0.0088324 5.1256 0.3813
0.0088975 4.2043 0.4635
0.0089631 4.1949 0.39139
0.0090291 3.3865 0.41643
0.0090956 3.9106 0.42641
0.0091627 5.0673 1.1376
0.0092302 4.581 0.35117
0.0092982 3.9852 0.29143
0.0093667 3.5718 0.33801
0.0094357 2.2648 0.53962
0.0095053 3.6159 0.31227
0.0095753 5.1783 0.5422
0.0096459 4.2186 0.3792
0.0097169 3.1574 0.36716
0.0097885 3.3683 0.28665
0.0098607 3.4748 0.33349
0.0099333 3.936 0.47295
0.010007 3.9469 0.28418
0.01008 3.0283 0.31155
0.010155 3.64 0.43169
0.010229 2.5209 0.3284
0.010305 3.7912 0.34832
0.010381 3.8083 0.33858
0.010457 2.6925 0.2307
0.010534 3.0285 0.26569
0.010612 2.9009 0.43132
0.01069 3.1875 0.31956
0.010769 3.5033 0.34589
0.010848 3.1032 0.27516
0.010928 2.3515 0.23983
0.011009 2.6245 0.23203
0.01109 2.7162 0.32743
0.011171 3.5633 0.29473
0.011254 2.2943 0.25595
0.011337 2.1238 0.27913
0.01142 2.6164 0.24691
0.011504 2.5729 0.21343
0.011589 2.4324 0.23305
0.011675 2.6278 0.26643
0.011761 1.7836 0.22612
0.011847 2.7976 0.36123
0.011935 2.5378 0.21576
0.012023 2.1055 0.18404
0.012111 2.3179 0.24399
0.0122 2.1568 0.22984
0.01229 2.4534 0.23921
0.012381 2.4583 0.2293
0.012472 2.1499 0.22421
0.012564 2.0892 0.20336
0.012657 2.4074 0.21402
0.01275 1.8904 0.18316
0.012844 1.7588 0.22434
0.012938 2.2457 0.21075
0.013034 1.8356 0.20274
0.01313 2.1173 0.15727
0.013227 2.1259 0.20119
0.013324 1.473 0.21162
0.013422 2.0291 0.19315
0.013521 2.0373 0.22894
0.013621 1.9736 0.15937
0.013721 1.9972 0.18202
0.013822 2.4796 0.2257
0.013924 1.8861 0.1642
0.014027 1.5348 0.22259
0.01413 2.1684 0.17595
0.014234 2.1073 0.16882
0.014339 1.8876 0.16212
0.014445 1.7486 0.18269
0.014551 1.5035 0.21373
0.014658 1.9922 0.14462
0.014766 1.5757 0.15023
0.014875 1.8637 0.176
0.014985 1.6997 0.16817
0.015095 1.7577 0.15864
0.015206 1.5197 0.15187
0.015319 1.4803 0.1365
0.015431 1.4904 0.13088
0.015545 1.6089 0.15623
0.01566 1.6142 0.17576
0.015775 1.9137 0.15499
0.015891 1.4834 0.12259
0.016008 1.6159 0.16136
0.016126 1.6771 0.15088
0.016245 1.6832 0.15977
0.016365 1.4452 0.11874
0.016486 1.7632 0.14891
0.016607 1.5624 0.12579
0.016729 1.47 0.15909
0.016853 1.3691 0.12415
0.016977 1.4845 0.12259
0.017102 1.5821 0.13318
0.017228 1.2879 0.14214
0.017355 1.8364 0.12772
0.017483 1.4822 0.12631
0.017612 1.4261 0.12791
0.017741 1.4523 0.12373
0.017872 1.5475 0.13035
0.018004 1.4799 0.12503
0.018136 1.384 0.10576
0.01827 1.5836 0.13633
0.018405 1.3688 0.13654
0.01854 1.3859 0.09844
0.018677 1.6855 0.13449
0.018815 1.2779 0.11284
0.018953 1.3988 0.11578
0.019093 1.4784 0.11281
0.019234 1.6782 0.11629
0.019375 1.5929 0.12568
0.019518 1.504 0.1234
0.019662 1.5714 0.10399
0.019807 1.563 0.11697
0.019953 1.5627 0.12579
0.0201 1.3987 0.10313
0.020248 1.5032 0.10458
0.020397 1.5758 0.11459
0.020547 1.7003 0.124
0.020699 1.451 0.10502
0.020851 1.4976 0.098937
0.021005 1.5902 0.11792
0.02116 1.6454 0.11173
0.021316 1.6038 0.10043
0.021473 1.5915 0.11327
0.021631 1.7482 0.11262
0.02179 1.5596 0.10501
0.021951 1.6006 0.098536
0.022113 1.4205 0.10394
0.022276 1.817 0.11561
0.02244 1.6911 0.094849
0.022605 1.6515 0.11721
0.022772 1.7211 0.10401
0.02294 1.5598 0.093525
0.023109 1.5767 0.099032
0.023279 1.9272 0.12351
0.02345 1.6093 0.0925
0.023623 1.5677 0.092807
0.023797 2.0128 0.12162
0.023973 1.8192 0.095401
0.024149 1.6979 0.099181
0.024327 1.7213 0.098758
0.024507 1.8326 0.10187
0.024687 1.9891 0.097796
0.024869 1.9047 0.10741
0.025052 1.9033 0.095693
0.025237 1.8394 0.10203
0.025423 2.0338 0.1044
0.02561 1.9596 0.095802
0.025799 1.8047 0.092796
0.025989 1.9587 0.10828
0.026181 2.0723 0.094643
0.026373 2.0307 0.097912
0.026568 2.1413 0.10193
0.026764 1.9829 0.093369
0.026961 2.1189 0.099526
0.027159 2.1799 0.10283
0.02736 2.0275 0.089245
0.027561 2.3309 0.10837
0.027764 2.3967 0.095493
0.027969 2.1627 0.098334
0.028175 2.3649 0.098987
0.028383 2.3481 0.099861
0.028592 2.3063 0.096997
0.028802 2.4729 0.099232
0.029015 2.3688 0.092914
0.029228 2.4626 0.10181
0.029444 2.2507 0.089941
0.029661 2.5176 0.096084
0.029879 2.4895 0.099929
0.0301 2.6818 0.095149
0.030321 2.8297 0.10907
0.030545 2.6498 0.091621
0.03077 2.6865 0.097854
0.030997 2.6903 0.10002
0.031225 2.7611 0.091272
0.031455 2.8393 0.10236
0.031687 2.9789 0.095062
0.03192 2.925 0.099992
0.032156 2.7701 0.094227
0.032393 2.8573 0.09283
0.032631 2.8829 0.096715
0.032872 3.2434 0.09773
0.033114 3.3324 0.10081
0.033358 3.3824 0.10125
0.033604 3.4589 0.099487
0.033851 3.2502 0.094372
0.034101 3.8945 0.11303
0.034352 3.7303 0.096051
0.034605 4.2187 0.11168
0.03486 4.1567 0.10524
0.035117 4.4064 0.10722
0.035376 4.0055 0.10279
0.035637 4.277 0.10758
0.035899 4.5466 0.10624
0.036164 4.0989 0.10041
0.03643 4.4247 0.10914
0.036699 4.2747 0.097713
0.036969 4.2898 0.10321
0.037241 4.0193 0.098261
0.037516 4.1592 0.10066
0.037792 4.2407 0.096918
0.038071 3.8997 0.093768
0.038351 4.272 0.10082
0.038634 3.9738 0.090734
0.038919 4.2697 0.097022
0.039205 4.4349 0.097224
0.039494 4.3889 0.099438
0.039785 3.9852 0.087073
0.040079 4.3606 0.096008
0.040374 4.2382 0.090968
0.040671 4.1715 0.094494
0.040971 4.2906 0.090321
0.041273 4.1323 0.089321
0.041577 4.2644 0.089387
0.041883 3.9449 0.086957
0.042192 4.1171 0.089328
0.042503 3.8305 0.081526
0.042816 4.1909 0.086892
0.043132 4.1108 0.084016
0.04345 3.9025 0.083865
0.04377 3.9721 0.083427
0.044092 3.9477 0.0818
0.044417 3.9473 0.081521
0.044744 3.6469 0.075682
0.045074 3.8083 0.079045
0.045406 3.8141 0.078358
0.045741 3.6287 0.075848
0.046078 3.6578 0.075916
0.046417 3.5585 0.073759
0.04676 3.4107 0.073088
0.047104 3.31 0.069511
0.047451 3.2944 0.068375
0.047801 3.2308 0.068294
0.048153 3.1172 0.066902
0.048508 3.1103 0.065027
0.048865 3.0484 0.065078
0.049225 3.1249 0.065708
0.049588 3.0475 0.063456
0.049954 3.1038 0.064121
0.050322 2.8523 0.062373
0.050693 2.9403 0.060496
0.051066 2.4634 0.056167
0.051442 2.632 0.05733
0.051821 2.3297 0.053511
0.052203 2.4455 0.054684
0.052588 2.1447 0.050467
0.052975 2.1874 0.051085
0.053366 2.1606 0.050085
0.053759 2.1467 0.049643
0.054155 2.1535 0.049441
0.054554 2.0857 0.047232
0.054956 1.88 0.045489
0.055361 1.8783 0.04485
0.055769 1.8315 0.044758
0.05618 1.7828 0.043132
0.056594 1.6555 0.041331
0.057011 1.6237 0.040576
0.057431 1.5891 0.040466
0.057854 1.5006 0.03847
0.058281 1.49 0.038555
0.05871 1.448 0.037169
0.059143 1.5029 0.037816
0.059579 1.617 0.038989
0.060018 1.7561 0.03999
0.06046 1.7722 0.04007
0.060905 1.7858 0.039865
0.061354 1.8927 0.041107
0.061806 1.769 0.039188
0.062262 1.6247 0.037356
0.062721 1.3985 0.034163
0.063183 1.2474 0.032614
0.063648 1.1668 0.031023
0.064117 1.0845 0.029332
0.06459 1.0393 0.02881
0.065066 0.9952 0.028017
0.065545 0.98619 0.027922
0.066028 1.0175 0.028215
0.066515 0.93356 0.026262
0.067005 0.96791 0.026975
0.067499 0.91278 0.02633
0.067996 0.92509 0.025811
0.068497 0.9371 0.025592
0.069002 0.89328 0.025408
0.06951 0.88799 0.024713
0.070023 0.85578 0.024085
0.070539 0.82497 0.023842
0.071058 0.89161 0.024159
0.071582 0.84894 0.023427
0.072109 0.90218 0.024316
0.072641 0.78831 0.022394
0.073176 0.78696 0.022281
0.073715 0.75757 0.021704
0.074258 0.80471 0.021974
0.074806 0.74165 0.021284
0.075357 0.74214 0.021032
0.075912 0.73447 0.020788
0.076472 0.70437 0.019953
0.077035 0.67569 0.019776
0.077603 0.66049 0.019306
0.078175 0.69202 0.01952
0.078751 0.70008 0.019558
0.079331 0.68885 0.019276
0.079916 0.6672 0.018871
0.080504 0.63623 0.018409
0.081098 0.6633 0.018216
0.081695 0.62872 0.018202
0.082297 0.66768 0.017991
0.082904 0.64286 0.017923
0.083515 0.61326 0.017063
0.08413 0.62015 0.017316
0.08475 0.62078 0.017265
0.085374 0.62743 0.017062
0.086004 0.61779 0.017039
0.086637 0.62047 0.016567
0.087276 0.62929 0.016563
0.087919 0.58254 0.016138
0.088567 0.57599 0.015843
0.089219 0.59554 0.016012
0.089877 0.59208 0.015737
0.090539 0.58906 0.015578
0.091206 0.57598 0.015285
0.091878 0.59997 0.015631
0.092555 0.60099 0.01552
0.093237 0.60587 0.015266
0.093924 0.59644 0.015068
0.094616 0.57733 0.014933
0.095314 0.5485 0.014291
0.096016 0.55622 0.014302
0.096724 0.54345 0.014211
0.097436 0.56979 0.014396
0.098154 0.54679 0.013727
0.098878 0.54969 0.013883
0.099606 0.54114 0.013739
0.10034 0.54067 0.013392
0.10108 0.52578 0.013312
0.10182 0.51184 0.012995
0.10257 0.47585 0.012378
0.10333 0.49675 0.012721
0.10409 0.52322 0.012715
0.10486 0.50971 0.012652
0.10563 0.48885 0.012223
0.10641 0.50484 0.012356
0.10719 0.48032 0.012061
0.10798 0.48756 0.011845
0.10878 0.47829 0.011908
0.10958 0.4745 0.011534
0.11039 0.46371 0.011531
0.1112 0.44826 0.011067
0.11202 0.47472 0.01154
0.11285 0.45048 0.010916
0.11368 0.44478 0.010952
0.11452 0.43408 0.010542
0.11536 0.42754 0.010602
0.11621 0.44736 0.010654
0.11707 0.42526 0.01034
0.11793 0.43587 0.010402
0.1188 0.40028 0.0098506
0.11967 0.39745 0.009884
0.12056 0.39689 0.0096564
0.12144 0.40599 0.009715
0.12234 0.40147 0.0097317
0.12324 0.3885 0.0093314
0.12415 0.37326 0.0091552
0.12506 0.37972 0.0092831
0.12598 0.36242 0.0088251
0.12691 0.37451 0.0089848
0.12785 0.35955 0.0087536
0.12879 0.36187 0.0087467
0.12974 0.35507 0.0085343
0.1307 0.35816 0.0085224
0.13166 0.34043 0.0083018
0.13263 0.35149 0.0083602
0.13361 0.34164 0.0081466
0.13459 0.34391 0.0081333
0.13558 0.33864 0.0079807
0.13658 0.34923 0.0081424
0.13759 0.35109 0.00801
0.1386 0.34418 0.0078995
0.13962 0.316 0.0075504
0.14065 0.33122 0.0076218
0.14169 0.32447 0.0075111
0.14273 0.3287 0.0075262
0.14378 0.30267 0.0071519
0.14484 0.30826 0.007182
0.14591 0.30519 0.0070878
0.14699 0.30807 0.0071018
0.14807 0.29706 0.0069065
0.14916 0.29028 0.0067772
0.15026 0.28583 0.0066662
0.15137 0.2925 0.0067174
0.15248 0.28072 0.0065131
0.15361 0.28157 0.0064984
0.15474 0.27788 0.0063971
0.15588 0.27828 0.0063721
0.15703 0.28205 0.0063483
0.15818 0.27363 0.0062187
0.15935 0.26419 0.0060798
0.16052 0.26529 0.0060233
0.16171 0.25042 0.0058397
0.1629 0.26125 0.0059189
0.1641 0.24623 0.0057108
0.16531 0.24494 0.0056685
0.16653 0.25466 0.0057072
0.16775 0.24106 0.0055302
0.16899 0.22894 0.0053611
0.17023 0.2272 0.0053173
0.17149 0.23535 0.0053549
0.17275 0.24101 0.00536
0.17403 0.23272 0.0052535
0.17531 0.21155 0.0050017
0.1766 0.21697 0.0049914
0.1779 0.19965 0.004796
0.17921 0.20667 0.0048162
0.18053 0.19523 0.0046822
0.18186 0.20188 0.0047015
0.1832 0.1948 0.0046012
0.18455 0.19575 0.0045799
0.18591 0.18986 0.0044806
0.18728 0.18065 0.0043404
0.18866 0.17934 0.0043206
0.19005 0.17928 0.0042489
0.19145 0.17479 0.0042112
0.19286 0.16355 0.0040354
0.19429 0.15877 0.0039597
0.19572 0.16191 0.0039764
