#
0.0050184 6.942 0.85118
0.0050554 13.755 1.3383
0.0050926 8.5547 1.056
0.0051301 6.1148 0.79875
0.0051679 11.588 1.0031
0.005206 11.94 1.7632
0.0052444 14.533 2.7513
0.005283 NaN NaN
0.005322 5.3553 0.96497
0.0053612 7.3808 0.98137
0.0054007 8.2117 0.84462
0.0054405 9.0255 0.68585
0.0054806 10.461 0.95322
0.005521 9.4216 0.90472
0.0055616 7.7717 0.90056
0.0056026 7.7779 0.90056
0.0056439 8.4725 0.85786
0.0056855 8.9889 1.2498
0.0057274 10.11 1.6235
0.0057696 5.8295 0.87197
0.0058121 9.2033 1.0953
0.0058549 6.5653 0.61683
0.0058981 8.6423 1.2255
0.0059416 12.196 1.2602
0.0059853 7.1059 0.72777
0.0060294 6.9949 1.3508
0.0060739 5.8972 0.48657
0.0061186 9.0769 1.0875
0.0061637 7.0646 0.67854
0.0062091 6.1569 0.59759
0.0062549 9.437 0.99198
0.006301 4.6543 1.103
0.0063474 5.3717 0.59211
0.0063942 9.9917 1.1406
0.0064413 4.1334 1.0399
0.0064888 4.397 1.0719
0.0065366 4.4572 0.42327
0.0065847 6.2579 0.52174
0.0066333 5.0318 0.48894
0.0066821 6.0696 0.67261
0.0067314 5.2807 0.74263
0.006781 4.66 0.69758
0.006831 6.6049 0.92828
0.0068813 4.7177 0.5553
0.006932 4.8781 0.60343
0.0069831 4.836 0.91709
0.0070345 6.8116 0.71244
0.0070864 3.8111 0.353
0.0071386 4.8962 0.48204
0.0071912 5.5286 0.98041
0.0072442 4.0729 0.51587
0.0072976 3.7907 0.46934
0.0073513 4.4834 0.44187
0.0074055 3.6119 0.48636
0.0074601 4.655 0.69758
0.0075151 3.0945 0.90057
0.0075704 2.9853 0.4166
0.0076262 4.135 0.39304
0.0076824 3.2379 0.39264
0.007739 4.0806 0.48679
0.0077961 3.5261 0.32941
0.0078535 4.057 0.55086
0.0079114 3.7509 0.49497
0.0079697 5.1778 0.94928
0.0080284 3.4086 0.59737
0.0080876 3.2997 0.36438
0.0081471 2.7914 0.29336
0.0082072 3.4268 0.40386
0.0082677 3.2092 0.34641
0.0083286 3.6169 0.41477
0.00839 3.3553 0.54118
0.0084518 2.6933 0.39606
0.0085141 3.3368 0.36657
0.0085768 2.9475 0.33218
0.00864 2.893 0.55026
0.0087037 3.0475 0.38109
0.0087678 2.4546 0.27527
0.0088324 3.4474 0.31643
0.0088975 3.3609 0.41919
0.0089631 2.4674 0.304
0.0090291 2.889 0.38909
0.0090956 3.0513 0.38109
0.0091627 3.6189 0.97273
0.0092302 2.0547 0.23857
0.0092982 2.8597 0.24985
0.0093667 2.2206 0.26994
0.0094357 4.7843 0.79068
0.0095053 2.1083 0.24169
0.0095753 2.4036 0.37441
0.0096459 1.9543 0.2617
0.0097169 2.317 0.3184
0.0097885 2.0311 0.22557
0.0098607 2.2839 0.27382
0.0099333 2.4628 0.37884
0.010007 2.1203 0.21108
0.01008 2.315 0.27575
0.010155 2.2122 0.34095
0.010229 2.273 0.31544
0.010305 2.2498 0.27189
0.010381 2.3322 0.26838
0.010457 1.5718 0.17887
0.010534 2.1734 0.22792
0.010612 1.7949 0.34392
0.01069 1.6653 0.23434
0.010769 2.1245 0.27294
0.010848 2.3296 0.24133
0.010928 1.8337 0.21442
0.011009 2.0999 0.21005
0.01109 1.736 0.26531
0.011171 1.859 0.21585
0.011254 2.1137 0.24849
0.011337 1.762 0.25731
0.01142 1.6577 0.19915
0.011504 1.9661 0.1889
0.011589 1.8529 0.20596
0.011675 2.3846 0.25671
0.011761 1.5051 0.2103
0.011847 1.2048 0.24103
0.011935 1.7209 0.18004
0.012023 1.5831 0.16167
0.012111 1.641 0.20798
0.0122 1.6596 0.20417
0.01229 1.4674 0.18759
0.012381 1.8408 0.20091
0.012472 1.4646 0.18759
0.012564 1.7552 0.18866
0.012657 1.6708 0.18065
0.01275 1.4299 0.16137
0.012844 1.1619 0.18497
0.012938 1.8151 0.19182
0.013034 1.469 0.18366
0.01313 1.5139 0.13474
0.013227 1.5179 0.17225
0.013324 1.5054 0.21627
0.013422 1.3496 0.15975
0.013521 1.2762 0.18383
0.013621 1.5361 0.1424
0.013721 1.5044 0.16
0.013822 1.619 0.18486
0.013924 1.3355 0.14003
0.014027 1.0486 0.18669
0.01413 1.2629 0.13626
0.014234 1.3874 0.13887
0.014339 1.1984 0.13108
0.014445 1.5559 0.17439
0.014551 1.2919 0.20057
0.014658 1.5797 0.1304
0.014766 1.206 0.13316
0.014875 1.3512 0.15189
0.014985 1.2507 0.14622
0.015095 1.6086 0.15353
0.015206 1.3237 0.14346
0.015319 1.1831 0.12361
0.015431 1.3614 0.12658
0.015545 1.629 0.15893
0.01566 1.3416 0.16227
0.015775 1.1949 0.12426
0.015891 1.5873 0.12815
0.016008 1.359 0.14981
0.016126 1.3446 0.13683
0.016245 1.1697 0.13507
0.016365 1.2219 0.11056
0.016486 1.4596 0.13718
0.016607 1.2196 0.11261
0.016729 1.4503 0.15979
0.016853 1.4445 0.12888
0.016977 1.5171 0.12528
0.017102 1.4248 0.12789
0.017228 1.2059 0.13916
0.017355 1.1955 0.10455
0.017483 1.6014 0.13267
0.017612 1.3881 0.12763
0.017741 1.3463 0.12052
0.017872 1.3824 0.12467
0.018004 1.3109 0.11911
0.018136 1.3169 0.10436
0.01827 1.3348 0.12673
0.018405 1.1115 0.12466
0.01854 1.2618 0.095054
0.018677 1.6034 0.13267
0.018815 1.5859 0.12688
0.018953 1.574 0.12406
0.019093 1.4156 0.11166
0.019234 1.3089 0.10404
0.019375 1.5379 0.12489
0.019518 1.3943 0.1202
0.019662 1.3356 0.097061
0.019807 1.4564 0.11423
0.019953 1.7092 0.13293
0.0201 1.3606 0.10287
0.020248 1.3825 0.10148
0.020397 1.4008 0.10935
0.020547 1.6191 0.12239
0.020699 1.4906 0.1076
0.020851 1.5569 0.10197
0.021005 1.4578 0.11423
0.02116 1.4292 0.1054
0.021316 1.4425 0.096376
0.021473 1.5371 0.11258
0.021631 1.6328 0.1101
0.02179 1.4443 0.10223
0.021951 1.5013 0.09653
0.022113 1.6505 0.11316
0.022276 1.5301 0.10739
0.02244 1.546 0.091758
0.022605 1.7717 0.12269
0.022772 1.7716 0.10667
0.02294 1.7862 0.1011
0.023109 1.58 0.10024
0.023279 1.6416 0.11537
0.02345 1.7626 0.097821
0.023623 1.7018 0.097708
0.023797 1.9976 0.12251
0.023973 1.6725 0.092537
0.024149 1.782 0.1027
0.024327 1.9078 0.10505
0.024507 1.6215 0.09697
0.024687 2.1932 0.10377
0.024869 1.9037 0.10857
0.025052 1.9646 0.098279
0.025237 1.8285 0.10285
0.025423 2.2248 0.11034
0.02561 1.9224 0.095949
0.025799 2.2825 0.10537
0.025989 2.0803 0.11279
0.026181 2.0349 0.094831
0.026373 2.3759 0.10699
0.026568 2.2179 0.10487
0.026764 2.0754 0.096554
0.026961 2.3452 0.10581
0.027159 2.3014 0.1068
0.02736 2.461 0.099312
0.027561 2.3159 0.10922
0.027764 2.5341 0.099252
0.027969 2.4725 0.10623
0.028175 2.3414 0.099588
0.028383 2.5115 0.10438
0.028592 2.8646 0.10919
0.028802 2.6039 0.10293
0.029015 2.668 0.09964
0.029228 2.9941 0.11341
0.029444 2.6711 0.098984
0.029661 2.9853 0.10571
0.029879 2.987 0.11058
0.0301 2.8674 0.099443
0.030321 3.0922 0.11524
0.030545 3.1221 0.10048
0.03077 3.28 0.10923
0.030997 3.4541 0.11448
0.031225 3.1705 0.098831
0.031455 3.0177 0.10667
0.031687 3.3982 0.1026
0.03192 3.5301 0.11099
0.032156 3.2275 0.10277
0.032393 3.4156 0.10255
0.032631 3.5683 0.10871
0.032872 3.6434 0.10468
0.033114 3.6564 0.10673
0.033358 3.666 0.10654
0.033604 3.7064 0.10409
0.033851 3.7638 0.10262
0.034101 3.9401 0.11494
0.034352 3.3351 0.091854
0.034605 3.8997 0.10858
0.03486 3.7146 0.10061
0.035117 3.9887 0.10316
0.035376 3.8818 0.10231
0.035637 4.1317 0.10691
0.035899 4.172 0.10291
0.036164 4.1566 0.10223
0.03643 4.0184 0.10518
0.036699 4.0917 0.096661
0.036969 4.1267 0.10235
0.037241 4.0881 0.10018
0.037516 4.0377 0.10028
0.037792 4.46 0.10047
0.038071 4.123 0.09746
0.038351 4.1338 0.10028
0.038634 3.9728 0.09172
0.038919 4.3614 0.099131
0.039205 4.1945 0.095606
0.039494 4.3503 0.10009
0.039785 4.1134 0.089427
0.040079 4.2094 0.095375
0.040374 4.0615 0.090041
0.040671 4.3655 0.097718
0.040971 4.3444 0.091881
0.041273 3.9956 0.088806
0.041577 4.181 0.089487
0.041883 4.0667 0.089253
0.042192 4.1505 0.090675
0.042503 4.1122 0.085382
0.042816 4.111 0.08701
0.043132 4.0738 0.084559
0.04345 3.7173 0.082765
0.04377 3.8422 0.082961
0.044092 3.6867 0.079937
0.044417 3.7895 0.080763
0.044744 3.7287 0.077363
0.045074 3.7604 0.079413
0.045406 3.6657 0.077674
0.045741 3.422 0.07448
0.046078 3.4359 0.074402
0.046417 3.331 0.072164
0.04676 3.3426 0.073156
0.047104 3.3384 0.070575
0.047451 3.122 0.067307
0.047801 3.1539 0.068225
0.048153 2.9745 0.066085
0.048508 2.8711 0.063184
0.048865 2.8688 0.063843
0.049225 2.9876 0.064967
0.049588 2.6186 0.059506
0.049954 2.6278 0.059691
0.050322 2.5581 0.059748
0.050693 2.5632 0.057139
0.051066 2.4177 0.056263
0.051442 2.4533 0.055978
0.051821 2.2117 0.052728
0.052203 2.2702 0.053289
0.052588 2.0789 0.050246
0.052975 2.0376 0.049869
0.053366 2.0626 0.049489
0.053759 1.9896 0.048341
0.054155 1.8071 0.045837
0.054554 1.8786 0.045349
0.054956 1.8069 0.0451
0.055361 1.7866 0.04424
0.055769 1.8055 0.044936
0.05618 1.5989 0.041329
0.056594 1.5817 0.04086
0.057011 1.5786 0.040462
0.057431 1.5545 0.040474
0.057854 1.4989 0.038875
0.058281 1.4565 0.038549
0.05871 1.3839 0.036755
0.059143 1.3416 0.036158
0.059579 1.3617 0.036225
0.060018 1.3298 0.035257
0.06046 1.2654 0.034324
0.060905 1.2699 0.034077
0.061354 1.2412 0.033765
0.061806 1.2291 0.033124
0.062262 1.1879 0.032382
0.062721 1.2178 0.032274
0.063183 1.1799 0.03209
0.063648 1.1891 0.031662
0.064117 1.1981 0.031143
0.06459 1.1325 0.030383
0.065066 1.1219 0.030041
0.065545 1.1934 0.030995
0.066028 1.1306 0.030041
0.066515 1.1 0.028772
0.067005 1.0763 0.028729
0.067499 1.138 0.029655
0.067996 1.0956 0.02835
0.068497 1.1132 0.028152
0.069002 1.0678 0.028034
0.06951 1.0528 0.027156
0.070023 1.079 0.027273
0.070539 1.0617 0.027268
0.071058 1.0816 0.026848
0.071582 1.0247 0.025969
0.072109 1.0187 0.026092
0.072641 1.0446 0.025977
0.073176 0.99919 0.025312
0.073715 1.0025 0.025157
0.074258 1.0002 0.024706
0.074806 1.0238 0.025182
0.075357 0.94172 0.023882
0.075912 1.037 0.024867
0.076472 1.0021 0.023955
0.077035 0.96926 0.023832
0.077603 0.9499 0.023293
0.078175 0.95183 0.023048
0.078751 0.928 0.022681
0.079331 0.95477 0.022845
0.079916 0.90348 0.022111
0.080504 0.94637 0.022577
0.081098 0.88955 0.021243
0.081695 0.9232 0.022179
0.082297 0.89315 0.020954
0.082904 0.87518 0.021053
0.083515 0.8532 0.020249
0.08413 0.86651 0.020595
0.08475 0.8361 0.020169
0.085374 0.80139 0.019426
0.086004 0.81826 0.019745
0.086637 0.82994 0.019289
0.087276 0.8157 0.018995
0.087919 0.79854 0.01901
0.088567 0.7768 0.018515
0.089219 0.76723 0.018304
0.089877 0.7633 0.017996
0.090539 0.76504 0.017877
0.091206 0.77194 0.01781
0.091878 0.74646 0.01757
0.092555 0.70541 0.016959
0.093237 0.71363 0.01671
0.093924 0.70028 0.016466
0.094616 0.68239 0.016372
0.095314 0.70062 0.016264
0.096016 0.68545 0.015996
0.096724 0.66553 0.015846
0.097436 0.66995 0.015742
0.098154 0.63731 0.014946
0.098878 0.65374 0.015264
0.099606 0.6307 0.014958
0.10034 0.62518 0.014525
0.10108 0.66786 0.015107
0.10182 0.61581 0.014364
0.10257 0.60825 0.014083
0.10333 0.63763 0.014506
0.10409 0.5974 0.013706
0.10486 0.60607 0.013906
0.10563 0.61941 0.013851
0.10641 0.56568 0.013198
0.10719 0.58498 0.013408
0.10798 0.5728 0.012942
0.10878 0.56552 0.01305
0.10958 0.56183 0.012649
0.11039 0.58019 0.012985
0.1112 0.53924 0.012227
0.11202 0.54681 0.012489
0.11285 0.54672 0.012112
0.11368 0.53913 0.012145
0.11452 0.52184 0.011643
0.11536 0.51638 0.011734
0.11621 0.51451 0.011521
0.11707 0.50741 0.011378
0.11793 0.51741 0.011419
0.1188 0.50269 0.011105
0.11967 0.50946 0.011252
0.12056 0.48497 0.010744
0.12144 0.47485 0.010587
0.12234 0.48889 0.010811
0.12324 0.464 0.010269
0.12415 0.46074 0.010233
0.12506 0.47332 0.010425
0.12598 0.44634 0.0098521
0.12691 0.46055 0.010025
0.12785 0.45766 0.0099259
0.12879 0.44346 0.0097409
0.12974 0.44144 0.0095698
0.1307 0.42205 0.0093164
0.13166 0.43393 0.0094173
0.13263 0.43206 0.0093234
0.13361 0.43589 0.0092464
0.13459 0.41262 0.008966
0.13558 0.41613 0.0088977
0.13658 0.42206 0.0090075
0.13759 0.39504 0.0085663
0.1386 0.40521 0.0086306
0.13962 0.40378 0.0085718
0.14065 0.39718 0.0083988
0.14169 0.40561 0.00844
0.14273 0.39305 0.0082822
0.14378 0.36552 0.007904
0.14484 0.36099 0.0078235
0.14591 0.38563 0.0080022
0.14699 0.37042 0.0078329
0.14807 0.37998 0.0078416
0.14916 0.35347 0.0075172
0.15026 0.35796 0.0074923
0.15137 0.34337 0.0073246
0.15248 0.34365 0.0072417
0.15361 0.32705 0.0070497
0.15474 0.33907 0.0071009
0.15588 0.32865 0.0069662
0.15703 0.32255 0.0068368
0.15818 0.31189 0.0066862
0.15935 0.305 0.0065749
0.16052 0.31646 0.0066143
0.16171 0.31335 0.0065546
0.1629 0.29293 0.0063144
0.1641 0.29216 0.0062528
0.16531 0.29143 0.0062145
0.16653 0.28892 0.0061214
0.16775 0.29507 0.0061424
0.16899 0.2726 0.0058771
0.17023 0.28242 0.005946
0.17149 0.26467 0.0057186
0.17275 0.27413 0.0057546
0.17403 0.25501 0.0055433
0.17531 0.2496 0.0054576
0.1766 0.25436 0.0054312
0.1779 0.24415 0.0053179
0.17921 0.24805 0.005296
0.18053 0.24254 0.0052284
0.18186 0.22792 0.0050268
0.1832 0.23572 0.0050764
0.18455 0.22742 0.00496
0.18591 0.22046 0.0048505
0.18728 0.22189 0.0048187
0.18866 0.20538 0.0046469
0.19005 0.20788 0.0045954
0.19145 0.199 0.0045164
0.19286 0.19458 0.0044121
0.19429 0.18779 0.0043171
0.19572 0.18765 0.0042966
