#
0.0050184 8.3432 1.3807
0.0050554 19.527 2.3568
0.0050926 43.64 3.5209
0.0051301 11.304 1.605
0.0051679 12.81 1.5598
0.005206 28.331 4.0124
0.0052444 39.666 6.7141
0.005283 NaN NaN
0.005322 7.5279 1.6918
0.0053612 18.38 2.2874
0.0054007 18.68 1.882
0.0054405 15.501 1.3284
0.0054806 13.945 1.6271
0.005521 60.853 3.3941
0.0055616 13.786 1.7728
0.0056026 26.964 2.476
0.0056439 15.845 1.7336
0.0056855 7.5149 1.6918
0.0057274 24.337 3.721
0.0057696 13.859 1.9861
0.0058121 14.698 2.046
0.0058549 11.808 1.2226
0.0058981 12.811 2.2058
0.0059416 17.825 2.252
0.0059853 9.0252 1.2133
0.0060294 4.4866 1.605
0.0060739 31.641 1.6633
0.0061186 17.259 2.2159
0.0061637 23.364 1.8222
0.0062091 8.8993 1.0625
0.0062549 20.598 2.1652
0.006301 10.726 2.4734
0.0063474 7.6109 1.0425
0.0063942 11.312 1.7944
0.0064413 15.831 3.0026
0.0064888 14.137 2.8372
0.0065366 9.2051 0.8988
0.0065847 12.335 1.0825
0.0066333 18.514 1.3842
0.0066821 18.274 1.7234
0.0067314 7.4408 1.3039
0.006781 13.122 1.7286
0.006831 6.7563 1.39
0.0068813 10.723 1.2367
0.006932 11.134 1.3467
0.0069831 5.2595 1.4155
0.0070345 9.8421 1.2663
0.0070864 5.6941 0.63838
0.0071386 12.338 1.1302
0.0071912 38.548 3.8206
0.0072442 13.146 1.3681
0.0072976 7.8958 1.0009
0.0073513 9.1239 0.93145
0.0074055 5.4722 0.88593
0.0074601 4.2592 0.98939
0.0075151 9.0241 2.2698
0.0075704 6.2639 0.89166
0.0076262 5.9451 0.69734
0.0076824 11.194 1.0771
0.007739 10.924 1.1762
0.0077961 6.8288 0.67753
0.0078535 5.7749 0.97278
0.0079114 5.2081 0.86292
0.0079697 6.0056 1.5132
0.0080284 4.0354 0.963
0.0080876 6.7658 0.77101
0.0081471 6.6269 0.66759
0.0082072 5.0037 0.72221
0.0082677 11.058 0.94883
0.0083286 6.6566 0.8318
0.00839 8.6478 1.2829
0.0084518 7.5179 0.97676
0.0085141 4.1405 0.60484
0.0085768 5.2175 0.65356
0.00864 4.9527 1.0646
0.0087037 4.3822 0.67655
0.0087678 4.8905 0.57428
0.0088324 9.2901 0.76703
0.0088975 3.7043 0.65195
0.0089631 5.5477 0.67337
0.0090291 2.5608 0.54429
0.0090956 3.7713 0.62758
0.0091627 3.3595 1.39
0.0092302 5.9184 0.59732
0.0092982 5.2489 0.50045
0.0093667 6.8329 0.69859
0.0094357 3.6335 1.023
0.0095053 4.0642 0.49617
0.0095753 5.3725 0.8269
0.0096459 4.7197 0.60054
0.0097169 2.6929 0.50931
0.0097885 3.0823 0.41159
0.0098607 6.1199 0.66161
0.0099333 5.2495 0.81723
0.010007 5.1728 0.48682
0.01008 3.3507 0.49143
0.010155 3.3533 0.62162
0.010229 2.8808 0.52658
0.010305 3.8467 0.52605
0.010381 4.4897 0.55051
0.010457 5.657 0.4996
0.010534 2.9385 0.39288
0.010612 2.6409 0.61838
0.01069 2.7838 0.44862
0.010769 3.1241 0.49034
0.010848 3.4636 0.43571
0.010928 2.1111 0.34181
0.011009 4.4926 0.45396
0.01109 2.9163 0.50905
0.011171 3.3552 0.42896
0.011254 2.3438 0.38868
0.011337 2.8732 0.48639
0.01142 3.4634 0.4254
0.011504 3.6654 0.38144
0.011589 3.8964 0.44135
0.011675 2.517 0.3917
0.011761 2.5916 0.40862
0.011847 2.7329 0.53612
0.011935 2.5808 0.32679
0.012023 2.2141 0.28374
0.012111 3.8088 0.46794
0.0122 1.893 0.32427
0.01229 2.4292 0.35741
0.012381 2.5994 0.35388
0.012472 2.1135 0.33433
0.012564 2.478 0.33244
0.012657 3.0164 0.35914
0.01275 2.2994 0.30314
0.012844 1.7166 0.33364
0.012938 1.6921 0.27608
0.013034 2.5157 0.35583
0.01313 1.9633 0.22781
0.013227 2.7668 0.34407
0.013324 1.4165 0.31314
0.013422 1.5271 0.25314
0.013521 2.3317 0.36776
0.013621 2.076 0.24572
0.013721 2.2587 0.29059
0.013822 2.2628 0.3242
0.013924 1.9692 0.25221
0.014027 1.9341 0.37535
0.01413 1.5586 0.22515
0.014234 2.1324 0.25518
0.014339 2.2477 0.26565
0.014445 2.3453 0.31736
0.014551 1.4847 0.32018
0.014658 2.1278 0.22457
0.014766 1.7812 0.2401
0.014875 1.5214 0.24008
0.014985 1.8879 0.26654
0.015095 1.935 0.25023
0.015206 1.5875 0.23367
0.015319 1.835 0.22827
0.015431 1.7862 0.21549
0.015545 1.4862 0.2264
0.01566 1.8354 0.28198
0.015775 2.2483 0.25219
0.015891 1.7735 0.20152
0.016008 1.9378 0.26541
0.016126 1.7402 0.23135
0.016245 1.8188 0.2498
0.016365 1.2752 0.16862
0.016486 1.7465 0.22318
0.016607 1.5494 0.18883
0.016729 1.3119 0.227
0.016853 1.2778 0.18131
0.016977 1.8428 0.20517
0.017102 1.2102 0.1762
0.017228 1.3254 0.21752
0.017355 1.4941 0.17393
0.017483 1.5331 0.19354
0.017612 1.4158 0.19208
0.017741 1.5721 0.19379
0.017872 1.3271 0.18232
0.018004 1.4021 0.18385
0.018136 1.7928 0.18085
0.01827 1.3144 0.18779
0.018405 1.4704 0.2133
0.01854 1.8186 0.16941
0.018677 1.4901 0.19063
0.018815 1.9994 0.21161
0.018953 1.5021 0.18081
0.019093 1.7469 0.18437
0.019234 1.6334 0.17285
0.019375 1.6108 0.19028
0.019518 1.5525 0.18884
0.019662 1.5836 0.15727
0.019807 1.2361 0.15746
0.019953 1.8169 0.20396
0.0201 1.4845 0.16009
0.020248 1.3552 0.14996
0.020397 1.648 0.17654
0.020547 1.3439 0.1666
0.020699 1.5678 0.16439
0.020851 1.5594 0.15204
0.021005 1.2775 0.1598
0.02116 1.6843 0.17021
0.021316 1.7369 0.15721
0.021473 1.369 0.15862
0.021631 1.6298 0.1638
0.02179 1.7067 0.16527
0.021951 1.7013 0.15283
0.022113 1.7 0.17103
0.022276 1.4914 0.15804
0.02244 1.4557 0.1329
0.022605 1.3044 0.15748
0.022772 1.8463 0.16201
0.02294 1.5426 0.14012
0.023109 1.6711 0.1535
0.023279 1.6277 0.17109
0.02345 1.8699 0.14984
0.023623 1.9034 0.15368
0.023797 1.8797 0.17687
0.023973 1.6341 0.1363
0.024149 1.6707 0.14817
0.024327 2.1936 0.16733
0.024507 1.6935 0.14758
0.024687 2.1036 0.15113
0.024869 1.8721 0.16023
0.025052 2.0502 0.14926
0.025237 1.771 0.15071
0.025423 2.4206 0.17092
0.02561 1.792 0.13805
0.025799 1.7664 0.13823
0.025989 2.2577 0.17459
0.026181 2.0572 0.14179
0.026373 2.2393 0.15445
0.026568 2.2392 0.15664
0.026764 1.843 0.13547
0.026961 2.4156 0.15951
0.027159 2.1646 0.15405
0.02736 2.1488 0.13808
0.027561 2.3288 0.16278
0.027764 2.2694 0.13967
0.027969 2.2485 0.15065
0.028175 2.8316 0.16245
0.028383 2.1615 0.1441
0.028592 2.7847 0.15987
0.028802 2.657 0.15441
0.029015 2.4749 0.14264
0.029228 2.6839 0.15952
0.029444 2.584 0.14462
0.029661 2.7544 0.1508
0.029879 2.5474 0.15178
0.0301 2.9658 0.15009
0.030321 2.5259 0.15484
0.030545 2.6882 0.13854
0.03077 2.8164 0.15038
0.030997 2.9831 0.15799
0.031225 3.2618 0.14869
0.031455 3.3288 0.16614
0.031687 3.1259 0.14606
0.03192 3.3771 0.16105
0.032156 3.0084 0.14727
0.032393 3.3961 0.15166
0.032631 3.2917 0.15491
0.032872 3.6801 0.15601
0.033114 3.6774 0.15873
0.033358 3.0522 0.14436
0.033604 3.9496 0.15928
0.033851 3.5055 0.14693
0.034101 3.58 0.16253
0.034352 3.8581 0.14641
0.034605 4.2868 0.16868
0.03486 3.97 0.15416
0.035117 4.4094 0.16069
0.035376 4.1318 0.15644
0.035637 3.9259 0.15452
0.035899 4.1862 0.15279
0.036164 4.1288 0.15103
0.03643 4.0399 0.15635
0.036699 4.4157 0.14878
0.036969 4.4673 0.15778
0.037241 4.1114 0.14892
0.037516 4.4515 0.156
0.037792 4.3006 0.14626
0.038071 4.4442 0.14992
0.038351 4.3087 0.15173
0.038634 4.5495 0.14539
0.038919 5.141 0.15936
0.039205 4.6484 0.14911
0.039494 4.5853 0.15224
0.039785 4.7294 0.14203
0.040079 4.6149 0.14795
0.040374 4.4938 0.14032
0.040671 4.7654 0.15123
0.040971 4.6513 0.14084
0.041273 5.0034 0.14714
0.041577 4.6938 0.14044
0.041883 4.5021 0.13913
0.042192 4.5579 0.14077
0.042503 4.4818 0.13206
0.042816 4.8645 0.14017
0.043132 4.5383 0.13222
0.04345 4.5208 0.13518
0.04377 4.3283 0.13044
0.044092 4.2622 0.12735
0.044417 4.3809 0.12864
0.044744 4.1452 0.12087
0.045074 4.1259 0.12327
0.045406 3.9964 0.1202
0.045741 4.331 0.1241
0.046078 4.0838 0.12018
0.046417 3.9128 0.1159
0.04676 3.9497 0.11782
0.047104 3.9558 0.11383
0.047451 3.4782 0.10533
0.047801 3.5714 0.10763
0.048153 3.4275 0.10517
0.048508 3.2891 0.10027
0.048865 3.1948 0.09992
0.049225 3.1096 0.098341
0.049588 2.9715 0.094032
0.049954 2.8906 0.092897
0.050322 3.1233 0.097875
0.050693 2.5861 0.085236
0.051066 2.7635 0.089251
0.051442 2.5654 0.084996
0.051821 2.5057 0.083308
0.052203 2.312 0.079906
0.052588 2.2596 0.077817
0.052975 2.3352 0.07928
0.053366 2.0702 0.073738
0.053759 1.971 0.071582
0.054155 2.0298 0.072198
0.054554 1.9032 0.067913
0.054956 1.7681 0.066431
0.055361 1.7237 0.064722
0.055769 1.6898 0.064765
0.05618 1.6377 0.062303
0.056594 1.7791 0.06446
0.057011 2.1968 0.070812
0.057431 2.7336 0.079438
0.057854 3.367 0.086062
0.058281 3.957 0.093728
0.05871 4.6879 0.09964
0.059143 4.7952 0.10066
0.059579 4.6803 0.098913
0.060018 4.2424 0.092787
0.06046 3.8295 0.087993
0.060905 3.1621 0.079357
0.061354 2.4042 0.069509
0.061806 1.8266 0.059925
0.062262 1.503 0.054194
0.062721 1.175 0.0474
0.063183 1.0554 0.045474
0.063648 0.90253 0.041478
0.064117 0.8905 0.040393
0.06459 0.82393 0.039039
0.065066 0.79573 0.038159
0.065545 0.80963 0.038527
0.066028 0.78954 0.037873
0.066515 0.84428 0.037957
0.067005 0.75185 0.036269
0.067499 0.71077 0.035487
0.067996 0.72599 0.034893
0.068497 0.72677 0.034408
0.069002 0.80385 0.036647
0.06951 0.67497 0.032947
0.070023 0.77659 0.034914
0.070539 0.73332 0.034247
0.071058 0.6712 0.032049
0.071582 0.76116 0.033758
0.072109 0.69169 0.032531
0.072641 0.73485 0.032912
0.073176 0.64881 0.030928
0.073715 0.69457 0.031677
0.074258 0.73778 0.032031
0.074806 0.66701 0.030805
0.075357 0.68393 0.030782
0.075912 0.72189 0.031366
0.076472 0.78535 0.031946
0.077035 0.72282 0.031082
0.077603 0.70056 0.030234
0.078175 0.6912 0.029705
0.078751 0.69885 0.029748
0.079331 0.73303 0.030217
0.079916 0.78584 0.031034
0.080504 0.7602 0.030489
0.081098 0.90215 0.03206
0.081695 1.1994 0.037662
0.082297 1.4988 0.040256
0.082904 1.7681 0.044254
0.083515 2.0788 0.046632
0.08413 2.1068 0.047382
0.08475 1.9748 0.045749
0.085374 1.5534 0.040029
0.086004 1.3518 0.037657
0.086637 1.0138 0.031832
0.087276 0.8073 0.02837
0.087919 0.76669 0.028008
0.088567 0.645 0.025503
0.089219 0.63985 0.025267
0.089877 0.60051 0.024182
0.090539 0.69173 0.025628
0.091206 0.62329 0.024205
0.091878 0.5926 0.023713
0.092555 0.60732 0.023806
0.093237 0.5742 0.022719
0.093924 0.54986 0.022157
0.094616 0.63078 0.023761
0.095314 0.60817 0.022915
0.096016 0.60152 0.02267
0.096724 0.65591 0.023709
0.097436 0.64965 0.02337
0.098154 0.6747 0.023134
0.098878 0.75713 0.024627
0.099606 0.87853 0.026343
0.10034 1.2757 0.030691
0.10108 1.941 0.037892
0.10182 2.571 0.04299
0.10257 2.9376 0.04527
0.10333 2.7996 0.044511
0.10409 2.3481 0.039811
0.10486 1.7335 0.034596
0.10563 1.232 0.02891
0.10641 0.94199 0.025312
0.10719 0.7847 0.023208
0.10798 0.66044 0.020879
0.10878 0.60631 0.02036
0.10958 0.54717 0.018882
0.11039 0.56311 0.019337
0.1112 0.52504 0.018269
0.11202 0.50466 0.018199
0.11285 0.49419 0.017484
0.11368 0.49689 0.01769
0.11452 0.4562 0.016573
0.11536 0.46811 0.016987
0.11621 0.4333 0.016136
0.11707 0.43088 0.015999
0.11793 0.43261 0.015937
0.1188 0.42641 0.015619
0.11967 0.42854 0.015756
0.12056 0.42635 0.01537
0.12144 0.39475 0.014779
0.12234 0.38347 0.014694
0.12324 0.41405 0.014808
0.12415 0.41616 0.014839
0.12506 0.37784 0.014296
0.12598 0.38385 0.013991
0.12691 0.38364 0.01402
0.12785 0.38816 0.014003
0.12879 0.38413 0.013887
0.12974 0.38318 0.013648
0.1307 0.38784 0.013649
0.13166 0.40468 0.013879
0.13263 0.43983 0.014288
0.13361 0.46368 0.014448
0.13459 0.43167 0.013924
0.13558 0.40433 0.013365
0.13658 0.39507 0.013303
0.13759 0.38097 0.012841
0.1386 0.39072 0.012931
0.13962 0.3825 0.012743
0.14065 0.38472 0.012614
0.14169 0.3735 0.012393
0.14273 0.4172 0.012961
0.14378 0.45761 0.013344
0.14484 0.51735 0.014049
0.14591 0.47572 0.013408
0.14699 0.49879 0.013666
0.14807 0.46825 0.013135
0.14916 0.42877 0.012522
0.15026 0.39754 0.01199
0.15137 0.39058 0.011861
0.15248 0.38154 0.011599
0.15361 0.43614 0.012268
0.15474 0.48171 0.012712
0.15588 0.53323 0.013252
0.15703 0.58007 0.013639
0.15818 0.58586 0.013612
0.15935 0.5386 0.013012
0.16052 0.49142 0.012339
0.16171 0.45785 0.011898
0.1629 0.42566 0.011443
0.1641 0.41718 0.011245
0.16531 0.4059 0.011052
0.16653 0.41434 0.011031
0.16775 0.42392 0.011076
0.16899 0.40877 0.010816
0.17023 0.4157 0.010846
0.17149 0.39817 0.010543
0.17275 0.39447 0.010395
0.17403 0.39367 0.010344
0.17531 0.38111 0.010138
0.1766 0.41724 0.010414
0.1779 0.4141 0.010355
0.17921 0.4377 0.010495
0.18053 0.3952 0.010001
0.18186 0.37452 0.0096585
0.1832 0.35545 0.0093869
0.18455 0.33309 0.0090622
0.18591 0.3314 0.0089687
0.18728 0.31187 0.008651
0.18866 0.30649 0.0085746
0.19005 0.30325 0.0083959
0.19145 0.28557 0.0082015
0.19286 0.29225 0.008175
0.19429 0.2803 0.0079832
0.19572 0.25782 0.0076747
