#
0.0050184 13.634 1.8136
0.0050554 22.468 2.6005
0.0050926 22.765 2.6178
0.0051301 12.925 1.7653
0.0051679 15.759 1.7793
0.005206 25.78 3.9381
0.0052444 37.176 6.6875
0.005283 NaN NaN
0.005322 16.375 2.5636
0.0053612 14.648 2.1019
0.0054007 19.971 2.0018
0.0054405 15.445 1.3642
0.0054806 16.16 1.8017
0.005521 22.365 2.1186
0.0055616 15.791 1.9516
0.0056026 12.442 1.7323
0.0056439 15.969 1.7905
0.0056855 7.9534 1.7905
0.0057274 19.151 3.3973
0.0057696 22.475 2.6005
0.0058121 13.153 1.9918
0.0058549 12.364 1.287
0.0058981 15.16 2.468
0.0059416 19.466 2.4209
0.0059853 10.925 1.3727
0.0060294 10.153 2.4762
0.0060739 12.329 1.0695
0.0061186 18.266 2.3452
0.0061637 15.869 1.5458
0.0062091 10.353 1.1787
0.0062549 14.353 1.8608
0.006301 12.553 2.7521
0.0063474 12.409 1.3678
0.0063942 11.972 1.8991
0.0064413 10.75 2.5479
0.0064888 13.16 2.8169
0.0065366 12.514 1.0775
0.0065847 11.754 1.0873
0.0066333 9.7676 1.0359
0.0066821 11.619 1.4149
0.0067314 8.8358 1.4612
0.006781 9.3238 1.5002
0.006831 7.7511 1.5311
0.0068813 10.298 1.2472
0.006932 11.955 1.4356
0.0069831 10.371 2.0415
0.0070345 9.3868 1.2725
0.0070864 6.3266 0.69211
0.0071386 7.8165 0.92653
0.0071912 9.1683 1.9201
0.0072442 8.0576 1.1033
0.0072976 9.2907 1.1166
0.0073513 9.0558 0.95483
0.0074055 4.7406 0.84933
0.0074601 6.9099 1.2936
0.0075151 4.1457 1.589
0.0075704 8.0975 1.0423
0.0076262 6.6352 0.75772
0.0076824 8.3534 0.95816
0.007739 6.6239 0.94369
0.0077961 6.662 0.68865
0.0078535 5.7687 1.0005
0.0079114 5.0616 0.87546
0.0079697 5.9557 1.5506
0.0080284 4.0306 0.99048
0.0080876 9.3781 0.93313
0.0081471 6.519 0.68136
0.0082072 5.4048 0.77211
0.0082677 4.9256 0.65339
0.0083286 4.752 0.72431
0.00839 6.55 1.15
0.0084518 7.0224 0.97159
0.0085141 5.3985 0.70969
0.0085768 4.8356 0.64774
0.00864 4.7612 1.0743
0.0087037 3.9827 0.6642
0.0087678 4.8932 0.59114
0.0088324 5.8952 0.62952
0.0088975 5.2417 0.79674
0.0089631 4.8419 0.64774
0.0090291 3.4309 0.64683
0.0090956 4.7557 0.72431
0.0091627 1.7539 1.0402
0.0092302 3.9247 0.50178
0.0092982 3.9537 0.44764
0.0093667 4.5291 0.58632
0.0094357 3.8455 1.0827
0.0095053 3.606 0.48145
0.0095753 6.3533 0.92463
0.0096459 4.3545 0.59386
0.0097169 3.5507 0.60057
0.0097885 3.6626 0.46114
0.0098607 4.6003 0.59111
0.0099333 2.6198 0.59686
0.010007 4.4657 0.46582
0.01008 3.5462 0.52011
0.010155 4.0294 0.70038
0.010229 3.2491 0.575
0.010305 3.3956 0.50916
0.010381 3.4799 0.49961
0.010457 3.3077 0.39472
0.010534 2.837 0.39748
0.010612 3.846 0.76558
0.01069 3.2465 0.49797
0.010769 3.4665 0.53117
0.010848 3.3797 0.44305
0.010928 3.0922 0.42419
0.011009 2.9291 0.37831
0.01109 3.0864 0.53876
0.011171 4.7521 0.52422
0.011254 3.0811 0.45748
0.011337 2.6976 0.48534
0.01142 2.9012 0.40121
0.011504 3.4237 0.37961
0.011589 3.5494 0.4338
0.011675 3.1064 0.44702
0.011761 2.5427 0.41674
0.011847 2.8923 0.5674
0.011935 3.289 0.37887
0.012023 2.8688 0.33151
0.012111 3.5506 0.4652
0.0122 2.6326 0.39213
0.01229 3.2807 0.42642
0.012381 2.3006 0.34311
0.012472 3.1649 0.41937
0.012564 2.1144 0.31672
0.012657 2.7031 0.35029
0.01275 2.8063 0.34405
0.012844 2.7509 0.43247
0.012938 2.9458 0.37246
0.013034 1.8792 0.31767
0.01313 2.0505 0.23955
0.013227 2.5279 0.33881
0.013324 1.7818 0.36028
0.013422 2.0452 0.30029
0.013521 2.2275 0.37022
0.013621 2.7677 0.29114
0.013721 2.4292 0.30998
0.013822 2.2026 0.32939
0.013924 2.5846 0.29656
0.014027 2.9478 0.4748
0.01413 2.15 0.27107
0.014234 2.2568 0.27007
0.014339 2.2165 0.27161
0.014445 2.3042 0.32388
0.014551 1.642 0.34615
0.014658 2.0804 0.22865
0.014766 1.418 0.22133
0.014875 1.5327 0.24811
0.014985 2.3855 0.30755
0.015095 2.0812 0.26693
0.015206 1.5388 0.23699
0.015319 1.8249 0.23438
0.015431 1.9171 0.22962
0.015545 1.7849 0.25476
0.01566 1.987 0.30173
0.015775 1.8522 0.2362
0.015891 1.5944 0.19706
0.016008 2.4637 0.30725
0.016126 2.2527 0.27008
0.016245 1.7836 0.25476
0.016365 2.0975 0.2209
0.016486 1.6141 0.22119
0.016607 1.9459 0.21714
0.016729 1.5086 0.25005
0.016853 1.7701 0.21848
0.016977 2.1859 0.22956
0.017102 1.7769 0.21848
0.017228 1.8395 0.26248
0.017355 2.2025 0.21622
0.017483 1.6225 0.20484
0.017612 1.7119 0.21686
0.017741 2.4728 0.24879
0.017872 2.1712 0.23838
0.018004 1.631 0.20363
0.018136 1.9725 0.19505
0.01827 1.9097 0.23165
0.018405 2.3148 0.27375
0.01854 1.6488 0.16633
0.018677 2.1026 0.23207
0.018815 2.0467 0.22036
0.018953 1.6343 0.19392
0.019093 1.8288 0.1941
0.019234 1.8225 0.18769
0.019375 1.7972 0.20661
0.019518 1.8315 0.21066
0.019662 1.9963 0.1812
0.019807 2.0819 0.20862
0.019953 2.182 0.22956
0.0201 2.0127 0.19107
0.020248 1.8741 0.18064
0.020397 2.4222 0.21919
0.020547 2.1387 0.21491
0.020699 2.0479 0.1927
0.020851 2.137 0.18246
0.021005 1.8814 0.19844
0.02116 2.2772 0.20295
0.021316 1.5452 0.15294
0.021473 2.2184 0.20646
0.021631 2.334 0.20089
0.02179 2.234 0.194
0.021951 2.3093 0.18262
0.022113 2.0994 0.19511
0.022276 2.1962 0.19641
0.02244 2.2836 0.17025
0.022605 2.0005 0.19947
0.022772 2.7303 0.20192
0.02294 1.7893 0.15504
0.023109 2.5791 0.19524
0.023279 2.0922 0.19904
0.02345 1.9542 0.15762
0.023623 1.8484 0.15599
0.023797 2.5385 0.21087
0.023973 2.4524 0.171
0.024149 2.2 0.17442
0.024327 2.5856 0.18668
0.024507 1.9507 0.16274
0.024687 2.9785 0.18446
0.024869 2.7727 0.19985
0.025052 2.5964 0.17246
0.025237 2.3363 0.17759
0.025423 3.3376 0.20598
0.02561 2.519 0.16776
0.025799 2.9706 0.18343
0.025989 2.8504 0.20144
0.026181 2.6415 0.16494
0.026373 3.2185 0.18992
0.026568 3.1404 0.1903
0.026764 2.7514 0.16964
0.026961 3.2336 0.18946
0.027159 2.8915 0.18273
0.02736 3.4662 0.17969
0.027561 3.1595 0.19458
0.027764 3.1136 0.16789
0.027969 2.881 0.1751
0.028175 3.4715 0.18482
0.028383 3.2009 0.17979
0.028592 3.8147 0.19209
0.028802 3.4173 0.17984
0.029015 3.4202 0.17208
0.029228 3.894 0.19717
0.029444 3.4656 0.17195
0.029661 3.8675 0.18342
0.029879 3.5782 0.18462
0.0301 4.1029 0.18125
0.030321 3.904 0.19741
0.030545 3.6829 0.16647
0.03077 4.2487 0.18949
0.030997 4.1233 0.19071
0.031225 4.293 0.17523
0.031455 4.1193 0.18993
0.031687 4.012 0.17
0.03192 4.4471 0.18985
0.032156 4.4903 0.18467
0.032393 4.5906 0.18112
0.032631 4.3581 0.1831
0.032872 4.6681 0.18055
0.033114 5.0503 0.19106
0.033358 4.2538 0.17498
0.033604 5.4282 0.19182
0.033851 5.0783 0.18158
0.034101 5.175 0.20065
0.034352 5.3251 0.17669
0.034605 5.6063 0.19823
0.03486 5.0212 0.17817
0.035117 6.8546 0.20575
0.035376 6.3605 0.1993
0.035637 6.1444 0.19846
0.035899 7.0837 0.20401
0.036164 7.6385 0.21078
0.03643 6.8614 0.20912
0.036699 7.4535 0.19844
0.036969 7.8769 0.21505
0.037241 6.7369 0.19569
0.037516 7.0394 0.20143
0.037792 6.7721 0.18843
0.038071 6.4128 0.18499
0.038351 6.7335 0.19476
0.038634 6.3323 0.17623
0.038919 6.7303 0.18741
0.039205 5.8506 0.17194
0.039494 5.8847 0.17726
0.039785 5.711 0.16046
0.040079 6.0209 0.17367
0.040374 5.8748 0.16487
0.040671 5.8979 0.17295
0.040971 5.6729 0.1599
0.041273 6.1385 0.16754
0.041577 5.8962 0.1618
0.041883 5.5881 0.15933
0.042192 5.8067 0.16331
0.042503 5.5414 0.15095
0.042816 5.8547 0.1581
0.043132 5.4118 0.14845
0.04345 5.5968 0.15461
0.04377 5.3131 0.14857
0.044092 5.3502 0.14664
0.044417 5.6679 0.15037
0.044744 5.4373 0.14225
0.045074 5.4448 0.1455
0.045406 5.2269 0.14125
0.045741 5.1788 0.13951
0.046078 4.7471 0.13323
0.046417 4.7077 0.13069
0.04676 4.8562 0.13429
0.047104 4.4228 0.12379
0.047451 4.3767 0.12141
0.047801 4.663 0.12635
0.048153 4.2635 0.12054
0.048508 4.3319 0.11821
0.048865 3.9836 0.11465
0.049225 3.9775 0.11426
0.049588 3.7053 0.10789
0.049954 3.8198 0.10967
0.050322 3.6122 0.10821
0.050693 3.5301 0.10223
0.051066 3.497 0.10314
0.051442 3.2061 0.097609
0.051821 3.3819 0.099358
0.052203 3.1335 0.095475
0.052588 3.024 0.092401
0.052975 2.8924 0.090628
0.053366 2.7633 0.08742
0.053759 2.499 0.082746
0.054155 2.554 0.083155
0.054554 2.3564 0.077594
0.054956 2.2821 0.077444
0.055361 2.0416 0.072353
0.055769 2.0511 0.07327
0.05618 1.8841 0.068663
0.056594 1.8108 0.06694
0.057011 1.834 0.066766
0.057431 1.6533 0.063993
0.057854 1.6443 0.062418
0.058281 1.5252 0.060531
0.05871 1.4923 0.058569
0.059143 1.5193 0.059003
0.059579 1.5284 0.058849
0.060018 1.4034 0.055602
0.06046 1.2826 0.05313
0.060905 1.4873 0.056529
0.061354 1.4408 0.055801
0.061806 1.5185 0.056423
0.062262 1.5907 0.057356
0.062721 1.5071 0.055022
0.063183 1.4866 0.055196
0.063648 1.3315 0.051438
0.064117 1.2983 0.049804
0.06459 1.2356 0.048766
0.065066 1.1535 0.04688
0.065545 1.0811 0.045514
0.066028 0.98196 0.043256
0.066515 1.0144 0.042655
0.067005 0.92923 0.041291
0.067499 0.9359 0.041615
0.067996 0.82146 0.038104
0.068497 0.87387 0.038661
0.069002 0.87239 0.039247
0.06951 0.84893 0.037801
0.070023 0.85619 0.037668
0.070539 0.7587 0.035862
0.071058 0.78575 0.035555
0.071582 0.80408 0.035696
0.072109 0.81961 0.036298
0.072641 0.80547 0.03541
0.073176 0.78077 0.034751
0.073715 0.7351 0.033526
0.074258 0.79048 0.034096
0.074806 0.75769 0.033695
0.075357 0.76344 0.033398
0.075912 0.74649 0.032838
0.076472 0.82858 0.033761
0.077035 0.70682 0.031705
0.077603 0.76334 0.032436
0.078175 0.7114 0.031033
0.078751 0.67966 0.030271
0.079331 0.67227 0.029918
0.079916 0.67325 0.02976
0.080504 0.74987 0.031222
0.081098 0.71374 0.029596
0.081695 0.70153 0.030115
0.082297 0.67992 0.028499
0.082904 0.68534 0.029008
0.083515 0.66211 0.027812
0.08413 0.67756 0.028369
0.08475 0.64539 0.027648
0.085374 0.6293 0.026871
0.086004 0.56944 0.025802
0.086637 0.6589 0.026792
0.087276 0.60687 0.025602
0.087919 0.57165 0.0252
0.088567 0.6163 0.025745
0.089219 0.5802 0.024901
0.089877 0.53753 0.0237
0.090539 0.585 0.024452
0.091206 0.53143 0.023195
0.091878 0.58174 0.024242
0.092555 0.55429 0.02354
0.093237 0.54725 0.022917
0.093924 0.52911 0.022454
0.094616 0.5552 0.023102
0.095314 0.49413 0.021491
0.096016 0.53235 0.022106
0.096724 0.52907 0.022148
0.097436 0.52232 0.0218
0.098154 0.48192 0.020446
0.098878 0.48386 0.020659
0.099606 0.48165 0.020569
0.10034 0.45042 0.019447
0.10108 0.42304 0.019056
0.10182 0.45244 0.019421
0.10257 0.43302 0.018781
0.10333 0.45025 0.019247
0.10409 0.44424 0.018653
0.10486 0.4428 0.018766
0.10563 0.43494 0.018342
0.10641 0.43683 0.018291
0.10719 0.44019 0.018345
0.10798 0.40342 0.017214
0.10878 0.39826 0.017365
0.10958 0.38439 0.016621
0.11039 0.39825 0.017061
0.1112 0.37258 0.016167
0.11202 0.40689 0.017044
0.11285 0.38611 0.016153
0.11368 0.38392 0.01626
0.11452 0.34128 0.01504
0.11536 0.3603 0.015604
0.11621 0.36613 0.015456
0.11707 0.36742 0.015386
0.11793 0.35689 0.015105
0.1188 0.34777 0.014737
0.11967 0.34417 0.014762
0.12056 0.33621 0.01429
0.12144 0.33452 0.014189
0.12234 0.31665 0.013956
0.12324 0.3281 0.013802
0.12415 0.34588 0.014119
0.12506 0.30674 0.013483
0.12598 0.31733 0.013295
0.12691 0.3128 0.013243
0.12785 0.32557 0.013389
0.12879 0.31915 0.013227
0.12974 0.31434 0.012925
0.1307 0.30181 0.012636
0.13166 0.31481 0.01284
0.13263 0.29149 0.012322
0.13361 0.29986 0.012312
0.13459 0.28359 0.011968
0.13558 0.27863 0.011739
0.13658 0.28575 0.011934
0.13759 0.29799 0.011915
0.1386 0.24658 0.010961
0.13962 0.28976 0.011666
0.14065 0.28016 0.011353
0.14169 0.28734 0.011426
0.14273 0.26152 0.010931
0.14378 0.2734 0.011
0.14484 0.26522 0.010818
0.14591 0.277 0.010922
0.14699 0.26535 0.010701
0.14807 0.25629 0.010431
0.14916 0.24689 0.010189
0.15026 0.24169 0.0099986
0.15137 0.25242 0.010151
0.15248 0.23228 0.0096908
0.15361 0.24919 0.0099372
0.15474 0.23023 0.0095364
0.15588 0.23019 0.0094852
0.15703 0.23625 0.0094911
0.15818 0.21671 0.0091034
0.15935 0.23139 0.0092916
0.16052 0.20562 0.0087578
0.16171 0.24496 0.0093689
0.1629 0.22402 0.0089719
0.1641 0.21846 0.0088093
0.16531 0.22005 0.008789
0.16653 0.216 0.0086255
0.16775 0.20635 0.0084209
0.16899 0.19471 0.0081678
0.17023 0.20313 0.0082647
0.17149 0.2006 0.0081486
0.17275 0.19474 0.0079709
0.17403 0.19122 0.0078852
0.17531 0.18962 0.007815
0.1766 0.20251 0.0079124
0.1779 0.18235 0.007574
0.17921 0.18954 0.0076008
0.18053 0.17805 0.0074019
0.18186 0.17199 0.007222
0.1832 0.1548 0.0069022
0.18455 0.17628 0.0072048
0.18591 0.179 0.0071899
0.18728 0.15634 0.0067582
0.18866 0.16926 0.006955
0.19005 0.15424 0.0066066
0.19145 0.15987 0.0067119
0.19286 0.15628 0.0065705
0.19429 0.1456 0.0063614
0.19572 0.14261 0.0062922
