#
0.0050184 14.509 5.6807
0.0050554 10.262 5.3678
0.0050926 7.5501 4.6488
0.0051301 10.312 4.8011
0.0051679 8.4509 4.001
0.005206 21.08 10.735
0.0052444 10.215 10.736
0.005283 NaN NaN
0.005322 3.2195 3.5789
0.0053612 15.518 6.5742
0.0054007 8.5189 4.001
0.0054405 8.1463 3.0366
0.0054806 10.24 4.3828
0.005521 19.186 5.9342
0.0055616 23.053 7.121
0.0056026 1.7091 2.1477
0.0056439 17.483 5.658
0.0056855 20.987 8.7653
0.0057274 4.7737 5.3685
0.0057696 7.6429 4.6487
0.0058121 4.8386 3.796
0.0058549 10.31 3.5785
0.0058981 6.6741 5.0611
0.0059416 18.322 7.1008
0.0059853 10.226 4.0577
0.0060294 10.234 7.5913
0.0060739 8.6266 2.739
0.0061186 12.964 6.0013
0.0061637 6.3057 3.0008
0.0062091 6.6494 2.922
0.0062549 10.2 4.8012
0.006301 15.583 9.2972
0.0063474 8.9245 3.5505
0.0063942 5.0149 3.7958
0.0064413 10.197 7.5914
0.0064888 10.271 7.5913
0.0065366 6.1465 2.3359
0.0065847 8.4355 2.8292
0.0066333 7.2741 2.7606
0.0066821 5.6995 3.0675
0.0067314 3.8263 3.0369
0.006781 3.8931 3.0368
0.006831 10.234 5.3679
0.0068813 10.183 3.7957
0.006932 1.0352 1.5344
0.0069831 10.389 6.1981
0.0070345 8.7507 3.7567
0.0070864 6.2245 2.1219
0.0071386 11.306 3.3808
0.0071912 3.2196 3.5789
0.0072442 6.264 3.0008
0.0072976 6.6989 2.922
0.0073513 4.8974 2.1916
0.0074055 0.77127 1.3428
0.0074601 3.7892 3.0369
0.0075151 4.8479 5.3683
0.0075704 5.5762 2.6674
0.0076262 3.3276 1.715
0.0076824 6.3455 2.5823
0.007739 4.334 2.3859
0.0077961 3.9727 1.671
0.0078535 4.0175 2.6568
0.0079114 7.6661 3.2872
0.0079697 -0.44534 NaN
0.0080284 5.9659 3.7192
0.0080876 4.5435 2.023
0.0081471 2.6945 1.4124
0.0082072 4.3903 2.1826
0.0082677 0.31614 0.76756
0.0083286 4.4105 2.1825
0.00839 1.2881 1.79
0.0084518 4.3175 2.3859
0.0085141 2.0063 1.4307
0.0085768 4.8797 2.029
0.00864 1.761 2.1477
0.0087037 12.174 3.5189
0.0087678 3.3194 1.5471
0.0088324 3.1886 1.4611
0.0088975 4.9815 2.4007
0.0089631 2.635 1.5339
0.0090291 0.60588 1.0743
0.0090956 3.4684 1.9522
0.0091627 4.9407 5.3682
0.0092302 2.8724 1.3843
0.0092982 2.2368 1.0959
0.0093667 5.5907 2.0131
0.0094357 2.1642 2.6846
0.0095053 5.1089 1.787
0.0095753 5.4938 2.6675
0.0096459 1.7041 1.24
0.0097169 1.3191 1.2657
0.0097885 3.5964 1.4462
0.0098607 3.5431 1.6438
0.0099333 6.7154 2.922
0.010007 2.5545 1.1364
0.01008 2.1734 1.3423
0.010155 2.7343 1.8598
0.010229 5.7796 2.3671
0.010305 4.1816 1.7755
0.010381 0.15993 0.63228
0.010457 2.3121 1.0928
0.010534 3.8855 1.4641
0.010612 4.8525 2.6842
0.01069 3.52 1.6438
0.010769 3.0711 1.6007
0.010848 1.58 1.0228
0.010928 2.077 1.1434
0.011009 4.2795 1.4244
0.01109 4.4636 2.0231
0.011171 3.6212 1.4461
0.011254 1.2964 1.0335
0.011337 3.4071 1.7149
0.01142 1.5318 0.97627
0.011504 0.98543 0.74077
0.011589 2.7847 1.2352
0.011675 2.3386 1.2638
0.011761 1.2552 1.0335
0.011847 5.3561 2.3908
0.011935 1.7914 0.93947
0.012023 3.8346 1.2098
0.012111 2.7492 1.3151
0.0122 3.5929 1.4462
0.01229 3.46 1.3804
0.012381 1.3284 0.89498
0.012472 0.96116 0.84566
0.012564 1.9692 1.0117
0.012657 1.4959 0.88942
0.01275 1.7603 0.90706
0.012844 1.9237 1.1932
0.012938 2.7935 1.1681
0.013034 2.7928 1.2352
0.01313 1.9801 0.77178
0.013227 0.72544 0.68912
0.013324 1.401 1.0942
0.013422 2.5595 1.0847
0.013521 1.1222 0.93017
0.013621 2.4613 0.89036
0.013721 2.319 0.97974
0.013822 0.36298 0.60787
0.013924 1.3315 0.73075
0.014027 2.863 1.5006
0.01413 1.026 0.66714
0.014234 2.3728 0.89359
0.014339 2.1117 0.8707
0.014445 1.9072 0.97424
0.014551 1.4141 1.0942
0.014658 1.7243 0.69306
0.014766 1.64 0.78924
0.014875 1.2322 0.77472
0.014985 2.2747 0.97977
0.015095 0.4111 0.51697
0.015206 1.4393 0.77372
0.015319 1.9093 0.78575
0.015431 2.8211 0.89284
0.015545 1.1126 0.70637
0.01566 1.0598 0.79565
0.015775 1.6294 0.74086
0.015891 1.4098 0.63175
0.016008 2.5623 1.0067
0.016126 1.7707 0.79934
0.016245 1.4174 0.77373
0.016365 2.3399 0.7581
0.016486 0.024909 0.3709
0.016607 1.3945 0.63177
0.016729 1.3166 0.80051
0.016853 2.2849 0.80868
0.016977 2.0653 0.7294
0.017102 1.8787 0.73824
0.017228 1.8014 0.86099
0.017355 0.80612 0.49002
0.017483 1.9769 0.74201
0.017612 1.2254 0.63146
0.017741 0.84946 0.53697
0.017872 -0.0090666 0.32359
0.018004 1.2127 0.62
0.018136 1.0231 0.50349
0.01827 0.72142 0.54594
0.018405 1.4785 0.74776
0.01854 1.0998 0.4814
0.018677 1.7942 0.70748
0.018815 2.3964 0.77268
0.018953 0.6904 0.48731
0.019093 1.1371 0.53703
0.019234 1.6958 0.60502
0.019375 1.6113 0.65309
0.019518 1.0026 0.55722
0.019662 0.80873 0.42968
0.019807 1.3213 0.57566
0.019953 1.6094 0.66591
0.0201 1.5699 0.56944
0.020248 2.2344 0.64169
0.020397 3.1219 0.79366
0.020547 1.788 0.65266
0.020699 1.8845 0.61165
0.020851 2.5207 0.63755
0.021005 1.8949 0.65627
0.02116 0.93401 0.4739
0.021316 1.5044 0.50725
0.021473 2.3818 0.6918
0.021631 1.5061 0.54538
0.02179 2.0257 0.60654
0.021951 1.3158 0.47277
0.022113 1.3978 0.54713
0.022276 1.5319 0.55318
0.02244 2.2591 0.55354
0.022605 1.0837 0.51973
0.022772 1.4917 0.50726
0.02294 1.0559 0.42095
0.023109 1.0625 0.4483
0.023279 2.0183 0.63986
0.02345 1.3074 0.4429
0.023623 1.9016 0.52355
0.023797 0.90998 0.46036
0.023973 1.4903 0.45451
0.024149 2.5343 0.60328
0.024327 1.9917 0.5408
0.024507 2.3338 0.57812
0.024687 1.7383 0.47077
0.024869 2.2996 0.59257
0.025052 1.7342 0.47077
0.025237 2.2415 0.56594
0.025423 1.6496 0.48763
0.02561 2.4086 0.53472
0.025799 2.2953 0.52615
0.025989 2.5061 0.61172
0.026181 1.7769 0.45124
0.026373 2.4685 0.53961
0.026568 1.2284 0.41779
0.026764 2.5686 0.52724
0.026961 3.0374 0.58571
0.027159 2.245 0.52642
0.02736 1.969 0.44902
0.027561 2.1361 0.52643
0.027764 2.5397 0.49035
0.027969 2.1311 0.49414
0.028175 2.4561 0.50497
0.028383 2.3456 0.50205
0.028592 2.2281 0.48214
0.028802 3.4114 0.57067
0.029015 2.4722 0.47563
0.029228 2.9476 0.54968
0.029444 2.4457 0.46897
0.029661 2.8189 0.50297
0.029879 1.87 0.44397
0.0301 2.4852 0.45786
0.030321 2.8611 0.54259
0.030545 3.4921 0.51343
0.03077 2.8577 0.50025
0.030997 1.2995 0.37327
0.031225 3.7613 0.51702
0.031455 2.2919 0.46356
0.031687 2.6333 0.4448
0.03192 2.3851 0.45279
0.032156 4.0997 0.55341
0.032393 3.0739 0.47269
0.032631 2.6659 0.46097
0.032872 3.59 0.50136
0.033114 2.6406 0.44745
0.033358 2.9519 0.46693
0.033604 3.4719 0.48736
0.033851 3.4193 0.47353
0.034101 4.1332 0.56342
0.034352 3.5597 0.45815
0.034605 3.997 0.52667
0.03486 4.5053 0.5276
0.035117 3.968 0.49307
0.035376 3.0011 0.43936
0.035637 3.9616 0.50178
0.035899 2.9069 0.42028
0.036164 4.2651 0.49517
0.03643 3.2925 0.46263
0.036699 3.7462 0.44485
0.036969 3.2207 0.43925
0.037241 4.7158 0.51163
0.037516 2.6389 0.3994
0.037792 4.2882 0.47178
0.038071 3.2074 0.4178
0.038351 4.4022 0.49443
0.038634 3.2616 0.40318
0.038919 4.0643 0.4582
0.039205 3.2158 0.40765
0.039494 4.4943 0.48473
0.039785 3.9056 0.41868
0.040079 3.147 0.40184
0.040374 3.4955 0.40368
0.040671 3.4326 0.4191
0.040971 4.9219 0.46381
0.041273 3.4497 0.39911
0.041577 3.3802 0.38941
0.041883 3.0167 0.37516
0.042192 4.3558 0.44372
0.042503 3.0865 0.36038
0.042816 4.2388 0.42275
0.043132 3.8725 0.3964
0.04345 3.4832 0.38747
0.04377 3.7305 0.39267
0.044092 3.4132 0.37296
0.044417 3.3656 0.36881
0.044744 2.8161 0.32943
0.045074 2.6185 0.32656
0.045406 2.6877 0.32744
0.045741 2.5736 0.31892
0.046078 2.982 0.33861
0.046417 2.653 0.31737
0.04676 2.6873 0.3218
0.047104 2.9128 0.32236
0.047451 2.8906 0.31624
0.047801 2.5688 0.30404
0.048153 2.2545 0.28699
0.048508 2.2611 0.27913
0.048865 2.2861 0.2837
0.049225 2.3823 0.28805
0.049588 2.0948 0.26696
0.049954 2.2608 0.27614
0.050322 2.1001 0.271
0.050693 2.4137 0.27465
0.051066 2.5233 0.28345
0.051442 2.2687 0.26778
0.051821 1.7129 0.23692
0.052203 1.4684 0.22297
0.052588 1.7581 0.23534
0.052975 1.9842 0.24797
0.053366 1.4037 0.21416
0.053759 1.7704 0.23246
0.054155 1.1144 0.19412
0.054554 1.1033 0.1882
0.054956 1.1919 0.19613
0.055361 1.6155 0.21652
0.055769 1.2335 0.19753
0.05618 1.6232 0.21417
0.056594 1.3871 0.2004
0.057011 1.0335 0.17911
0.057431 1.359 0.19885
0.057854 1.0073 0.17519
0.058281 0.82067 0.16464
0.05871 0.91502 0.16704
0.059143 0.8629 0.16318
0.059579 1.1614 0.17936
0.060018 0.81846 0.15655
0.06046 0.98878 0.16677
0.060905 0.95958 0.16284
0.061354 0.74294 0.1513
0.061806 0.86295 0.15666
0.062262 0.88734 0.15689
0.062721 0.68708 0.14293
0.063183 0.65761 0.1425
0.063648 0.52992 0.13125
0.064117 0.79954 0.14489
0.06459 0.5848 0.13207
0.065066 0.38384 0.11857
0.065545 0.76511 0.14309
0.066028 0.65337 0.13521
0.066515 0.59341 0.12827
0.067005 0.55665 0.12695
0.067499 0.64232 0.13274
0.067996 0.42946 0.11596
0.068497 0.87141 0.13966
0.069002 0.5233 0.12185
0.06951 0.42761 0.1133
0.070023 0.68751 0.12776
0.070539 0.21537 0.099166
0.071058 0.46021 0.11203
0.071582 0.56719 0.11748
0.072109 0.56561 0.11849
0.072641 0.58265 0.11754
0.073176 0.56002 0.11583
0.073715 0.59473 0.11686
0.074258 0.48781 0.10887
0.074806 0.52024 0.11192
0.075357 0.51329 0.10994
0.075912 0.55506 0.11175
0.076472 0.53804 0.10792
0.077035 0.35024 0.098957
0.077603 0.28353 0.093625
0.078175 0.35231 0.096846
0.078751 0.23513 0.089425
0.079331 0.34598 0.0955
0.079916 0.61397 0.10902
0.080504 0.64179 0.10977
0.081098 0.51839 0.10064
0.081695 0.51832 0.10357
0.082297 0.32036 0.089109
0.082904 0.41819 0.095144
0.083515 0.40189 0.092234
0.08413 0.20732 0.081883
0.08475 0.42173 0.093836
0.085374 0.26758 0.084065
0.086004 0.35025 0.088355
0.086637 0.11714 0.073253
0.087276 0.36819 0.086229
0.087919 0.35086 0.086709
0.088567 0.35817 0.085877
0.089219 0.3615 0.085418
0.089877 0.31319 0.081668
0.090539 0.33017 0.082124
0.091206 0.314 0.080018
0.091878 0.35 0.082141
0.092555 0.26713 0.077842
0.093237 0.25551 0.07519
0.093924 0.37897 0.081258
0.094616 0.33192 0.079338
0.095314 0.27136 0.074823
0.096016 0.26202 0.074267
0.096724 0.23372 0.073081
0.097436 0.3263 0.076817
0.098154 0.20652 0.068885
0.098878 0.11493 0.06448
0.099606 0.40538 0.079053
0.10034 0.14604 0.064225
0.10108 0.34261 0.074494
0.10182 0.24866 0.069392
0.10257 0.17166 0.064642
0.10333 0.19686 0.066495
0.10409 0.22606 0.066231
0.10486 0.20006 0.065426
0.10563 0.1738 0.062987
0.10641 0.10831 0.059346
0.10719 0.2626 0.066716
0.10798 0.18027 0.061517
0.10878 0.2603 0.066089
0.10958 0.096257 0.056582
0.11039 0.19855 0.062001
0.1112 0.084485 0.055269
0.11202 0.17496 0.060203
0.11285 0.18416 0.058838
0.11368 0.15609 0.057971
0.11452 0.1705 0.057104
0.11536 0.19312 0.059033
0.11621 0.18102 0.057558
0.11707 0.13658 0.055094
0.11793 0.088875 0.0526
0.1188 0.29876 0.061143
0.11967 0.21686 0.057987
0.12056 0.15576 0.054202
0.12144 0.18039 0.054906
0.12234 0.23591 0.057641
0.12324 0.15442 0.052809
0.12415 0.27419 0.057676
0.12506 0.1535 0.053026
0.12598 0.10583 0.04953
0.12691 0.046844 0.046927
0.12785 0.095135 0.049066
0.12879 0.10168 0.049225
0.12974 0.26632 0.054586
0.1307 0.14659 0.049747
0.13166 0.12772 0.049
0.13263 0.15009 0.049364
0.13361 0.22302 0.051439
0.13459 0.085847 0.045838
0.13558 0.11982 0.046615
0.13658 0.10115 0.04621
0.13759 0.23821 0.050361
0.1386 0.11137 0.04554
0.13962 0.18061 0.047934
0.14065 0.17475 0.047017
0.14169 0.099295 0.044169
0.14273 0.17278 0.046547
0.14378 0.013298 0.039822
0.14484 0.17325 0.045939
0.14591 0.14064 0.044346
0.14699 0.16043 0.044951
0.14807 0.051058 0.040334
0.14916 0.11553 0.042485
0.15026 0.12704 0.042293
0.15137 0.13006 0.042347
0.15248 0.10212 0.040742
0.15361 0.099716 0.040454
0.15474 0.14041 0.041773
0.15588 0.13861 0.041332
0.15703 0.16066 0.041661
0.15818 0.14138 0.040745
0.15935 0.091213 0.038809
0.16052 0.10444 0.038789
0.16171 0.082145 0.038046
0.1629 0.098213 0.038172
0.1641 0.069149 0.036971
0.16531 0.14981 0.039417
0.16653 0.16544 0.039435
0.16775 0.1887 0.04005
0.16899 0.13087 0.03795
0.17023 0.13938 0.037985
0.17149 0.10406 0.03649
0.17275 0.098049 0.035863
0.17403 0.092204 0.035626
0.17531 0.044545 0.033886
0.1766 0.11991 0.035804
0.1779 0.059003 0.033778
0.17921 0.11959 0.035246
0.18053 0.083383 0.034128
0.18186 0.098835 0.034175
0.1832 0.15506 0.035687
0.18455 0.12844 0.034718
0.18591 0.090864 0.033371
0.18728 0.10762 0.033417
0.18866 0.13426 0.034129
0.19005 0.13478 0.033644
0.19145 0.11461 0.033152
0.19286 0.051333 0.03096
0.19429 0.11951 0.032719
0.19572 0.048959 0.030718
