#
0.0050184 11.052 5.1942
0.0050554 11.102 5.8072
0.0050926 2.3614 2.9043
0.0051301 6.5105 4.0235
0.0051679 7.2071 3.8717
0.005206 5.3852 5.8075
0.0052444 -0.56209 NaN
0.005283 NaN NaN
0.005322 -0.38811 NaN
0.0053612 34.208 10.058
0.0054007 11.152 4.7416
0.0054405 6.4904 2.8451
0.0054806 13.014 5.1215
0.005521 7.2071 3.8717
0.0055616 6.3579 4.0237
0.0056026 8.8171 4.6459
0.0056439 11.172 4.7415
0.0056855 18.834 8.6567
0.0057274 -0.64239 NaN
0.0057696 25.689 8.7105
0.0058121 13.945 6.4927
0.0058549 9.8637 3.6501
0.0058981 7.2205 5.4753
0.0059416 8.2083 5.0293
0.0059853 1.1085 1.66
0.0060294 5.2648 5.8077
0.0060739 8.4394 2.8253
0.0061186 8.2184 5.0293
0.0061637 6.8219 3.2464
0.0062091 5.9033 2.8859
0.0062549 1.7446 2.3237
0.006301 -0.56209 NaN
0.0063474 3.8482 2.5149
0.0063942 -0.38142 NaN
0.0064413 -0.58216 NaN
0.0064888 5.3049 5.8077
0.0065366 7.543 2.6804
0.0065847 9.126 3.0608
0.0066333 7.8696 2.9866
0.0066821 7.8251 3.7102
0.0067314 -0.50588 NaN
0.006781 6.5346 4.0235
0.006831 8.1682 5.0294
0.0068813 8.113 3.5564
0.006932 4.4381 2.8742
0.0069831 3.4965 3.8719
0.0070345 2.8307 2.3469
0.0070864 4.5565 1.9208
0.0071386 9.0641 3.1676
0.0071912 3.4831 3.8719
0.0072442 6.7767 3.2465
0.0072976 5.9568 2.8858
0.0073513 0.45924 0.96868
0.0074055 3.7378 2.515
0.0074601 6.4222 4.0236
0.0075151 5.2447 5.8078
0.0075704 2.1615 1.8254
0.0076262 1.1113 1.1738
0.0076824 6.8649 2.7937
0.007739 9.8504 3.6501
0.0077961 1.5653 1.1837
0.0078535 7.6645 3.7103
0.0079114 5.3903 2.9038
0.0079697 3.3894 3.872
0.0080284 -0.51391 NaN
0.0080876 2.2353 1.5478
0.0081471 6.3309 2.1606
0.0082072 5.8055 2.5865
0.0082677 2.8307 1.6595
0.0083286 1.6042 1.4937
0.00839 3.3292 2.738
0.0084518 5.9613 2.8858
0.0085141 3.0638 1.7872
0.0085768 2.7905 1.6595
0.00864 -0.41755 NaN
0.0087037 2.6126 1.8292
0.0087678 4.2743 1.8078
0.0088324 5.3853 1.9359
0.0088975 4.2279 2.3231
0.0089631 5.3394 2.1951
0.0090291 5.3009 2.5973
0.0090956 4.8081 2.3612
0.0091627 -0.46172 NaN
0.0092302 2.4962 1.3672
0.0092982 2.9039 1.2806
0.0093667 0.96741 1.0271
0.0094357 8.1482 5.0294
0.0095053 2.4709 1.3672
0.0095753 8.5243 3.4144
0.0096459 1.8436 1.3415
0.0097169 4.3305 2.1645
0.0097885 2.7848 1.355
0.0098607 5.2849 2.0533
0.0099333 -0.47733 NaN
0.010007 1.37 0.92952
0.01008 1.6255 1.2578
0.010155 1.7968 1.6431
0.010229 5.2849 2.371
0.010305 3.0722 1.6235
0.010381 4.272 1.8078
0.010457 1.1613 0.8939
0.010534 3.1478 1.397
0.010612 3.7981 2.515
0.01069 5.2598 2.0534
0.010769 2.5483 1.549
0.010848 3.3684 1.4635
0.010928 2.247 1.237
0.011009 1.8426 1.0391
0.01109 3.9356 1.998
0.011171 2.8116 1.355
0.011254 2.0477 1.2909
0.011337 1.1974 1.1737
0.01142 1.6572 1.0562
0.011504 1.867 0.98133
0.011589 3.5176 1.4285
0.011675 4.3638 1.7292
0.011761 1.3579 1.1181
0.011847 3.683 2.1121
0.011935 0.27893 0.58725
0.012023 2.3338 1.0269
0.012111 1.2322 1.0063
0.0122 1.6749 1.1065
0.01229 4.799 1.6696
0.012381 1.4371 0.96824
0.012472 0.51195 0.74722
0.012564 2.1304 1.0945
0.012657 1.1882 0.86074
0.01275 2.3049 1.0599
0.012844 0.79078 0.91307
0.012938 0.78876 0.77423
0.013034 1.0016 0.8751
0.01313 1.6143 0.74686
0.013227 0.78483 0.74553
0.013324 3.5652 1.6738
0.013422 1.1099 0.83003
0.013521 3.5368 1.5367
0.013621 2.0821 0.87134
0.013721 1.3849 0.83809
0.013822 2.2509 1.1383
0.013924 1.7631 0.85386
0.014027 3.0973 1.6235
0.01413 0.46483 0.55927
0.014234 1.3446 0.74897
0.014339 3.2262 1.0876
0.014445 2.0634 1.054
0.014551 1.5299 1.1838
0.014658 2.1024 0.78636
0.014766 1.4516 0.79056
0.014875 2.0824 0.99155
0.014985 0.58772 0.64943
0.015095 1.7352 0.85388
0.015206 1.8987 0.90407
0.015319 0.6493 0.56695
0.015431 1.5035 0.73032
0.015545 1.8868 0.90407
0.01566 1.1466 0.86078
0.015775 0.063184 0.40121
0.015891 1.2975 0.64442
0.016008 0.59445 0.62911
0.016126 2.2213 0.91719
0.016245 0.85029 0.68361
0.016365 2.3123 0.79034
0.016486 1.16 0.69424
0.016607 1.2809 0.64443
0.016729 1.4244 0.86604
0.016853 1.2096 0.66835
0.016977 1.0957 0.60282
0.017102 2.5374 0.87485
0.017228 2.3008 0.99574
0.017355 0.87211 0.53013
0.017483 1.4129 0.68467
0.017612 1.5838 0.73027
0.017741 2.1041 0.78636
0.017872 2.7083 0.89119
0.018004 2.26 0.82135
0.018136 0.56246 0.44487
0.01827 1.5723 0.7469
0.018405 1.5995 0.80897
0.01854 1.5037 0.56613
0.018677 0.73133 0.5414
0.018815 0.13573 0.38738
0.018953 0.96199 0.56939
0.019093 1.0366 0.5478
0.019234 0.56434 0.44487
0.019375 1.2965 0.63202
0.019518 -0.05391 0.32267
0.019662 1.8041 0.59998
0.019807 1.6263 0.65315
0.019953 2.4243 0.82133
0.0201 1.6984 0.61606
0.020248 0.29084 0.36618
0.020397 1.8789 0.67567
0.020547 1.9344 0.70608
0.020699 1.3556 0.56673
0.020851 2.433 0.65766
0.021005 0.47521 0.44056
0.02116 1.6936 0.61606
0.021316 1.2026 0.49089
0.021473 1.6695 0.62888
0.021631 2.7745 0.73174
0.02179 0.91871 0.47759
0.021951 1.6968 0.54676
0.022113 1.683 0.61607
0.022276 1.6573 0.59846
0.02244 0.52832 0.35952
0.022605 0.6104 0.45921
0.022772 1.7555 0.56676
0.02294 1.2685 0.47258
0.023109 1.0095 0.46437
0.023279 0.39676 0.39992
0.02345 1.8934 0.53566
0.023623 2.5515 0.61796
0.023797 1.4822 0.57501
0.023973 1.4995 0.47861
0.024149 2.3503 0.61227
0.024327 1.1337 0.46042
0.024507 0.73799 0.40389
0.024687 1.6635 0.48562
0.024869 0.71155 0.41021
0.025052 1.442 0.46072
0.025237 1.7868 0.54169
0.025423 1.3007 0.46879
0.02561 2.289 0.54882
0.025799 2.1606 0.53788
0.025989 2.4412 0.63364
0.026181 1.532 0.44745
0.026373 2.2444 0.5435
0.026568 2.7534 0.6003
0.026764 2.2826 0.52544
0.026961 1.9134 0.50655
0.027159 1.7714 0.50231
0.02736 2.0415 0.47761
0.027561 1.5138 0.48331
0.027764 2.4895 0.50913
0.027969 2.4065 0.54404
0.028175 2.2825 0.51319
0.028383 2.6336 0.55156
0.028592 2.7792 0.55322
0.028802 2.8803 0.55516
0.029015 2.6746 0.51456
0.029228 2.9033 0.57135
0.029444 2.7271 0.51382
0.029661 2.0541 0.46207
0.029879 2.4768 0.52141
0.0301 3.0707 0.52398
0.030321 2.9049 0.57136
0.030545 2.4158 0.45921
0.03077 2.0431 0.45643
0.030997 3.005 0.54558
0.031225 2.0879 0.4213
0.031455 2.7301 0.52197
0.031687 2.7114 0.47129
0.03192 4.9033 0.64794
0.032156 2.6205 0.47615
0.032393 3.0522 0.49279
0.032631 3.0312 0.50942
0.032872 3.5501 0.52146
0.033114 3.0642 0.49867
0.033358 3.5371 0.52801
0.033604 3.7561 0.52726
0.033851 3.575 0.5047
0.034101 3.727 0.56223
0.034352 3.2339 0.45939
0.034605 3.25 0.50253
0.03486 2.9383 0.45684
0.035117 2.8705 0.44752
0.035376 3.3665 0.4828
0.035637 3.7328 0.51059
0.035899 3.4268 0.47184
0.036164 3.7766 0.49011
0.03643 3.3174 0.48533
0.036699 4.0021 0.47859
0.036969 3.879 0.49807
0.037241 4.3384 0.51454
0.037516 3.3527 0.46286
0.037792 4.0862 0.48238
0.038071 3.47 0.452
0.038351 4.3304 0.51261
0.038634 3.9048 0.45601
0.038919 2.9952 0.41898
0.039205 3.6726 0.45151
0.039494 3.2759 0.44027
0.039785 3.7504 0.42972
0.040079 4.4605 0.48956
0.040374 2.6733 0.37628
0.040671 3.5191 0.44286
0.040971 4.159 0.44882
0.041273 3.3376 0.41127
0.041577 3.9973 0.43814
0.041883 4.5253 0.46863
0.042192 3.2164 0.40574
0.042503 4.6779 0.45246
0.042816 3.8905 0.42513
0.043132 3.6438 0.40328
0.04345 3.0322 0.38159
0.04377 3.9564 0.42107
0.044092 4.6542 0.44697
0.044417 3.985 0.41514
0.044744 3.4742 0.37717
0.045074 3.3169 0.37793
0.045406 3.8575 0.40022
0.045741 3.5394 0.38237
0.046078 3.655 0.38668
0.046417 3.4249 0.3703
0.04676 3.6533 0.38432
0.047104 3.1512 0.34875
0.047451 3.5777 0.3627
0.047801 2.6809 0.32401
0.048153 3.5128 0.36241
0.048508 2.7235 0.31581
0.048865 3.1028 0.33767
0.049225 3.1722 0.3402
0.049588 3.0447 0.32667
0.049954 2.596 0.30619
0.050322 4.2801 0.3847
0.050693 4.5003 0.37623
0.051066 6.0902 0.43747
0.051442 7.1744 0.46619
0.051821 7.5501 0.47331
0.052203 8.8903 0.51004
0.052588 8.7163 0.49763
0.052975 7.8336 0.4746
0.053366 6.4747 0.42853
0.053759 5.0788 0.38115
0.054155 4.0777 0.34316
0.054554 3.8985 0.32678
0.054956 2.7043 0.28309
0.055361 2.0617 0.24991
0.055769 1.4085 0.21793
0.05618 1.5914 0.22319
0.056594 1.3845 0.21049
0.057011 1.392 0.20928
0.057431 1.5861 0.22129
0.057854 1.2893 0.20086
0.058281 1.5831 0.21753
0.05871 1.6329 0.2155
0.059143 1.1261 0.18784
0.059579 1.2987 0.19633
0.060018 1.4807 0.20224
0.06046 1.2739 0.19163
0.060905 1.0983 0.17956
0.061354 1.3273 0.19322
0.061806 1.1292 0.18042
0.062262 1.2693 0.18651
0.062721 1.1368 0.17687
0.063183 1.3802 0.19117
0.063648 1.0351 0.16938
0.064117 1.1133 0.17022
0.06459 1.0788 0.16846
0.065066 1.1546 0.17167
0.065545 1.2156 0.17551
0.066028 1.2834 0.1774
0.066515 1.1028 0.16383
0.067005 1.4237 0.18065
0.067499 0.99932 0.16053
0.067996 1.3151 0.17142
0.068497 1.1452 0.16119
0.069002 0.90408 0.15105
0.06951 1.0137 0.15317
0.070023 1.3315 0.16721
0.070539 1.2586 0.16496
0.071058 1.635 0.17682
0.071582 1.4908 0.16961
0.072109 2.1884 0.1986
0.072641 2.7057 0.21324
0.073176 3.2237 0.2288
0.073715 3.6206 0.23878
0.074258 3.5392 0.23238
0.074806 3.2141 0.22478
0.075357 2.5359 0.20074
0.075912 2.0595 0.18336
0.076472 1.5327 0.15976
0.077035 1.2354 0.1497
0.077603 1.1536 0.14425
0.078175 1.2572 0.14709
0.078751 1.1482 0.14197
0.079331 1.0894 0.13855
0.079916 1.0531 0.13599
0.080504 1.0116 0.13353
0.081098 1.091 0.13309
0.081695 1.0715 0.13596
0.082297 0.7532 0.11681
0.082904 1.147 0.1351
0.083515 1.135 0.13143
0.08413 1.0871 0.13053
0.08475 0.99554 0.12652
0.085374 1.2094 0.13294
0.086004 1.0625 0.12735
0.086637 1.1106 0.12596
0.087276 1.3404 0.13326
0.087919 1.5486 0.14242
0.088567 2.1394 0.15938
0.089219 3.0622 0.18395
0.089877 4.765 0.22031
0.090539 5.0495 0.2245
0.091206 4.5409 0.21205
0.091878 3.634 0.19259
0.092555 2.4583 0.16193
0.093237 1.8013 0.13977
0.093924 1.4065 0.12678
0.094616 1.0977 0.11678
0.095314 0.8735 0.10625
0.096016 1.1304 0.11527
0.096724 1.1651 0.11697
0.097436 1.1279 0.11444
0.098154 0.94896 0.10506
0.098878 0.84746 0.10212
0.099606 0.88946 0.10373
0.10034 0.92906 0.10216
0.10108 0.85777 0.10045
0.10182 0.91842 0.1016
0.10257 0.83153 0.097078
0.10333 0.75367 0.094983
0.10409 0.82616 0.095221
0.10486 0.7589 0.09346
0.10563 0.84204 0.09491
0.10641 0.80492 0.093113
0.10719 0.74014 0.090684
0.10798 0.59701 0.083391
0.10878 0.60491 0.084868
0.10958 0.5198 0.079296
0.11039 0.60215 0.083181
0.1112 0.66174 0.083449
0.11202 0.71555 0.086385
0.11285 0.70001 0.083272
0.11368 0.77311 0.086475
0.11452 0.56833 0.07715
0.11536 0.64254 0.080949
0.11621 0.70355 0.081727
0.11707 0.7207 0.081724
0.11793 0.86741 0.086011
0.1188 0.69529 0.079532
0.11967 0.75546 0.081876
0.12056 0.77788 0.080827
0.12144 0.69333 0.077687
0.12234 0.50526 0.071865
0.12324 0.6365 0.074404
0.12415 0.68849 0.076085
0.12506 0.66533 0.075728
0.12598 0.70156 0.074733
0.12691 0.80343 0.077943
0.12785 0.89968 0.080412
0.12879 0.7597 0.076078
0.12974 0.85249 0.077303
0.1307 0.63815 0.070621
0.13166 0.71066 0.072753
0.13263 0.62783 0.069567
0.13361 0.76206 0.072572
0.13459 0.81914 0.073865
0.13558 0.81107 0.072739
0.13658 0.83498 0.073869
0.13759 0.97645 0.076101
0.1386 1.1434 0.080039
0.13962 0.8768 0.072887
0.14065 0.89132 0.072282
0.14169 0.89867 0.072268
0.14273 0.82492 0.069919
0.14378 0.72294 0.066366
0.14484 0.76119 0.067192
0.14591 0.70575 0.065126
0.14699 0.64083 0.063201
0.14807 0.85035 0.067951
0.14916 0.80971 0.066414
0.15026 0.71782 0.063304
0.15137 0.63544 0.06099
0.15248 0.76682 0.063594
0.15361 0.74686 0.062823
0.15474 0.74677 0.06241
0.15588 0.73994 0.061821
0.15703 0.74913 0.061428
0.15818 0.75363 0.06114
0.15935 0.8037 0.061988
0.16052 0.72459 0.059375
0.16171 0.67449 0.058027
0.1629 0.65159 0.056976
0.1641 0.57446 0.054651
0.16531 0.59093 0.054749
0.16653 0.69267 0.056583
0.16775 0.5597 0.053111
0.16899 0.54679 0.052392
0.17023 0.56526 0.052559
0.17149 0.61897 0.053358
0.17275 0.59773 0.052272
0.17403 0.43375 0.048082
0.17531 0.45416 0.04834
0.1766 0.5511 0.050035
0.1779 0.46202 0.047741
0.17921 0.49553 0.047984
0.18053 0.52801 0.048703
0.18186 0.43394 0.045874
0.1832 0.44649 0.045958
0.18455 0.45339 0.045849
0.18591 0.37507 0.04361
0.18728 0.41162 0.043976
0.18866 0.41428 0.043968
0.19005 0.38135 0.042511
0.19145 0.31946 0.041092
0.19286 0.33584 0.041026
0.19429 0.35888 0.04132
0.19572 0.35656 0.041219
