#
0.0050184 9.28 1.3057
0.0050554 28.984 2.5755
0.0050926 65.09 3.8581
0.0051301 13.676 1.5834
0.0051679 18.85 1.6966
0.005206 27.391 3.5405
0.0052444 100.51 9.5877
0.005283 NaN NaN
0.005322 16.119 2.2184
0.0053612 19.147 2.0946
0.0054007 20.837 1.7833
0.0054405 22.45 1.4338
0.0054806 15.651 1.5463
0.005521 85.126 3.6022
0.0055616 16.224 1.7248
0.0056026 45.304 2.8792
0.0056439 21.6 1.8156
0.0056855 13.671 2.0441
0.0057274 48.856 4.728
0.0057696 24.19 2.3529
0.0058121 12.296 1.6794
0.0058549 15.504 1.2564
0.0058981 10.319 1.7768
0.0059416 27.842 2.5243
0.0059853 16.803 1.4833
0.0060294 10.47 2.1921
0.0060739 38.848 1.6536
0.0061186 20.301 2.156
0.0061637 37.331 2.0663
0.0062091 8.692 0.94195
0.0062549 25.002 2.14
0.006301 14.582 2.5856
0.0063474 8.3017 0.97632
0.0063942 16.653 1.9526
0.0064413 15.038 2.6257
0.0064888 14.13 2.5449
0.0065366 12.9 0.95386
0.0065847 18.849 1.1997
0.0066333 25.385 1.4537
0.0066821 26.865 1.8744
0.0067314 9.4673 1.3184
0.006781 13.861 1.5939
0.006831 10.927 1.5834
0.0068813 14.122 1.2724
0.006932 13.017 1.3059
0.0069831 7.5884 1.5236
0.0070345 12.89 1.2994
0.0070864 7.6147 0.66138
0.0071386 16.586 1.1753
0.0071912 55.733 4.1221
0.0072442 18.931 1.4723
0.0072976 9.3057 0.97425
0.0073513 12.225 0.96661
0.0074055 5.8934 0.82401
0.0074601 9.0985 1.2928
0.0075151 4.9836 1.516
0.0075704 7.3818 0.86784
0.0076262 7.6619 0.70931
0.0076824 18.99 1.2576
0.007739 17.839 1.3475
0.0077961 10.071 0.73731
0.0078535 5.9576 0.88574
0.0079114 8.6516 0.99618
0.0079697 6.3611 1.3964
0.0080284 4.5303 0.91416
0.0080876 9.669 0.82607
0.0081471 6.6823 0.60121
0.0082072 5.4432 0.67515
0.0082677 13.086 0.92574
0.0083286 9.3509 0.88342
0.00839 11.689 1.3369
0.0084518 9.4076 0.97953
0.0085141 3.3352 0.4872
0.0085768 5.4434 0.59846
0.00864 3.2581 0.7757
0.0087037 5.7737 0.69531
0.0087678 6.4666 0.59152
0.0088324 12.714 0.80461
0.0088975 5.3606 0.70218
0.0089631 6.2317 0.63978
0.0090291 5.1708 0.69018
0.0090956 6.1127 0.7149
0.0091627 2.249 1.0221
0.0092302 5.9701 0.53793
0.0092982 6.2848 0.49076
0.0093667 9.9033 0.75366
0.0094357 5.4407 1.1196
0.0095053 5.6794 0.52486
0.0095753 5.9527 0.7802
0.0096459 4.2283 0.5099
0.0097169 3.3119 0.50533
0.0097885 4.4417 0.4418
0.0098607 8.2434 0.688
0.0099333 6.6662 0.82519
0.010007 5.0077 0.42956
0.01008 3.3846 0.44257
0.010155 3.341 0.55607
0.010229 3.5393 0.52227
0.010305 3.8413 0.47115
0.010381 4.0466 0.4688
0.010457 5.7521 0.45164
0.010534 3.2811 0.37166
0.010612 2.1273 0.49811
0.01069 2.6994 0.39585
0.010769 4.9542 0.55188
0.010848 3.4864 0.39179
0.010928 3.3982 0.38692
0.011009 5.3374 0.44335
0.01109 3.8258 0.52151
0.011171 4.0521 0.42206
0.011254 3.056 0.39666
0.011337 3.4897 0.47984
0.01142 3.2053 0.36699
0.011504 4.3395 0.37165
0.011589 3.6155 0.38124
0.011675 3.6633 0.4222
0.011761 2.4938 0.35913
0.011847 3.8634 0.56975
0.011935 3.45 0.33773
0.012023 2.3548 0.26183
0.012111 4.7592 0.46837
0.0122 2.2649 0.31692
0.01229 3.2033 0.36699
0.012381 2.2462 0.29505
0.012472 2.6166 0.33243
0.012564 2.7344 0.31252
0.012657 4.021 0.3709
0.01275 2.7978 0.29906
0.012844 1.8398 0.30893
0.012938 2.4178 0.29418
0.013034 2.3046 0.3053
0.01313 3.2643 0.26198
0.013227 2.3302 0.28328
0.013324 2.0014 0.3315
0.013422 2.4381 0.28463
0.013521 1.9696 0.3032
0.013621 2.6093 0.24615
0.013721 3.3823 0.31761
0.013822 2.2615 0.29025
0.013924 2.0941 0.23274
0.014027 1.3865 0.28569
0.01413 2.4744 0.25267
0.014234 2.5837 0.25117
0.014339 2.2058 0.2357
0.014445 1.7876 0.24881
0.014551 1.5186 0.2896
0.014658 1.6207 0.17601
0.014766 2.0442 0.22995
0.014875 2.0217 0.24673
0.014985 2.2285 0.25877
0.015095 1.7872 0.21548
0.015206 1.682 0.21511
0.015319 1.9909 0.2127
0.015431 1.7029 0.1884
0.015545 1.7886 0.22173
0.01566 1.5461 0.23213
0.015775 1.9671 0.21153
0.015891 1.8229 0.1828
0.016008 1.6751 0.22129
0.016126 1.6183 0.19984
0.016245 1.4113 0.19759
0.016365 1.6136 0.16901
0.016486 2.7446 0.24929
0.016607 1.4452 0.16331
0.016729 1.7271 0.23208
0.016853 1.7447 0.18854
0.016977 2.0221 0.19223
0.017102 1.7697 0.18959
0.017228 1.6493 0.21637
0.017355 1.5502 0.15841
0.017483 1.5967 0.17663
0.017612 1.7905 0.19273
0.017741 1.4902 0.16895
0.017872 1.672 0.18247
0.018004 1.5212 0.171
0.018136 1.4869 0.14776
0.01827 1.682 0.18929
0.018405 2.291 0.23694
0.01854 1.8726 0.15381
0.018677 1.943 0.19423
0.018815 1.5226 0.16586
0.018953 1.6163 0.1676
0.019093 1.4529 0.15084
0.019234 1.7014 0.15778
0.019375 1.3854 0.15823
0.019518 1.6807 0.17564
0.019662 1.5316 0.13845
0.019807 1.6 0.15953
0.019953 1.4277 0.16233
0.0201 1.6528 0.15091
0.020248 1.5294 0.14222
0.020397 1.6814 0.1595
0.020547 1.3872 0.15131
0.020699 1.6124 0.14911
0.020851 1.5801 0.13693
0.021005 1.3544 0.147
0.02116 1.6256 0.14971
0.021316 1.6778 0.13836
0.021473 1.7169 0.15842
0.021631 1.4158 0.13688
0.02179 1.5375 0.14058
0.021951 1.564 0.13129
0.022113 1.1945 0.12896
0.022276 1.6323 0.14776
0.02244 1.6532 0.12645
0.022605 1.4046 0.14597
0.022772 1.5429 0.13286
0.02294 1.3718 0.11842
0.023109 1.6215 0.13535
0.023279 1.2126 0.13269
0.02345 1.591 0.12397
0.023623 1.9125 0.13789
0.023797 1.501 0.14187
0.023973 1.7778 0.12708
0.024149 1.962 0.14344
0.024327 1.5761 0.12748
0.024507 1.5047 0.12467
0.024687 1.8055 0.12557
0.024869 1.508 0.12907
0.025052 1.8479 0.12702
0.025237 1.7279 0.13328
0.025423 1.8451 0.134
0.02561 1.6097 0.11725
0.025799 1.9307 0.12921
0.025989 1.893 0.14342
0.026181 2.1564 0.12992
0.026373 2.0722 0.13315
0.026568 1.9244 0.13023
0.026764 1.7424 0.11799
0.026961 1.9541 0.12876
0.027159 1.7005 0.12258
0.02736 2.0728 0.12148
0.027561 2.2075 0.142
0.027764 1.9973 0.11749
0.027969 2.0894 0.13015
0.028175 2.1703 0.1277
0.028383 2.2926 0.13282
0.028592 2.1197 0.12526
0.028802 2.1402 0.12438
0.029015 2.5901 0.13065
0.029228 2.2967 0.13237
0.029444 2.1965 0.11961
0.029661 2.4668 0.12797
0.029879 2.2948 0.12916
0.0301 2.407 0.12134
0.030321 2.9264 0.14912
0.030545 2.3177 0.11538
0.03077 2.6432 0.13058
0.030997 2.595 0.13217
0.031225 2.5037 0.11696
0.031455 2.5629 0.13089
0.031687 2.6207 0.11999
0.03192 2.8422 0.13256
0.032156 2.6518 0.12401
0.032393 2.9883 0.12761
0.032631 2.7383 0.12677
0.032872 3.0852 0.12817
0.033114 2.8152 0.12469
0.033358 3.2592 0.13361
0.033604 3.1405 0.12749
0.033851 3.0681 0.1233
0.034101 3.6339 0.14675
0.034352 2.9796 0.11551
0.034605 3.5323 0.1374
0.03486 3.2121 0.12445
0.035117 3.3885 0.12646
0.035376 3.1161 0.12199
0.035637 3.5735 0.13221
0.035899 3.3098 0.12195
0.036164 3.3169 0.1215
0.03643 3.3455 0.12768
0.036699 3.5488 0.11971
0.036969 3.5319 0.12592
0.037241 3.7925 0.12827
0.037516 3.5161 0.12444
0.037792 3.86 0.12428
0.038071 3.6563 0.12203
0.038351 4.083 0.13244
0.038634 3.5388 0.11511
0.038919 4.0899 0.12758
0.039205 3.7252 0.1198
0.039494 4.0599 0.12851
0.039785 3.677 0.11242
0.040079 3.8042 0.12054
0.040374 3.6686 0.11378
0.040671 3.9456 0.12349
0.040971 4.0321 0.11764
0.041273 3.7508 0.11438
0.041577 3.868 0.11441
0.041883 3.8147 0.11491
0.042192 4.2428 0.12181
0.042503 3.5915 0.1061
0.042816 4.002 0.1141
0.043132 3.8612 0.10943
0.04345 3.8476 0.1119
0.04377 3.9311 0.1115
0.044092 3.7662 0.10738
0.044417 3.7724 0.1071
0.044744 3.4848 0.099438
0.045074 3.8597 0.10691
0.045406 3.5296 0.10133
0.045741 3.3329 0.097733
0.046078 3.6299 0.10163
0.046417 3.4574 0.097725
0.04676 3.134 0.094202
0.047104 3.2828 0.093053
0.047451 3.0702 0.088757
0.047801 2.9978 0.088476
0.048153 3.0502 0.088982
0.048508 2.727 0.081926
0.048865 2.7345 0.082928
0.049225 2.8892 0.084984
0.049588 2.5208 0.077697
0.049954 2.5505 0.078256
0.050322 2.579 0.079808
0.050693 2.3294 0.07253
0.051066 2.1302 0.070357
0.051442 2.4669 0.074688
0.051821 2.3552 0.072387
0.052203 2.3892 0.072731
0.052588 2.8253 0.077792
0.052975 3.1836 0.082714
0.053366 3.6511 0.087304
0.053759 3.7777 0.088287
0.054155 3.8897 0.089068
0.054554 3.8352 0.085843
0.054956 3.3566 0.081479
0.055361 2.8751 0.074458
0.055769 2.3318 0.067868
0.05618 1.8467 0.059119
0.056594 1.5135 0.053321
0.057011 1.3797 0.050528
0.057431 1.3441 0.050286
0.057854 1.2271 0.047055
0.058281 0.99137 0.0427
0.05871 1.097 0.043836
0.059143 1.0115 0.042104
0.059579 0.99168 0.041477
0.060018 1.0148 0.041288
0.06046 0.88294 0.03854
0.060905 0.87455 0.038006
0.061354 0.87788 0.038171
0.061806 0.87556 0.037587
0.062262 0.85309 0.036899
0.062721 0.80336 0.03531
0.063183 0.69072 0.033195
0.063648 0.71245 0.033092
0.064117 0.75918 0.033423
0.06459 0.64822 0.031098
0.065066 0.72964 0.032675
0.065545 0.67575 0.031556
0.066028 0.66485 0.031151
0.066515 0.66193 0.030188
0.067005 0.63201 0.029805
0.067499 0.6697 0.030765
0.067996 0.61131 0.028696
0.068497 0.62709 0.028622
0.069002 0.67283 0.030058
0.06951 0.66418 0.029146
0.070023 0.63978 0.028422
0.070539 0.66299 0.029122
0.071058 0.64278 0.027993
0.071582 0.67424 0.028435
0.072109 0.66401 0.02845
0.072641 0.65526 0.027807
0.073176 0.59644 0.026495
0.073715 0.68316 0.028022
0.074258 0.77469 0.029239
0.074806 0.93229 0.032192
0.075357 1.214 0.03611
0.075912 1.4756 0.039435
0.076472 1.5049 0.038999
0.077035 1.4627 0.038894
0.077603 1.2182 0.03513
0.078175 1.0184 0.031854
0.078751 0.77114 0.027787
0.079331 0.67301 0.025882
0.079916 0.60888 0.024546
0.080504 0.57442 0.023834
0.081098 0.58583 0.023333
0.081695 0.56317 0.023496
0.082297 0.51495 0.021641
0.082904 0.51727 0.021992
0.083515 0.52037 0.021485
0.08413 0.56096 0.022453
0.08475 0.5195 0.021595
0.085374 0.52159 0.021273
0.086004 0.53286 0.021604
0.086637 0.52372 0.020805
0.087276 0.43767 0.019009
0.087919 0.50853 0.020607
0.088567 0.51502 0.020459
0.089219 0.51092 0.02027
0.089877 0.54166 0.020528
0.090539 0.54934 0.020508
0.091206 0.67407 0.022381
0.091878 0.88323 0.025522
0.092555 1.318 0.030708
0.093237 1.6768 0.033832
0.093924 1.777 0.03461
0.094616 1.5413 0.032508
0.095314 1.0955 0.02702
0.096016 0.77913 0.022815
0.096724 0.55847 0.019597
0.097436 0.52015 0.018772
0.098154 0.4471 0.017027
0.098878 0.427 0.016816
0.099606 0.4135 0.016532
0.10034 0.44359 0.016637
0.10108 0.40156 0.016018
0.10182 0.39092 0.01565
0.10257 0.37101 0.015074
0.10333 0.3802 0.015349
0.10409 0.34715 0.014365
0.10486 0.34241 0.014384
0.10563 0.30844 0.013528
0.10641 0.31269 0.013546
0.10719 0.32358 0.013747
0.10798 0.3105 0.013167
0.10878 0.30566 0.013265
0.10958 0.3041 0.012868
0.11039 0.31639 0.013234
0.1112 0.28544 0.01234
0.11202 0.28704 0.012545
0.11285 0.31154 0.012615
0.11368 0.28204 0.012185
0.11452 0.26413 0.01153
0.11536 0.2603 0.01161
0.11621 0.27475 0.011691
0.11707 0.27664 0.011655
0.11793 0.26568 0.011386
0.1188 0.28242 0.011537
0.11967 0.29666 0.011864
0.12056 0.30785 0.011792
0.12144 0.32827 0.012075
0.12234 0.29402 0.011581
0.12324 0.2939 0.011277
0.12415 0.27772 0.010999
0.12506 0.27506 0.011015
0.12598 0.27281 0.010666
0.12691 0.28781 0.010944
0.12785 0.28167 0.010773
0.12879 0.25935 0.010355
0.12974 0.28089 0.010546
0.1307 0.27912 0.010462
0.13166 0.31846 0.011064
0.13263 0.34353 0.011351
0.13361 0.33414 0.01107
0.13459 0.33115 0.010974
0.13558 0.2949 0.010301
0.13658 0.28325 0.010178
0.13759 0.27255 0.0098174
0.1386 0.29177 0.010073
0.13962 0.31083 0.010305
0.14065 0.31048 0.010169
0.14169 0.35905 0.010801
0.14273 0.38308 0.011074
0.14378 0.39578 0.011101
0.14484 0.3553 0.010528
0.14591 0.33162 0.01012
0.14699 0.31613 0.009883
0.14807 0.31378 0.0097424
0.14916 0.2957 0.0094135
0.15026 0.29582 0.0093246
0.15137 0.28057 0.0090833
0.15248 0.2844 0.0090287
0.15361 0.31277 0.0093812
0.15474 0.29731 0.0090889
0.15588 0.27342 0.0087177
0.15703 0.27633 0.008671
0.15818 0.28043 0.0086702
0.15935 0.26852 0.0084539
0.16052 0.28616 0.0085949
0.16171 0.29144 0.0086289
0.1629 0.29616 0.0086358
0.1641 0.28775 0.0084556
0.16531 0.27372 0.0082302
0.16653 0.25204 0.0078517
0.16775 0.25563 0.0078528
0.16899 0.23852 0.0075652
0.17023 0.23127 0.0074296
0.17149 0.22919 0.007334
0.17275 0.23171 0.0072941
0.17403 0.2392 0.007366
0.17531 0.22016 0.0070695
0.1766 0.21241 0.0068692
0.1779 0.22535 0.007027
0.17921 0.21138 0.0067609
0.18053 0.20226 0.0066213
0.18186 0.20191 0.0065435
0.1832 0.1968 0.0064389
0.18455 0.20132 0.0064569
0.18591 0.1781 0.0060885
0.18728 0.18268 0.0060912
0.18866 0.19302 0.0062229
0.19005 0.17414 0.0058678
0.19145 0.17204 0.0058526
0.19286 0.17552 0.0058244
0.19429 0.16752 0.0056811
0.19572 0.15341 0.0054636
