#
0.0050184 5.4421 3.4181
0.0050554 9.4311 4.9334
0.0050926 2.006 2.4673
0.0051301 -0.38883 NaN
0.0051679 6.1225 3.289
0.005206 14.441 8.5445
0.0052444 19.254 13.953
0.005283 NaN NaN
0.005322 16.114 7.3539
0.0053612 19.195 6.9766
0.0054007 9.4737 4.028
0.0054405 6.5003 2.6106
0.0054806 17.633 5.4539
0.005521 6.1225 3.289
0.0055616 7.3743 3.9468
0.0056026 11.437 4.8336
0.0056439 7.8465 3.6771
0.0056855 9.4226 5.6966
0.0057274 14.253 8.5447
0.0057696 2.0913 2.4671
0.0058121 4.447 3.4887
0.0058549 3.9945 2.1928
0.0058981 2.8453 3.2894
0.0059416 6.9731 4.2725
0.0059853 5.1699 2.8193
0.0060294 4.4725 4.9338
0.0060739 6.4105 2.277
0.0061186 6.9817 4.2725
0.0061637 11.962 3.9001
0.0062091 5.015 2.4516
0.0062549 5.4284 3.4182
0.006301 9.3885 6.9769
0.0063474 5.7356 2.758
0.0063942 -0.32402 NaN
0.0064413 4.4384 4.9338
0.0064888 9.4396 6.9768
0.0065366 4.89 2.0082
0.0065847 5.2862 2.1756
0.0066333 6.6853 2.5371
0.0066821 8.057 3.4527
0.0067314 1.5434 1.9739
0.006781 5.5512 3.418
0.006831 11.872 5.5156
0.0068813 6.8921 3.0212
0.006932 5.1797 2.8192
0.0069831 6.259 4.6513
0.0070345 3.8141 2.4416
0.0070864 7.5706 2.2235
0.0071386 5.0094 2.1972
0.0071912 9.5363 5.6965
0.0072442 5.757 2.7579
0.0072976 6.1567 2.6855
0.0073513 4.501 2.0142
0.0074055 0.70884 1.2342
0.0074601 1.5093 1.974
0.0075151 -0.47751 NaN
0.0075704 6.2211 2.6854
0.0076262 3.763 1.7265
0.0076824 4.038 2.0059
0.007739 2.887 1.8991
0.0077961 4.8119 1.7413
0.0078535 2.2829 1.9939
0.0079114 2.1126 1.7445
0.0079697 2.8794 3.2894
0.0080284 1.5366 1.974
0.0080876 1.899 1.3149
0.0081471 1.3157 1.0056
0.0082072 4.0349 2.0059
0.0082677 0.99526 0.99712
0.0083286 4.0535 2.0059
0.00839 2.8282 2.326
0.0084518 6.1605 2.6855
0.0085141 4.8796 2.0082
0.0085768 2.3706 1.4098
0.00864 3.5917 2.791
0.0087037 3.1163 1.7942
0.0087678 4.7918 1.7413
0.0088324 2.9305 1.3428
0.0088975 1.6185 1.3957
0.0089631 2.4217 1.4098
0.0090291 3.5166 1.9736
0.0090956 0.49692 0.8976
0.0091627 -0.39224 NaN
0.0092302 4.1977 1.5581
0.0092982 1.2336 0.82252
0.0093667 2.6717 1.3791
0.0094357 1.989 2.4673
0.0095053 1.0605 0.89989
0.0095753 6.1453 2.6855
0.0096459 2.2239 1.3158
0.0097169 -0.43203 NaN
0.0097885 2.3657 1.1511
0.0098607 3.873 1.6317
0.0099333 1.7869 1.5508
0.010007 2.3477 1.0444
0.01008 2.6142 1.3792
0.010155 2.513 1.7093
0.010229 2.0231 1.4245
0.010305 0.14338 0.61744
0.010381 3.6291 1.5358
0.010457 2.5044 1.0736
0.010534 0.88026 0.77721
0.010612 1.9933 1.7447
0.01069 2.6184 1.3792
0.010769 2.8225 1.4711
0.010848 0.51246 0.66494
0.010928 1.9089 1.0509
0.011009 1.5653 0.88276
0.01109 3.3434 1.6974
0.011171 3.7979 1.4097
0.011254 0.64335 0.7757
0.011337 1.7219 1.221
0.01142 1.8562 1.0031
0.011504 2.9469 1.0761
0.011589 1.2724 0.8583
0.011675 1.6301 1.0389
0.011761 3.346 1.4505
0.011847 2.2318 1.554
0.011935 1.294 0.78826
0.012023 1.9826 0.87234
0.012111 1.0467 0.85486
0.0122 4.2417 1.4859
0.01229 1.8345 1.0031
0.012381 0.80975 0.71245
0.012472 0.43491 0.63478
0.012564 1.0508 0.75933
0.012657 1.0094 0.73121
0.01275 1.9581 0.90039
0.012844 0.67178 0.77567
0.012938 1.429 0.84887
0.013034 2.5667 1.1352
0.01313 0.9229 0.54955
0.013227 2.1284 0.96707
0.013324 1.868 1.1611
0.013422 0.59053 0.61077
0.013521 1.0314 0.85488
0.013621 0.042226 0.34937
0.013721 1.1765 0.71198
0.013822 2.3068 1.0444
0.013924 1.2237 0.6716
0.014027 2.0146 1.2337
0.01413 1.7652 0.77542
0.014234 0.62296 0.51963
0.014339 1.4075 0.70579
0.014445 1.022 0.7312
0.014551 0.71932 0.82129
0.014658 1.5847 0.63696
0.014766 0.9591 0.61313
0.014875 2.0873 0.90046
0.014985 2.7271 1.0067
0.015095 0.37783 0.47513
0.015206 1.6129 0.76802
0.015319 3.1986 0.93217
0.015431 1.2772 0.62042
0.015545 0.73237 0.58073
0.01566 0.97403 0.73125
0.015775 2.7007 0.86784
0.015891 1.4891 0.612
0.016008 0.81331 0.617
0.016126 0.84849 0.58091
0.016245 1.0125 0.6492
0.016365 1.5921 0.61764
0.016486 1.7074 0.72218
0.016607 1.4751 0.61201
0.016729 0.88118 0.65812
0.016853 0.81309 0.52571
0.016977 1.5112 0.61199
0.017102 1.0832 0.56774
0.017228 1.6556 0.7913
0.017355 0.74087 0.45035
0.017483 2.228 0.74132
0.017612 2.0032 0.72738
0.017741 0.98206 0.53301
0.017872 -0.0083306 0.29739
0.018004 2.1213 0.72622
0.018136 1.5569 0.55605
0.01827 0.66302 0.50175
0.018405 2.1377 0.8213
0.01854 0.87742 0.42187
0.018677 1.649 0.65022
0.018815 1.064 0.53693
0.018953 -0.096312 0.25895
0.019093 1.2095 0.52024
0.019234 1.4044 0.53425
0.019375 2.4295 0.73503
0.019518 1.1149 0.54744
0.019662 1.5326 0.50969
0.019807 1.8833 0.62591
0.019953 1.4791 0.61201
0.0201 1.733 0.56214
0.020248 1.3588 0.50125
0.020397 0.8005 0.45039
0.020547 1.8164 0.6243
0.020699 1.2967 0.50284
0.020851 1.1927 0.4505
0.021005 0.90538 0.47325
0.02116 2.0192 0.59842
0.021316 1.3826 0.46619
0.021473 1.7266 0.57702
0.021631 1.3842 0.50124
0.02179 0.78046 0.40572
0.021951 0.97717 0.4023
0.022113 1.865 0.58057
0.022276 1.267 0.48847
0.02244 0.75396 0.35259
0.022605 1.6325 0.57398
0.022772 1.371 0.4662
0.02294 1.1849 0.41554
0.023109 1.2142 0.44499
0.023279 1.3996 0.52603
0.02345 0.79475 0.35257
0.023623 1.013 0.39294
0.023797 1.1182 0.4677
0.023973 1.2739 0.40659
0.024149 0.55546 0.33283
0.024327 1.2883 0.43388
0.024507 0.95221 0.39114
0.024687 0.67553 0.31964
0.024869 1.0688 0.41873
0.025052 2.1471 0.48807
0.025237 1.4095 0.44722
0.025423 1.5161 0.44816
0.02561 1.3167 0.40132
0.025799 1.9268 0.46598
0.025989 0.92656 0.39765
0.026181 1.1356 0.36158
0.026373 0.91092 0.35078
0.026568 2.5252 0.52668
0.026764 2.1921 0.46966
0.026961 1.6255 0.43033
0.027159 1.8772 0.46556
0.02736 0.9811 0.32848
0.027561 2.3501 0.52106
0.027764 1.6032 0.38688
0.027969 1.4438 0.40259
0.028175 2.7347 0.50337
0.028383 2.1558 0.46141
0.028592 2.361 0.46997
0.028802 1.5291 0.39016
0.029015 3.0418 0.49492
0.029228 2.4664 0.48538
0.029444 2.5927 0.4578
0.029661 1.745 0.39253
0.029879 2.7978 0.49968
0.0301 1.9595 0.39497
0.030321 2.4678 0.48538
0.030545 1.8086 0.3706
0.03077 2.3524 0.43886
0.030997 2.1238 0.42912
0.031225 2.9345 0.44212
0.031455 1.9644 0.41404
0.031687 2.4202 0.40879
0.03192 1.8631 0.38928
0.032156 2.6579 0.43616
0.032393 2.4768 0.41051
0.032631 2.4501 0.42366
0.032872 2.2787 0.39298
0.033114 1.4285 0.33237
0.033358 2.4794 0.41295
0.033604 2.364 0.39376
0.033851 2.7732 0.4122
0.034101 2.0277 0.39512
0.034352 1.7463 0.3234
0.034605 2.9891 0.44189
0.03486 2.2392 0.37069
0.035117 2.3379 0.37345
0.035376 2.7073 0.40058
0.035637 2.8578 0.41447
0.035899 2.4321 0.37112
0.036164 3.1609 0.41364
0.03643 3.3895 0.44683
0.036699 3.1844 0.39499
0.036969 2.6726 0.38627
0.037241 3.5929 0.43217
0.037516 3.506 0.43072
0.037792 2.916 0.37975
0.038071 3.1651 0.3961
0.038351 3.7706 0.44028
0.038634 3.1574 0.37906
0.038919 3.948 0.43172
0.039205 3.2433 0.39012
0.039494 3.435 0.41016
0.039785 3.186 0.36505
0.040079 3.5854 0.40578
0.040374 2.8736 0.35338
0.040671 2.9896 0.37622
0.040971 3.4231 0.37595
0.041273 2.4257 0.32683
0.041577 3.721 0.38768
0.041883 3.8813 0.39982
0.042192 3.4052 0.37941
0.042503 3.2715 0.35248
0.042816 2.7491 0.33334
0.043132 2.9299 0.3345
0.04345 2.7149 0.33153
0.04377 2.6513 0.32244
0.044092 3.1696 0.34432
0.044417 3.4177 0.35416
0.044744 3.0724 0.32608
0.045074 2.9443 0.32723
0.045406 2.6564 0.31038
0.045741 3.404 0.343
0.046078 2.6799 0.30822
0.046417 3.263 0.33072
0.04676 2.2887 0.28636
0.047104 2.424 0.28401
0.047451 2.6293 0.28936
0.047801 2.3608 0.27943
0.048153 2.2378 0.27231
0.048508 1.9734 0.25114
0.048865 2.6894 0.28934
0.049225 2.4821 0.27904
0.049588 2.205 0.25944
0.049954 2.6643 0.28172
0.050322 2.0613 0.25588
0.050693 2.0746 0.24551
0.051066 2.0238 0.24617
0.051442 2.0851 0.24611
0.051821 1.8103 0.23018
0.052203 1.655 0.22174
0.052588 1.7981 0.22569
0.052975 1.1138 0.1889
0.053366 1.4015 0.20303
0.053759 1.517 0.20789
0.054155 1.1331 0.18494
0.054554 1.4653 0.19794
0.054956 1.0954 0.18026
0.055361 1.2385 0.18587
0.055769 0.96603 0.1716
0.05618 0.79258 0.1574
0.056594 1.0183 0.16988
0.057011 0.94984 0.16461
0.057431 0.87469 0.16133
0.057854 1.1518 0.17372
0.058281 0.96382 0.16398
0.05871 0.91379 0.15778
0.059143 0.84758 0.15324
0.059579 1.0134 0.16187
0.060018 0.94402 0.15506
0.06046 0.89141 0.15229
0.060905 1.0524 0.15907
0.061354 0.81964 0.14723
0.061806 0.74326 0.14108
0.062262 0.61846 0.13249
0.062721 0.5678 0.12745
0.063183 0.68555 0.13591
0.063648 0.54979 0.12464
0.064117 0.47867 0.11778
0.06459 0.65876 0.12873
0.065066 0.30791 0.10585
0.065545 0.62829 0.12717
0.066028 0.46691 0.11602
0.066515 0.51742 0.11622
0.067005 0.45463 0.11314
0.067499 0.3461 0.10665
0.067996 0.68099 0.12353
0.068497 0.39073 0.10511
0.069002 0.2212 0.094821
0.06951 0.47102 0.10889
0.070023 0.40142 0.1041
0.070539 0.30197 0.098282
0.071058 0.39819 0.10146
0.071582 0.41134 0.10156
0.072109 0.43303 0.10384
0.072641 0.45154 0.10326
0.073176 0.3482 0.096707
0.073715 0.26557 0.090796
0.074258 0.51624 0.10383
0.074806 0.46665 0.10222
0.075357 0.15767 0.081765
0.075912 0.37734 0.095284
0.076472 0.23948 0.084431
0.077035 0.30018 0.089641
0.077603 0.29232 0.087977
0.078175 0.38582 0.092538
0.078751 0.24688 0.084086
0.079331 0.22685 0.082347
0.079916 0.28395 0.085042
0.080504 0.41018 0.091563
0.081098 0.30752 0.08349
0.081695 0.22982 0.081417
0.082297 0.26716 0.080369
0.082904 0.24385 0.079563
0.083515 0.33385 0.082888
0.08413 0.23578 0.077928
0.08475 0.32472 0.082902
0.085374 0.36748 0.083813
0.086004 0.25151 0.077295
0.086637 0.40558 0.083653
0.087276 0.28122 0.076247
0.087919 0.31412 0.079253
0.088567 0.28852 0.076802
0.089219 0.29201 0.076414
0.089877 0.19403 0.070003
0.090539 0.18801 0.069342
0.091206 0.25828 0.071963
0.091878 0.27596 0.07315
0.092555 0.20056 0.069148
0.093237 0.19885 0.067204
0.093924 0.32696 0.073657
0.094616 0.31227 0.073272
0.095314 0.27021 0.069809
0.096016 0.10377 0.06099
0.096724 0.19405 0.066088
0.097436 0.17773 0.064461
0.098154 0.15128 0.061325
0.098878 0.28208 0.0683
0.099606 0.20377 0.064674
0.10034 0.14658 0.05967
0.10108 0.18948 0.062459
0.10182 0.17949 0.061373
0.10257 0.1697 0.060005
0.10333 0.13862 0.058984
0.10409 0.10436 0.055777
0.10486 0.21303 0.061529
0.10563 0.1484 0.05733
0.10641 0.1164 0.055404
0.10719 0.10098 0.054512
0.10798 0.11766 0.054225
0.10878 0.19529 0.058719
0.10958 0.14559 0.05478
0.11039 0.086954 0.052345
0.1112 0.18868 0.056041
0.11202 0.088021 0.051798
0.11285 0.21816 0.056243
0.11368 0.17336 0.054659
0.11452 0.13307 0.051406
0.11536 0.16295 0.053602
0.11621 0.14762 0.052061
0.11707 0.11162 0.049994
0.11793 0.16874 0.052305
0.1188 0.083157 0.048017
0.11967 0.1361 0.050545
0.12056 0.095697 0.047716
0.12144 0.12731 0.048805
0.12234 0.13879 0.04968
0.12324 0.063806 0.045105
0.12415 0.15748 0.049207
0.12506 0.18681 0.050647
0.12598 0.12083 0.046526
0.12691 0.11411 0.046266
0.12785 0.087437 0.045094
0.12879 0.081872 0.044744
0.12974 0.076216 0.043422
0.1307 0.019916 0.040807
0.13166 0.16896 0.047097
0.13263 0.11981 0.044637
0.13361 0.15188 0.045245
0.13459 0.12447 0.043983
0.13558 0.065595 0.041023
0.13658 0.044489 0.040445
0.13759 0.065448 0.040376
0.1386 0.099055 0.041724
0.13962 0.058064 0.039847
0.14065 0.17974 0.043913
0.14169 0.075481 0.039976
0.14273 0.15567 0.042665
0.14378 0.045834 0.037976
0.14484 0.12593 0.041009
0.14591 0.051871 0.037826
0.14699 0.085236 0.039019
0.14807 0.1281 0.040118
0.14916 0.1404 0.040276
0.15026 0.069134 0.037114
0.15137 0.086135 0.037706
0.15248 0.14282 0.039182
0.15361 0.099749 0.037473
0.15474 0.086715 0.036904
0.15588 0.067035 0.035841
0.15703 0.11165 0.037059
0.15818 0.11725 0.037014
0.15935 0.096362 0.036105
0.16052 0.049421 0.034012
0.16171 0.073071 0.034883
0.1629 0.071062 0.034419
0.1641 0.021108 0.032472
0.16531 0.11666 0.035543
0.16653 0.06523 0.033395
0.16775 0.040435 0.032482
0.16899 0.098076 0.034164
0.17023 0.04888 0.032317
0.17149 0.10645 0.033883
0.17275 0.11132 0.033635
0.17403 0.10156 0.033278
0.17531 0.14482 0.034434
0.1766 0.10616 0.032781
0.1779 0.12269 0.03319
0.17921 0.044944 0.030355
0.18053 0.053146 0.030624
0.18186 0.062099 0.03052
0.1832 0.074319 0.030766
0.18455 0.10311 0.031467
0.18591 0.066981 0.030171
0.18728 0.075459 0.030016
0.18866 0.076604 0.029995
0.19005 0.09082 0.029977
0.19145 0.026674 0.028122
0.19286 0.070992 0.029157
0.19429 0.066124 0.028823
0.19572 0.051653 0.028427
