#
0.0050184 11.128 1.8672
0.0050554 14.324 2.3662
0.0050926 174.97 8.2518
0.0051301 8.9633 1.6759
0.0051679 30.529 2.8171
0.005206 378.82 17.169
0.0052444 10.817 4.1168
0.005283 NaN NaN
0.005322 9.2839 2.2005
0.0053612 14.308 2.3662
0.0054007 86.295 4.7323
0.0054405 9.8942 1.2448
0.0054806 18.081 2.1697
0.005521 99.77 5.0884
0.0055616 10.188 1.7877
0.0056026 149.31 6.818
0.0056439 36.506 3.0794
0.0056855 11.341 2.4328
0.0057274 367.9 16.92
0.0057696 4.6088 1.3475
0.0058121 8.8702 1.8656
0.0058549 7.8912 1.1726
0.0058981 177.31 9.5917
0.0059416 21.716 2.911
0.0059853 6.1501 1.1762
0.0060294 7.7073 2.4603
0.0060739 30.335 1.9076
0.0061186 61.395 4.8896
0.0061637 61.403 3.4575
0.0062091 5.9775 1.0228
0.0062549 120.36 6.122
0.006301 3.0367 1.556
0.0063474 5.767 1.0653
0.0063942 17.843 2.6383
0.0064413 195.98 12.35
0.0064888 7.7127 2.4603
0.0065366 6.3967 0.87956
0.0065847 8.8729 1.0771
0.0066333 32.315 2.1406
0.0066821 47.061 3.2365
0.0067314 4.9114 1.2448
0.006781 72.762 4.7604
0.006831 4.2063 1.2902
0.0068813 12.562 1.5681
0.006932 51.497 3.3857
0.0069831 4.6177 1.556
0.0070345 3.2689 0.86093
0.0070864 5.2784 0.72123
0.0071386 22.008 1.7668
0.0071912 24.844 3.5934
0.0072442 25.22 2.2176
0.0072976 5.466 0.97802
0.0073513 32.478 2.0543
0.0074055 5.1687 1.0107
0.0074601 57.809 4.2442
0.0075151 0.70268 0.77812
0.0075704 4.9575 0.93104
0.0076262 15.264 1.3056
0.0076824 4.5975 0.81261
0.007739 7.5437 1.1468
0.0077961 9.6371 0.94235
0.0078535 40.149 2.9905
0.0079114 4.6121 0.95286
0.0079697 74.623 6.2239
0.0080284 3.0431 0.98413
0.0080876 6.0447 0.85478
0.0081471 12.747 1.083
0.0082072 2.0509 0.54788
0.0082677 5.1583 0.76197
0.0083286 15.492 1.4836
0.00839 25.601 2.5803
0.0084518 2.7004 0.69158
0.0085141 16.928 1.4263
0.0085768 3.597 0.63848
0.00864 4.3008 1.1644
0.0087037 12.798 1.3494
0.0087678 4.3253 0.63415
0.0088324 8.9337 0.88156
0.0088975 3.834 0.77801
0.0089631 8.273 0.96253
0.0090291 14.092 1.4843
0.0090956 5.1707 0.86044
0.0091627 50.508 6.2724
0.0092302 2.0542 0.4176
0.0092982 3.0472 0.44919
0.0093667 8.7848 0.92771
0.0094357 3.8147 1.2302
0.0095053 5.3266 0.66533
0.0095753 15.492 1.6402
0.0096459 2.7366 0.53903
0.0097169 12.769 1.2902
0.0097885 2.2255 0.41256
0.0098607 7.1265 0.83658
0.0099333 3.048 0.73353
0.010007 3.5445 0.47402
0.01008 8.095 0.89132
0.010155 0.86313 0.38119
0.010229 8.099 1.0292
0.010305 2.7456 0.52373
0.010381 6.5217 0.77666
0.010457 2.5494 0.39699
0.010534 2.4021 0.41845
0.010612 9.8448 1.389
0.01069 2.6497 0.51462
0.010769 5.8392 0.78318
0.010848 2.1555 0.40586
0.010928 3.1167 0.48589
0.011009 2.1763 0.37346
0.01109 4.7165 0.75702
0.011171 3.3405 0.50255
0.011254 2.9541 0.51143
0.011337 3.9393 0.66687
0.01142 4.6071 0.5746
0.011504 1.7525 0.31288
0.011589 3.448 0.48786
0.011675 2.5501 0.46329
0.011761 3.2939 0.53986
0.011847 5.4443 0.8834
0.011935 3.6495 0.45489
0.012023 1.6256 0.28769
0.012111 3.1993 0.50422
0.0122 1.6322 0.35537
0.01229 3.2599 0.4849
0.012381 2.6562 0.42018
0.012472 3.6757 0.51492
0.012564 1.1831 0.27428
0.012657 2.8678 0.41157
0.01275 1.2209 0.26288
0.012844 2.8722 0.50407
0.012938 2.7389 0.4103
0.013034 3.1785 0.46872
0.01313 1.6662 0.24756
0.013227 1.4883 0.29947
0.013324 2.4913 0.48435
0.013422 1.3157 0.27788
0.013521 2.3411 0.43319
0.013621 0.97916 0.20215
0.013721 2.2435 0.34045
0.013822 2.0443 0.36294
0.013924 1.1871 0.23278
0.014027 1.8737 0.43494
0.01413 1.7912 0.28345
0.014234 1.2448 0.23165
0.014339 1.4836 0.25583
0.014445 1.2562 0.27641
0.014551 1.5779 0.38836
0.014658 1.5201 0.22456
0.014766 1.275 0.24067
0.014875 1.9856 0.32142
0.014985 1.0324 0.23546
0.015095 1.6156 0.26994
0.015206 1.2612 0.24647
0.015319 1.4912 0.24302
0.015431 1.3079 0.21871
0.015545 1.2596 0.24647
0.01566 1.652 0.31568
0.015775 0.9952 0.20084
0.015891 1.2722 0.2024
0.016008 1.3925 0.26635
0.016126 1.3213 0.23878
0.016245 1.4411 0.26292
0.016365 1.1025 0.1857
0.016486 1.3319 0.23087
0.016607 1.27 0.2024
0.016729 1.28 0.26449
0.016853 0.97389 0.18836
0.016977 1.2147 0.19775
0.017102 1.2871 0.21396
0.017228 1.2513 0.24953
0.017355 1.2436 0.18781
0.017483 1.2915 0.2101
0.017612 1.215 0.21035
0.017741 1.2663 0.20582
0.017872 1.323 0.21457
0.018004 1.1284 0.19578
0.018136 1.1208 0.17021
0.01827 1.1655 0.20924
0.018405 1.197 0.22801
0.01854 1.2528 0.16691
0.018677 1.2326 0.20504
0.018815 1.1254 0.18927
0.018953 1.051 0.17997
0.019093 1.1762 0.17969
0.019234 1.194 0.17534
0.019375 1.4006 0.20948
0.019518 1.2742 0.2024
0.019662 1.362 0.17235
0.019807 0.98272 0.16682
0.019953 1.3622 0.20919
0.0201 1.0742 0.16182
0.020248 0.78411 0.13688
0.020397 1.2054 0.17925
0.020547 1.5422 0.2097
0.020699 1.2571 0.17429
0.020851 1.2714 0.16244
0.021005 1.2768 0.18836
0.02116 1.3024 0.17727
0.021316 1.1479 0.15182
0.021473 1.3421 0.18518
0.021631 1.2264 0.16836
0.02179 1.3168 0.17187
0.021951 1.0145 0.14063
0.022113 1.3696 0.18164
0.022276 1.0001 0.15403
0.02244 1.1456 0.13986
0.022605 1.0857 0.17024
0.022772 1.0701 0.147
0.02294 1.3201 0.15317
0.023109 1.1851 0.15347
0.023279 0.81921 0.14564
0.02345 0.9916 0.13034
0.023623 1.2358 0.14715
0.023797 1.0655 0.15877
0.023973 1.1073 0.13344
0.024149 1.0842 0.14205
0.024327 1.1608 0.14511
0.024507 1.0906 0.14102
0.024687 1.3572 0.14398
0.024869 1.0107 0.14063
0.025052 1.2693 0.1395
0.025237 1.3167 0.15391
0.025423 1.3737 0.15293
0.02561 1.2828 0.13862
0.025799 1.3845 0.14481
0.025989 1.5213 0.16975
0.026181 1.4083 0.13901
0.026373 1.3143 0.14061
0.026568 1.4552 0.14972
0.026764 1.3432 0.13694
0.026961 1.5719 0.15237
0.027159 1.5438 0.15398
0.02736 1.5445 0.13854
0.027561 1.5453 0.15708
0.027764 1.4286 0.13143
0.027969 1.7432 0.15665
0.028175 1.8619 0.15574
0.028383 1.8189 0.15593
0.028592 1.632 0.14509
0.028802 1.5801 0.1412
0.029015 1.8592 0.146
0.029228 1.8558 0.15674
0.029444 1.6385 0.13636
0.029661 1.8535 0.1462
0.029879 1.7056 0.1469
0.0301 1.9266 0.14297
0.030321 2.0091 0.16285
0.030545 1.7453 0.13206
0.03077 1.9379 0.14739
0.030997 2.094 0.15626
0.031225 2.0464 0.13913
0.031455 1.8883 0.14811
0.031687 2.1772 0.14384
0.03192 2.1301 0.15106
0.032156 1.9364 0.1396
0.032393 2.6241 0.15696
0.032631 2.1297 0.14708
0.032872 2.1749 0.1417
0.033114 2.0408 0.13987
0.033358 2.3615 0.14962
0.033604 2.4853 0.14907
0.033851 2.5427 0.14747
0.034101 2.8834 0.17163
0.034352 2.5307 0.13984
0.034605 2.954 0.16489
0.03486 2.4037 0.14155
0.035117 2.6871 0.1479
0.035376 2.6008 0.14638
0.035637 2.9208 0.15688
0.035899 2.7858 0.14688
0.036164 2.713 0.1443
0.03643 2.5903 0.14766
0.036699 3.4379 0.15437
0.036969 3.1108 0.15501
0.037241 2.8461 0.14594
0.037516 3.0428 0.15187
0.037792 3.0468 0.14496
0.038071 3.1522 0.14863
0.038351 3.1569 0.15286
0.038634 3.1378 0.14215
0.038919 3.1112 0.14604
0.039205 3.358 0.14914
0.039494 3.5513 0.15753
0.039785 3.3082 0.13981
0.040079 3.4785 0.15109
0.040374 3.0073 0.13519
0.040671 3.5774 0.15409
0.040971 3.4903 0.14347
0.041273 3.3012 0.1407
0.041577 3.1748 0.13598
0.041883 3.2058 0.13818
0.042192 3.567 0.14643
0.042503 3.4121 0.13553
0.042816 3.4967 0.13982
0.043132 3.1672 0.13004
0.04345 3.6612 0.143
0.04377 3.1203 0.13033
0.044092 3.3702 0.13319
0.044417 3.416 0.1336
0.044744 3.282 0.12649
0.045074 3.1678 0.12708
0.045406 3.2574 0.12762
0.045741 3.3603 0.12857
0.046078 3.1856 0.12487
0.046417 3.079 0.12097
0.04676 3.2451 0.12556
0.047104 3.251 0.12135
0.047451 2.9021 0.11316
0.047801 2.8493 0.11314
0.048153 2.8727 0.11326
0.048508 2.7055 0.10702
0.048865 2.63 0.1067
0.049225 2.3924 0.10164
0.049588 2.2811 0.097104
0.049954 2.3183 0.098018
0.050322 2.3036 0.099086
0.050693 2.2953 0.094518
0.051066 2.1821 0.093475
0.051442 2.4191 0.097066
0.051821 2.1434 0.09075
0.052203 2.136 0.090394
0.052588 2.1311 0.088925
0.052975 2.0245 0.086971
0.053366 2.0128 0.085558
0.053759 2.1257 0.087341
0.054155 2.4325 0.092705
0.054554 2.8229 0.096752
0.054956 3.4518 0.10823
0.055361 5.2625 0.13136
0.055769 7.5907 0.1591
0.05618 10.38 0.18146
0.056594 11.986 0.19373
0.057011 13.136 0.20096
0.057431 11.853 0.19246
0.057854 9.6302 0.16975
0.058281 6.7083 0.14272
0.05871 4.5349 0.11501
0.059143 2.8654 0.091729
0.059579 2.2691 0.081436
0.060018 1.6944 0.069628
0.06046 1.4263 0.063983
0.060905 1.4214 0.063279
0.061354 1.3324 0.06152
0.061806 1.2754 0.059414
0.062262 1.1853 0.057042
0.062721 1.1239 0.054779
0.063183 1.1424 0.055743
0.063648 1.1162 0.054165
0.064117 1.076 0.052178
0.06459 0.9814 0.050103
0.065066 1.1665 0.053992
0.065545 1.1974 0.054741
0.066028 1.0965 0.052241
0.066515 1.0275 0.049208
0.067005 1.0398 0.049929
0.067499 1.0493 0.050366
0.067996 1.0986 0.050106
0.068497 1.0423 0.048179
0.069002 1.0504 0.049123
0.06951 1.0997 0.04897
0.070023 1.0849 0.048293
0.070539 1.0793 0.048539
0.071058 1.0804 0.047367
0.071582 0.96652 0.044651
0.072109 1.1224 0.048266
0.072641 1.1437 0.047894
0.073176 1.1578 0.047969
0.073715 1.148 0.04741
0.074258 1.174 0.047103
0.074806 1.1211 0.046457
0.075357 1.196 0.047308
0.075912 1.3179 0.049214
0.076472 1.2561 0.047105
0.077035 1.2924 0.048294
0.077603 1.4928 0.051054
0.078175 1.9209 0.056967
0.078751 2.8646 0.068911
0.079331 4.1874 0.082449
0.079916 5.3849 0.0928
0.080504 5.9034 0.096953
0.081098 5.2165 0.08844
0.081695 3.934 0.078913
0.082297 2.7302 0.063359
0.082904 1.9219 0.054218
0.083515 1.5816 0.048079
0.08413 1.3501 0.044997
0.08475 1.2313 0.042929
0.085374 1.1699 0.0412
0.086004 1.1929 0.04182
0.086637 1.1642 0.040125
0.087276 1.2228 0.040771
0.087919 1.1841 0.040614
0.088567 1.187 0.040135
0.089219 1.112 0.038704
0.089877 1.1858 0.03932
0.090539 1.1766 0.038879
0.091206 1.1808 0.038617
0.091878 1.251 0.039799
0.092555 1.2875 0.040034
0.093237 1.2787 0.03909
0.093924 1.3967 0.040548
0.094616 1.4973 0.042198
0.095314 1.8822 0.046199
0.096016 2.6359 0.054069
0.096724 4.2507 0.068659
0.097436 6.6576 0.084847
0.098154 8.5375 0.09335
0.098878 8.5331 0.094154
0.099606 6.7848 0.083775
0.10034 4.4058 0.066029
0.10108 2.7482 0.052773
0.10182 1.986 0.044567
0.10257 1.5513 0.03903
0.10333 1.4335 0.037843
0.10409 1.3166 0.035432
0.10486 1.2995 0.035479
0.10563 1.234 0.03412
0.10641 1.1693 0.033106
0.10719 1.1015 0.032175
0.10798 1.046 0.030623
0.10878 1.0357 0.030925
0.10958 1.0557 0.030338
0.11039 1.0031 0.029938
0.1112 1.0542 0.029892
0.11202 0.95262 0.02892
0.11285 0.97369 0.028338
0.11368 0.90684 0.027669
0.11452 0.89232 0.026743
0.11536 0.88259 0.026953
0.11621 0.86395 0.026249
0.11707 0.85394 0.025953
0.11793 0.89518 0.026376
0.1188 0.87599 0.025752
0.11967 0.84817 0.025538
0.12056 0.84649 0.024945
0.12144 0.87427 0.025202
0.12234 0.86758 0.02529
0.12324 0.83353 0.024177
0.12415 0.86742 0.024624
0.12506 0.86298 0.024707
0.12598 0.94184 0.025007
0.12691 1.0203 0.026023
0.12785 1.0199 0.025842
0.12879 0.94789 0.024878
0.12974 0.92647 0.02423
0.1307 0.85943 0.023272
0.13166 0.89417 0.023649
0.13263 0.88222 0.023313
0.13361 0.86292 0.022787
0.13459 0.81133 0.022041
0.13558 0.90604 0.022929
0.13658 0.93376 0.023384
0.13759 1.0885 0.024656
0.1386 1.2913 0.02661
0.13962 1.3714 0.027241
0.14065 1.2525 0.025766
0.14169 1.1302 0.02442
0.14273 1.0023 0.022987
0.14378 0.97773 0.02244
0.14484 0.9576 0.022126
0.14591 0.96487 0.022016
0.14699 0.99968 0.02233
0.14807 1.1591 0.02368
0.14916 1.351 0.025257
0.15026 1.5184 0.026463
0.15137 1.5517 0.026656
0.15248 1.3883 0.024981
0.15361 1.1951 0.023179
0.15474 1.0765 0.021848
0.15588 0.97774 0.02079
0.15703 0.9742 0.020548
0.15818 0.98942 0.020563
0.15935 0.98547 0.020393
0.16052 1.0297 0.020586
0.16171 1.0893 0.021042
0.1629 1.0201 0.020283
0.1641 0.94536 0.019405
0.16531 0.94029 0.019261
0.16653 0.94462 0.019089
0.16775 0.96694 0.019176
0.16899 0.99335 0.019275
0.17023 1.0374 0.01958
0.17149 1.0454 0.019474
0.17275 1.0093 0.018967
0.17403 0.91331 0.018027
0.17531 0.88588 0.017671
0.1766 0.79947 0.016625
0.1779 0.7948 0.016542
0.17921 0.77057 0.016123
0.18053 0.77492 0.016124
0.18186 0.74886 0.0157
0.1832 0.73082 0.015439
0.18455 0.70414 0.015076
0.18591 0.69596 0.014873
0.18728 0.6996 0.014767
0.18866 0.68217 0.014579
0.19005 0.71212 0.014623
0.19145 0.65148 0.014075
0.19286 0.63192 0.013699
0.19429 0.59246 0.013229
0.19572 0.55003 0.01274
