#
0.0050184 10.897 1.1329
0.0050554 15.834 1.5261
0.0050926 12.602 1.3618
0.0051301 9.6103 1.0638
0.0051679 11.231 1.0499
0.005206 13.783 2.0135
0.0052444 20.531 3.4751
0.005283 NaN NaN
0.005322 10.945 1.4652
0.0053612 11.569 1.3052
0.0054007 14.564 1.195
0.0054405 13.427 0.8889
0.0054806 12.896 1.1248
0.005521 14.266 1.1829
0.0055616 10.895 1.1329
0.0056026 8.9046 1.0242
0.0056439 12.998 1.129
0.0056855 10.938 1.4652
0.0057274 14.359 2.0559
0.0057696 12.607 1.3618
0.0058121 9.9569 1.211
0.0058549 10.681 0.83583
0.0058981 10.743 1.4521
0.0059416 12.604 1.3618
0.0059853 10.378 0.93444
0.0060294 9.9584 1.7126
0.0060739 7.7468 0.5926
0.0061186 12.311 1.3459
0.0061637 10.551 0.88111
0.0062091 7.6738 0.70899
0.0062549 9.3692 1.0508
0.006301 9.0763 1.6353
0.0063474 7.3903 0.73792
0.0063942 11.876 1.3217
0.0064413 7.6068 1.4976
0.0064888 10.254 1.7376
0.0065366 7.3852 0.57865
0.0065847 7.5104 0.60746
0.0066333 7.1799 0.62046
0.0066821 6.6894 0.75056
0.0067314 7.3757 0.93248
0.006781 6.557 0.87915
0.006831 7.7557 1.0691
0.0068813 7.3123 0.73426
0.006932 8.1125 0.82647
0.0069831 6.6383 1.1417
0.0070345 7.2759 0.78271
0.0070864 5.0765 0.43284
0.0071386 6.7063 0.59942
0.0071912 7.0292 1.1748
0.0072442 6.1434 0.67296
0.0072976 6.1753 0.63615
0.0073513 6.8763 0.58126
0.0074055 3.8603 0.53455
0.0074601 6.9037 0.90239
0.0075151 4.6708 1.1748
0.0075704 4.3517 0.53424
0.0076262 6.0142 0.50349
0.0076824 7.0223 0.61353
0.007739 4.4795 0.54215
0.0077961 4.5365 0.39699
0.0078535 4.6673 0.62797
0.0079114 5.9264 0.66083
0.0079697 4.4791 0.93904
0.0080284 3.7334 0.66458
0.0080876 5.1738 0.48456
0.0081471 4.1211 0.37852
0.0082072 4.2453 0.47763
0.0082677 4.0872 0.41536
0.0083286 3.6056 0.44036
0.00839 4.7697 0.68531
0.0084518 5.5229 0.60174
0.0085141 3.3631 0.39132
0.0085768 3.7914 0.40025
0.00864 4.5606 0.73367
0.0087037 4.1372 0.47163
0.0087678 3.7406 0.36075
0.0088324 4.0905 0.36631
0.0088975 3.3271 0.44349
0.0089631 3.249 0.37056
0.0090291 2.9114 0.41536
0.0090956 3.3404 0.42386
0.0091627 2.9137 0.92878
0.0092302 3.8053 0.34427
0.0092982 3.3287 0.28648
0.0093667 3.1328 0.34047
0.0094357 3.3492 0.70429
0.0095053 2.5364 0.28166
0.0095753 3.6292 0.48842
0.0096459 3.2652 0.35892
0.0097169 2.7155 0.36632
0.0097885 3.2177 0.30127
0.0098607 2.7638 0.32006
0.0099333 2.9129 0.43783
0.010007 2.8653 0.26059
0.01008 2.6888 0.31582
0.010155 3.1454 0.43166
0.010229 2.1764 0.32838
0.010305 2.3582 0.296
0.010381 3.1531 0.33143
0.010457 2.0921 0.21905
0.010534 2.5889 0.26432
0.010612 2.0277 0.38854
0.01069 2.2118 0.28674
0.010769 2.9093 0.33915
0.010848 2.0445 0.24063
0.010928 2.1276 0.24546
0.011009 2.5368 0.24531
0.01109 2.4131 0.33205
0.011171 2.7156 0.27691
0.011254 2.0942 0.26311
0.011337 2.0326 0.29371
0.01142 2.2732 0.24761
0.011504 2.363 0.22003
0.011589 1.9401 0.22411
0.011675 2.3539 0.27129
0.011761 2.2225 0.27108
0.011847 2.8029 0.38877
0.011935 2.133 0.21292
0.012023 1.7701 0.18173
0.012111 1.7658 0.2294
0.0122 1.763 0.22378
0.01229 2.1385 0.24031
0.012381 2.0797 0.22698
0.012472 1.7881 0.22018
0.012564 2.0055 0.21434
0.012657 2.1704 0.21865
0.01275 1.656 0.18454
0.012844 1.6064 0.23076
0.012938 1.5762 0.19038
0.013034 1.9406 0.22411
0.01313 1.697 0.15163
0.013227 1.5191 0.18332
0.013324 1.3897 0.22126
0.013422 1.7345 0.19228
0.013521 1.7062 0.22561
0.013621 1.7501 0.16154
0.013721 1.5859 0.1747
0.013822 2.252 0.23142
0.013924 1.4435 0.1548
0.014027 1.8088 0.25961
0.01413 1.4105 0.15307
0.014234 1.6911 0.16287
0.014339 1.5444 0.15797
0.014445 1.4967 0.18203
0.014551 1.425 0.22394
0.014658 1.473 0.13403
0.014766 1.8193 0.17346
0.014875 1.1665 0.15041
0.014985 1.5456 0.17264
0.015095 1.5237 0.15904
0.015206 1.2881 0.15062
0.015319 1.6375 0.15431
0.015431 1.6816 0.14941
0.015545 1.5121 0.16299
0.01566 1.124 0.15839
0.015775 1.4646 0.14611
0.015891 1.3326 0.12512
0.016008 1.3334 0.15792
0.016126 1.4418 0.15067
0.016245 1.4079 0.15741
0.016365 1.192 0.11625
0.016486 1.4771 0.14681
0.016607 1.47 0.13133
0.016729 1.4818 0.17182
0.016853 1.0572 0.11774
0.016977 1.2303 0.12026
0.017102 1.2776 0.12897
0.017228 1.5582 0.16793
0.017355 1.2696 0.11459
0.017483 1.3442 0.12952
0.017612 1.5813 0.14478
0.017741 1.4011 0.13078
0.017872 1.2618 0.12685
0.018004 1.397 0.13078
0.018136 1.4052 0.11464
0.01827 1.3879 0.13746
0.018405 1.5649 0.15689
0.01854 1.4573 0.10856
0.018677 1.4199 0.13294
0.018815 1.2947 0.1222
0.018953 1.4737 0.12779
0.019093 1.3252 0.11501
0.019234 1.3502 0.11242
0.019375 1.5454 0.13319
0.019518 1.5637 0.13531
0.019662 1.2661 0.10061
0.019807 1.3965 0.11906
0.019953 1.2975 0.12352
0.0201 1.3817 0.11029
0.020248 1.4626 0.111
0.020397 1.3741 0.11527
0.020547 1.2933 0.1166
0.020699 1.4421 0.11264
0.020851 1.4243 0.10384
0.021005 1.408 0.11948
0.02116 1.3901 0.11063
0.021316 1.3216 0.098227
0.021473 1.654 0.12417
0.021631 1.4641 0.11101
0.02179 1.4788 0.11004
0.021951 1.4887 0.10227
0.022113 1.7437 0.12369
0.022276 1.544 0.11476
0.02244 1.5649 0.098214
0.022605 1.5563 0.12244
0.022772 1.3496 0.099267
0.02294 1.5966 0.10176
0.023109 1.4736 0.10305
0.023279 1.5383 0.11887
0.02345 1.5371 0.097276
0.023623 1.4726 0.096816
0.023797 1.5519 0.11507
0.023973 1.5016 0.093369
0.024149 1.7096 0.10704
0.024327 1.555 0.10104
0.024507 1.6641 0.10449
0.024687 1.5884 0.094137
0.024869 1.7776 0.11165
0.025052 1.6596 0.096196
0.025237 1.5428 0.10063
0.025423 1.7853 0.10528
0.02561 1.8781 0.10091
0.025799 1.7519 0.098361
0.025989 1.7902 0.11141
0.026181 1.8003 0.094957
0.026373 1.9998 0.10451
0.026568 1.9681 0.10515
0.026764 1.9581 0.09979
0.026961 1.9499 0.10273
0.027159 1.7965 0.10052
0.02736 2.0629 0.096804
0.027561 2.2824 0.11533
0.027764 2.0579 0.095238
0.027969 2.2467 0.10776
0.028175 2.072 0.099714
0.028383 2.0606 0.10068
0.028592 2.3645 0.1056
0.028802 2.0446 0.097139
0.029015 2.4559 0.10171
0.029228 2.357 0.10713
0.029444 2.3316 0.098423
0.029661 2.4243 0.1014
0.029879 2.3053 0.10344
0.0301 2.7602 0.10378
0.030321 2.6075 0.11262
0.030545 2.4539 0.09484
0.03077 2.5225 0.10199
0.030997 2.6636 0.10702
0.031225 2.68 0.096697
0.031455 2.8725 0.11069
0.031687 3.0223 0.10294
0.03192 2.8289 0.10574
0.032156 2.8055 0.10195
0.032393 2.8498 0.099677
0.032631 2.8303 0.10304
0.032872 3.1877 0.10417
0.033114 2.9769 0.10249
0.033358 3.0536 0.10347
0.033604 3.2126 0.10311
0.033851 3.1276 0.099543
0.034101 3.4685 0.11472
0.034352 3.0129 0.092878
0.034605 3.5839 0.11072
0.03486 3.2695 0.10041
0.035117 3.7359 0.10618
0.035376 3.3771 0.10152
0.035637 3.8659 0.10998
0.035899 3.316 0.097631
0.036164 3.6481 0.10187
0.03643 3.3494 0.10218
0.036699 3.7401 0.098292
0.036969 3.5271 0.10067
0.037241 3.7443 0.10198
0.037516 3.5993 0.10071
0.037792 3.7341 0.097807
0.038071 3.6486 0.097525
0.038351 3.8942 0.10351
0.038634 3.8389 0.09588
0.038919 4.0486 0.10158
0.039205 3.6715 0.095153
0.039494 4.0296 0.10245
0.039785 3.6425 0.089517
0.040079 3.8695 0.097258
0.040374 3.7902 0.092509
0.040671 3.8627 0.097771
0.040971 3.9843 0.093581
0.041273 3.7093 0.091004
0.041577 3.9466 0.092461
0.041883 3.9321 0.093328
0.042192 3.7856 0.092105
0.042503 3.7516 0.086741
0.042816 3.8955 0.090077
0.043132 3.7054 0.085777
0.04345 3.5915 0.086515
0.04377 3.7372 0.087007
0.044092 3.667 0.084776
0.044417 3.6126 0.083863
0.044744 3.3872 0.078432
0.045074 3.4443 0.08084
0.045406 3.5225 0.080976
0.045741 3.2657 0.077385
0.046078 3.3592 0.078236
0.046417 3.2318 0.075597
0.04676 3.0487 0.07432
0.047104 3.1338 0.072731
0.047451 3.0356 0.070586
0.047801 2.9094 0.069707
0.048153 2.8059 0.068274
0.048508 2.6375 0.064426
0.048865 2.6089 0.064775
0.049225 2.6167 0.064698
0.049588 2.333 0.059771
0.049954 2.319 0.059675
0.050322 2.4104 0.061699
0.050693 2.3582 0.058313
0.051066 2.0077 0.054588
0.051442 2.1141 0.055312
0.051821 1.907 0.052122
0.052203 1.8612 0.051382
0.052588 1.8724 0.050754
0.052975 1.7417 0.049096
0.053366 1.6551 0.04723
0.053759 1.5815 0.045923
0.054155 1.5305 0.044932
0.054554 1.4615 0.042633
0.054956 1.3508 0.041584
0.055361 1.2843 0.040015
0.055769 1.3038 0.040731
0.05618 1.264 0.03918
0.056594 1.2875 0.039294
0.057011 1.2917 0.039011
0.057431 1.3164 0.039687
0.057854 1.3604 0.03944
0.058281 1.304 0.038851
0.05871 1.2838 0.037696
0.059143 1.2321 0.036904
0.059579 1.0621 0.034133
0.060018 1.0165 0.032896
0.06046 0.81622 0.029501
0.060905 0.78523 0.028688
0.061354 0.74842 0.028095
0.061806 0.72781 0.027327
0.062262 0.72709 0.02715
0.062721 0.65553 0.025433
0.063183 0.55884 0.023793
0.063648 0.62595 0.024683
0.064117 0.63944 0.024439
0.06459 0.58171 0.023418
0.065066 0.57658 0.023168
0.065545 0.60096 0.023661
0.066028 0.51293 0.021827
0.066515 0.52272 0.021385
0.067005 0.51125 0.021353
0.067499 0.49106 0.021041
0.067996 0.47235 0.020114
0.068497 0.50457 0.020453
0.069002 0.4828 0.02035
0.06951 0.44304 0.019062
0.070023 0.48732 0.01979
0.070539 0.47247 0.01965
0.071058 0.41082 0.017942
0.071582 0.47543 0.019093
0.072109 0.44882 0.018723
0.072641 0.45247 0.018485
0.073176 0.44556 0.018274
0.073715 0.42364 0.017707
0.074258 0.43781 0.01768
0.074806 0.4287 0.017645
0.075357 0.38405 0.01655
0.075912 0.41185 0.016992
0.076472 0.39447 0.016303
0.077035 0.41227 0.016837
0.077603 0.44134 0.017161
0.078175 0.36822 0.015583
0.078751 0.36905 0.015542
0.079331 0.40171 0.016064
0.079916 0.40198 0.015974
0.080504 0.40179 0.015937
0.081098 0.45242 0.016348
0.081695 0.48283 0.017291
0.082297 0.53493 0.01743
0.082904 0.51306 0.017334
0.083515 0.47709 0.01631
0.08413 0.39709 0.015096
0.08475 0.35093 0.014203
0.085374 0.34808 0.013912
0.086004 0.32092 0.013471
0.086637 0.30598 0.012793
0.087276 0.31283 0.012828
0.087919 0.29298 0.012592
0.088567 0.29608 0.012488
0.089219 0.29285 0.012356
0.089877 0.26521 0.011637
0.090539 0.27373 0.011719
0.091206 0.26802 0.011504
0.091878 0.25865 0.01135
0.092555 0.27019 0.011495
0.093237 0.25435 0.010951
0.093924 0.24945 0.0108
0.094616 0.25263 0.010933
0.095314 0.24 0.010478
0.096016 0.25341 0.010679
0.096724 0.24144 0.010497
0.097436 0.23968 0.010359
0.098154 0.24218 0.010122
0.098878 0.28449 0.010986
0.099606 0.35151 0.012084
0.10034 0.40902 0.012645
0.10108 0.43721 0.013146
0.10182 0.41616 0.012702
0.10257 0.33852 0.011374
0.10333 0.26733 0.010274
0.10409 0.23402 0.0094312
0.10486 0.2103 0.0090583
0.10563 0.19718 0.0086732
0.10641 0.15811 0.0078388
0.10719 0.16313 0.0079407
0.10798 0.18776 0.0082368
0.10878 0.16403 0.0078781
0.10958 0.16356 0.0076502
0.11039 0.15622 0.0075789
0.1112 0.15336 0.0073377
0.11202 0.14669 0.0073
0.11285 0.16437 0.0074354
0.11368 0.13524 0.0069033
0.11452 0.1323 0.0066606
0.11536 0.15745 0.0072678
0.11621 0.14863 0.0069743
0.11707 0.13498 0.0066542
0.11793 0.13335 0.0065828
0.1188 0.12104 0.0062405
0.11967 0.14305 0.0067328
0.12056 0.13284 0.0063816
0.12144 0.1328 0.0063493
0.12234 0.13808 0.0065004
0.12324 0.13206 0.0062136
0.12415 0.13147 0.0062015
0.12506 0.1307 0.0062207
0.12598 0.13532 0.0061342
0.12691 0.12924 0.0060303
0.12785 0.13444 0.0060942
0.12879 0.12575 0.0059053
0.12974 0.13477 0.0059772
0.1307 0.13525 0.0059553
0.13166 0.13356 0.0059121
0.13263 0.13651 0.0059165
0.13361 0.12178 0.005569
0.13459 0.11678 0.0054482
0.13558 0.11648 0.0053782
0.13658 0.11624 0.0054054
0.13759 0.10461 0.005078
0.1386 0.11803 0.0053133
0.13962 0.11152 0.0051644
0.14065 0.11631 0.0051861
0.14169 0.11835 0.0052017
0.14273 0.12305 0.0052607
0.14378 0.10879 0.0049402
0.14484 0.1115 0.0049707
0.14591 0.11243 0.0049446
0.14699 0.10137 0.0047309
0.14807 0.10963 0.0048282
0.14916 0.093921 0.0045029
0.15026 0.11069 0.0047601
0.15137 0.11019 0.0047382
0.15248 0.11295 0.0047282
0.15361 0.11351 0.0047195
0.15474 0.11512 0.0047062
0.15588 0.11398 0.0046624
0.15703 0.10757 0.0045084
0.15818 0.1013 0.0043718
0.15935 0.10182 0.004354
0.16052 0.10231 0.0043128
0.16171 0.098268 0.0042289
0.1629 0.09784 0.0041926
0.1641 0.091392 0.0040488
0.16531 0.099271 0.0041612
0.16653 0.10373 0.0041875
0.16775 0.097827 0.0040677
0.16899 0.096676 0.0040185
0.17023 0.089122 0.0038727
0.17149 0.08575 0.0037803
0.17275 0.095745 0.0039063
0.17403 0.087634 0.0037597
0.17531 0.099661 0.0039324
0.1766 0.095666 0.0038167
0.1779 0.087982 0.0036846
0.17921 0.085662 0.0036046
0.18053 0.086377 0.0036086
0.18186 0.07248 0.0033388
0.1832 0.078411 0.0034205
0.18455 0.079428 0.0034148
0.18591 0.077806 0.0033615
0.18728 0.073451 0.0032559
0.18866 0.070668 0.003205
0.19005 0.078541 0.0032804
0.19145 0.065487 0.0030746
0.19286 0.073392 0.0031651
0.19429 0.074509 0.0031637
0.19572 0.068359 0.0030548
