#
0.0050184 9.8199 1.2322
0.0050554 19.603 1.9444
0.0050926 45.785 2.9701
0.0051301 12.291 1.3776
0.0051679 13.184 1.3026
0.005206 29.621 3.3788
0.0052444 53.099 6.3969
0.005283 NaN NaN
0.005322 17.43 2.1168
0.0053612 14.012 1.6449
0.0054007 19.222 1.5719
0.0054405 18.065 1.1805
0.0054806 13.569 1.3214
0.005521 80.567 3.2164
0.0055616 13.051 1.42
0.0056026 32.775 2.2478
0.0056439 16.271 1.4464
0.0056855 12.287 1.7785
0.0057274 29.221 3.3568
0.0057696 24.614 2.1782
0.0058121 10.551 1.4278
0.0058549 12.633 1.041
0.0058981 11.517 1.722
0.0059416 17.486 1.8366
0.0059853 17.236 1.3785
0.0060294 6.1248 1.5402
0.0060739 35.806 1.4571
0.0061186 16.332 1.775
0.0061637 28.176 1.6477
0.0062091 6.8945 0.7701
0.0062549 16.288 1.5857
0.006301 12.669 2.2119
0.0063474 9.3038 0.94807
0.0063942 10.756 1.4407
0.0064413 12.668 2.2119
0.0064888 14.213 2.3422
0.0065366 11.518 0.82722
0.0065847 17.29 1.0545
0.0066333 21.804 1.2366
0.0066821 19.221 1.4553
0.0067314 9.8237 1.2322
0.006781 12.909 1.4116
0.006831 9.0127 1.3199
0.0068813 12.859 1.1143
0.006932 10.306 1.0666
0.0069831 6.3926 1.2835
0.0070345 10.199 1.0609
0.0070864 7.0405 0.58356
0.0071386 17.613 1.1114
0.0071912 49.26 3.5569
0.0072442 13.637 1.1471
0.0072976 11.091 0.97561
0.0073513 9.6566 0.78859
0.0074055 4.4834 0.65995
0.0074601 7.0487 1.0446
0.0075151 5.7384 1.4913
0.0075704 5.7907 0.7056
0.0076262 5.9044 0.57165
0.0076824 16.347 1.0709
0.007739 16.226 1.1795
0.0077961 8.1671 0.60945
0.0078535 4.6887 0.72142
0.0079114 6.6144 0.79962
0.0079697 6.3855 1.2835
0.0080284 4.2785 0.815
0.0080876 7.7899 0.6806
0.0081471 7.1242 0.56941
0.0082072 4.8655 0.58574
0.0082677 14.489 0.89376
0.0083286 6.5472 0.67876
0.00839 8.1784 1.0268
0.0084518 7.155 0.78423
0.0085141 3.8167 0.4776
0.0085768 4.8056 0.51602
0.00864 4.4389 0.82943
0.0087037 4.6538 0.57305
0.0087678 7.0784 0.56761
0.0088324 10.283 0.66418
0.0088975 5.0549 0.62563
0.0089631 5.6347 0.55826
0.0090291 3.5859 0.52796
0.0090956 4.3793 0.55568
0.0091627 5.7451 1.4913
0.0092302 5.1509 0.45857
0.0092982 5.7116 0.4293
0.0093667 10.075 0.69749
0.0094357 3.8132 0.86101
0.0095053 5.1492 0.45857
0.0095753 5.0147 0.65725
0.0096459 3.9727 0.45343
0.0097169 2.5333 0.40589
0.0097885 4.3652 0.40172
0.0098607 8.2921 0.63307
0.0099333 6.3858 0.74103
0.010007 4.773 0.38474
0.01008 2.9475 0.37899
0.010155 3.5846 0.52796
0.010229 2.1473 0.37421
0.010305 3.0916 0.38805
0.010381 4.4056 0.44845
0.010457 5.8527 0.41783
0.010534 3.1841 0.33576
0.010612 3.0435 0.54455
0.01069 3.1885 0.39398
0.010769 3.7114 0.43866
0.010848 3.7438 0.37218
0.010928 2.7527 0.3197
0.011009 5.5129 0.41328
0.01109 2.9859 0.42306
0.011171 3.7069 0.37037
0.011254 2.061 0.29949
0.011337 3.2698 0.42609
0.01142 2.9453 0.32273
0.011504 3.7884 0.31867
0.011589 3.8159 0.35907
0.011675 2.5591 0.32426
0.011761 2.3576 0.32017
0.011847 2.6245 0.43158
0.011935 2.9064 0.28451
0.012023 2.5373 0.24894
0.012111 4.2017 0.40385
0.0122 2.2747 0.29108
0.01229 3.0486 0.32838
0.012381 2.6944 0.29584
0.012472 2.3443 0.28866
0.012564 2.9551 0.29768
0.012657 3.53 0.31889
0.01275 2.3038 0.24912
0.012844 2.3627 0.32017
0.012938 2.4218 0.26985
0.013034 2.5776 0.29572
0.01313 2.5924 0.21436
0.013227 2.8472 0.28665
0.013324 2.0484 0.30725
0.013422 2.0264 0.2382
0.013521 2.2753 0.29827
0.013621 2.5639 0.2237
0.013721 2.8741 0.26871
0.013822 2.1823 0.26139
0.013924 2.1491 0.21605
0.014027 1.4087 0.26364
0.01413 2.3625 0.22639
0.014234 2.7845 0.23894
0.014339 2.212 0.21631
0.014445 1.9337 0.23693
0.014551 1.9135 0.29706
0.014658 1.9468 0.17642
0.014766 2.2354 0.22025
0.014875 1.9764 0.22359
0.014985 2.1506 0.23305
0.015095 2.0189 0.2096
0.015206 1.9153 0.21006
0.015319 2.3722 0.21251
0.015431 1.9651 0.18512
0.015545 1.9371 0.21127
0.01566 1.5307 0.21154
0.015775 1.8449 0.18784
0.015891 2.034 0.17675
0.016008 1.8444 0.21255
0.016126 1.951 0.20063
0.016245 1.8231 0.20511
0.016365 1.679 0.15785
0.016486 2.1243 0.20143
0.016607 1.5648 0.15547
0.016729 1.8144 0.21783
0.016853 1.386 0.15436
0.016977 2.1716 0.18246
0.017102 1.7922 0.17479
0.017228 1.7395 0.20345
0.017355 1.8636 0.15878
0.017483 1.682 0.16597
0.017612 1.765 0.17537
0.017741 1.9312 0.17572
0.017872 1.6379 0.16549
0.018004 1.7687 0.16855
0.018136 2.0107 0.1569
0.01827 1.697 0.17415
0.018405 1.6666 0.18575
0.01854 1.8689 0.14079
0.018677 1.8936 0.17576
0.018815 1.6973 0.1602
0.018953 2.1887 0.17813
0.019093 1.8528 0.15562
0.019234 1.8303 0.14982
0.019375 1.9668 0.17208
0.019518 1.7934 0.16611
0.019662 1.7112 0.13389
0.019807 1.9744 0.16199
0.019953 1.6104 0.15766
0.0201 1.6415 0.13778
0.020248 1.9392 0.14634
0.020397 2.0002 0.15907
0.020547 1.7766 0.1564
0.020699 1.5622 0.13449
0.020851 1.9745 0.13992
0.021005 1.8328 0.15609
0.02116 1.9923 0.15153
0.021316 2.1084 0.14182
0.021473 1.5426 0.13773
0.021631 2.0062 0.14873
0.02179 1.8016 0.13916
0.021951 1.9155 0.13285
0.022113 1.901 0.1481
0.022276 1.9692 0.14843
0.02244 1.9405 0.12529
0.022605 2.0527 0.161
0.022772 1.8257 0.13216
0.02294 2.2354 0.13781
0.023109 1.867 0.13285
0.023279 1.8865 0.15081
0.02345 1.9993 0.12704
0.023623 2.1109 0.13262
0.023797 2.1116 0.15364
0.023973 2.3724 0.13417
0.024149 2.2413 0.14033
0.024327 2.3009 0.1406
0.024507 2.0885 0.13408
0.024687 2.4927 0.13485
0.024869 2.3938 0.14833
0.025052 2.2477 0.12815
0.025237 2.065 0.13328
0.025423 2.3164 0.13732
0.02561 2.2732 0.12719
0.025799 2.5036 0.13455
0.025989 2.526 0.15145
0.026181 2.4767 0.12748
0.026373 2.7984 0.14149
0.026568 2.4203 0.13358
0.026764 2.8501 0.13776
0.026961 2.7174 0.1388
0.027159 2.9801 0.14801
0.02736 2.8867 0.13107
0.027561 3.1357 0.15474
0.027764 2.892 0.12921
0.027969 2.979 0.14207
0.028175 2.8531 0.13393
0.028383 2.9179 0.13711
0.028592 3.0754 0.1379
0.028802 3.1999 0.13899
0.029015 3.176 0.13245
0.029228 3.4814 0.14899
0.029444 3.0352 0.12858
0.029661 3.7339 0.14398
0.029879 3.5698 0.14726
0.0301 3.7554 0.13858
0.030321 3.8414 0.15643
0.030545 3.5498 0.13054
0.03077 3.7616 0.14251
0.030997 3.771 0.14575
0.031225 3.8397 0.13247
0.031455 3.982 0.14919
0.031687 3.7754 0.13177
0.03192 3.7857 0.14005
0.032156 3.7165 0.13435
0.032393 4.248 0.13927
0.032631 4.0811 0.14161
0.032872 4.0066 0.13374
0.033114 4.3658 0.14204
0.033358 4.1993 0.1389
0.033604 4.0741 0.13297
0.033851 4.2115 0.13225
0.034101 4.5324 0.15015
0.034352 4.1137 0.12424
0.034605 4.7386 0.14576
0.03486 4.4629 0.13431
0.035117 4.7996 0.13781
0.035376 4.3004 0.13119
0.035637 4.9134 0.14199
0.035899 4.4894 0.13005
0.036164 4.7382 0.13294
0.03643 4.6668 0.13806
0.036699 4.8259 0.12785
0.036969 4.8409 0.13501
0.037241 4.7895 0.13207
0.037516 4.6747 0.13142
0.037792 5.0455 0.13016
0.038071 4.6952 0.12668
0.038351 4.8976 0.13293
0.038634 4.64 0.12073
0.038919 5.1584 0.13129
0.039205 4.6561 0.12271
0.039494 5.2082 0.13337
0.039785 4.575 0.11489
0.040079 4.7356 0.12322
0.040374 4.7838 0.11901
0.040671 4.8675 0.12568
0.040971 4.7453 0.11697
0.041273 4.517 0.11502
0.041577 4.8412 0.11728
0.041883 4.6473 0.11622
0.042192 4.8667 0.11958
0.042503 4.4119 0.10775
0.042816 4.844 0.11503
0.043132 4.8293 0.11213
0.04345 4.459 0.1104
0.04377 4.5592 0.11006
0.044092 4.374 0.10605
0.044417 4.3713 0.10566
0.044744 4.1217 0.099093
0.045074 4.313 0.1036
0.045406 4.153 0.10072
0.045741 3.764 0.095178
0.046078 4.295 0.1013
0.046417 3.8438 0.094438
0.04676 3.8202 0.095275
0.047104 3.7705 0.09138
0.047451 3.7023 0.089284
0.047801 3.4128 0.086491
0.048153 3.4542 0.086761
0.048508 3.2698 0.082159
0.048865 3.3014 0.083446
0.049225 3.2976 0.083178
0.049588 3.0169 0.077831
0.049954 3.1477 0.07959
0.050322 2.9265 0.077875
0.050693 2.8392 0.073298
0.051066 2.536 0.070265
0.051442 2.7753 0.072563
0.051821 2.5516 0.069025
0.052203 2.3538 0.066178
0.052588 2.5704 0.068068
0.052975 2.2923 0.06449
0.053366 2.3333 0.064173
0.053759 2.2642 0.062871
0.054155 2.1103 0.060385
0.054554 2.2059 0.059901
0.054956 1.9915 0.057751
0.055361 2.0761 0.058142
0.055769 2.0854 0.058879
0.05618 1.9159 0.055154
0.056594 1.842 0.053769
0.057011 1.7812 0.052427
0.057431 1.7888 0.052953
0.057854 1.7202 0.050799
0.058281 1.6694 0.050345
0.05871 1.6816 0.0494
0.059143 1.7558 0.050399
0.059579 1.6535 0.048669
0.060018 1.6185 0.047423
0.06046 1.6035 0.047096
0.060905 1.5976 0.046587
0.061354 1.586 0.04652
0.061806 1.4846 0.0444
0.062262 1.5005 0.044367
0.062721 1.5453 0.044316
0.063183 1.4675 0.043637
0.063648 1.553 0.044093
0.064117 1.5111 0.042636
0.06459 1.3733 0.040807
0.065066 1.4504 0.041632
0.065545 1.4004 0.040968
0.066028 1.4649 0.041675
0.066515 1.4295 0.039976
0.067005 1.4229 0.040253
0.067499 1.3794 0.039823
0.067996 1.4599 0.039874
0.068497 1.339 0.037664
0.069002 1.3628 0.038608
0.06951 1.4396 0.03868
0.070023 1.3753 0.037537
0.070539 1.3726 0.037792
0.071058 1.3796 0.036963
0.071582 1.3546 0.036386
0.072109 1.2959 0.035879
0.072641 1.3402 0.03587
0.073176 1.3964 0.036441
0.073715 1.2893 0.03478
0.074258 1.3259 0.034664
0.074806 1.3218 0.034879
0.075357 1.3107 0.034316
0.075912 1.2681 0.033545
0.076472 1.2744 0.032937
0.077035 1.3025 0.033662
0.077603 1.2335 0.032357
0.078175 1.2121 0.031715
0.078751 1.2319 0.031849
0.079331 1.2719 0.032132
0.079916 1.2303 0.031436
0.080504 1.2303 0.031379
0.081098 1.2252 0.03037
0.081695 1.1326 0.029974
0.082297 1.137 0.028832
0.082904 1.1793 0.029779
0.083515 1.1618 0.028791
0.08413 1.1443 0.028848
0.08475 1.1052 0.028267
0.085374 1.1185 0.027954
0.086004 1.0691 0.027517
0.086637 1.0923 0.026977
0.087276 1.0909 0.026772
0.087919 1.0674 0.026789
0.088567 1.0249 0.025927
0.089219 1.0239 0.025775
0.089877 0.9957 0.025063
0.090539 1.0232 0.025201
0.091206 0.97359 0.024402
0.091878 1.0075 0.024878
0.092555 0.92551 0.023689
0.093237 0.9553 0.023567
0.093924 0.96558 0.023559
0.094616 0.94033 0.023417
0.095314 0.93372 0.022891
0.096016 0.92164 0.022611
0.096724 0.92416 0.02275
0.097436 0.90169 0.022262
0.098154 0.88179 0.021422
0.098878 0.82186 0.020891
0.099606 0.83736 0.021018
0.10034 0.83336 0.020449
0.10108 0.83698 0.020643
0.10182 0.78961 0.019851
0.10257 0.82782 0.020027
0.10333 0.81562 0.020021
0.10409 0.82249 0.019599
0.10486 0.7802 0.019254
0.10563 0.77758 0.018947
0.10641 0.8282 0.019439
0.10719 0.79323 0.019034
0.10798 0.74718 0.018035
0.10878 0.76986 0.018562
0.10958 0.74946 0.017817
0.11039 0.79181 0.01849
0.1112 0.70177 0.017023
0.11202 0.73888 0.017702
0.11285 0.72007 0.016959
0.11368 0.71178 0.017024
0.11452 0.70208 0.01647
0.11536 0.68461 0.016483
0.11621 0.72254 0.016634
0.11707 0.68423 0.016114
0.11793 0.69196 0.016107
0.1188 0.67575 0.015704
0.11967 0.6714 0.015762
0.12056 0.67789 0.01548
0.12144 0.63991 0.014991
0.12234 0.63342 0.015023
0.12324 0.65354 0.01485
0.12415 0.63525 0.014649
0.12506 0.6449 0.014839
0.12598 0.60867 0.014031
0.12691 0.61897 0.014178
0.12785 0.62927 0.014191
0.12879 0.59748 0.013794
0.12974 0.58308 0.013425
0.1307 0.5962 0.013493
0.13166 0.60676 0.013573
0.13263 0.55896 0.012952
0.13361 0.55195 0.012715
0.13459 0.54657 0.012597
0.13558 0.54441 0.012428
0.13658 0.54134 0.012464
0.13759 0.54994 0.012322
0.1386 0.55632 0.012333
0.13962 0.53934 0.012091
0.14065 0.53274 0.011871
0.14169 0.52564 0.011737
0.14273 0.51736 0.011603
0.14378 0.50799 0.011362
0.14484 0.50726 0.011305
0.14591 0.50193 0.011153
0.14699 0.48136 0.01091
0.14807 0.45781 0.010542
0.14916 0.4828 0.010719
0.15026 0.46874 0.010474
0.15137 0.45926 0.010343
0.15248 0.45613 0.010189
0.15361 0.45868 0.010179
0.15474 0.4578 0.010072
0.15588 0.42963 0.0097341
0.15703 0.43116 0.0096533
0.15818 0.43143 0.009593
0.15935 0.41047 0.0093145
0.16052 0.42528 0.009363
0.16171 0.42737 0.0093427
0.1629 0.414 0.0091513
0.1641 0.40659 0.0089977
0.16531 0.40103 0.008896
0.16653 0.39529 0.0087397
0.16775 0.40677 0.0088002
0.16899 0.37913 0.0084561
0.17023 0.38326 0.0084581
0.17149 0.37177 0.0082658
0.17275 0.33917 0.0078475
0.17403 0.36573 0.0080898
0.17531 0.34909 0.0078741
0.1766 0.34958 0.0077733
0.1779 0.33742 0.0076312
0.17921 0.34203 0.0075917
0.18053 0.32241 0.0073717
0.18186 0.32786 0.0073471
0.1832 0.30271 0.0070475
0.18455 0.31073 0.0070827
0.18591 0.29456 0.0068577
0.18728 0.29105 0.0067561
0.18866 0.28621 0.0066966
0.19005 0.27531 0.0064731
0.19145 0.27277 0.0064615
0.19286 0.26695 0.0063155
0.19429 0.24926 0.0060906
0.19572 0.25638 0.0061398
