#
0.0050184 9.5826 3.1056
0.0050554 43.975 7.3653
0.0050926 614.77 27.476
0.0051301 29.267 5.3788
0.0051679 22.688 4.3304
0.005206 419.64 32.104
0.0052444 299.28 38.349
0.005283 NaN NaN
0.005322 24.387 6.339
0.0053612 26.738 5.7577
0.0054007 74.275 7.8067
0.0054405 44.971 4.7097
0.0054806 26.779 4.7012
0.005521 1002.3 28.642
0.0055616 21.347 4.6062
0.0056026 474.12 21.582
0.0056439 36.639 5.4897
0.0056855 14.51 4.9103
0.0057274 534.93 36.249
0.0057696 41.549 7.1578
0.0058121 19.399 4.9102
0.0058549 14.536 2.8349
0.0058981 96.345 12.572
0.0059416 50.117 7.8601
0.0059853 28.527 4.4915
0.0060294 16.956 6.4957
0.0060739 391.47 12.163
0.0061186 35.391 6.6105
0.0061637 248.39 12.352
0.0062091 17.226 3.0863
0.0062549 139.2 11.702
0.006301 21.858 7.3653
0.0063474 14.516 3.0069
0.0063942 25.617 5.6253
0.0064413 144.6 18.858
0.0064888 16.973 6.4956
0.0065366 17.164 2.5618
0.0065847 128.25 7.2507
0.0066333 213.12 9.7592
0.0066821 191.3 11.59
0.0067314 20.409 4.5003
0.006781 135.34 11.536
0.006831 16.956 4.5931
0.0068813 28.595 4.2078
0.006932 43.963 5.5676
0.0069831 12.935 4.6294
0.0070345 16.629 3.4365
0.0070864 9.5986 1.7361
0.0071386 118.1 7.2665
0.0071912 633.24 32.198
0.0072442 152.62 9.6851
0.0072976 13.976 2.782
0.0073513 53.387 4.6833
0.0074055 8.3318 2.2966
0.0074601 42.978 6.5141
0.0075151 9.5826 4.9104
0.0075704 11.825 2.559
0.0076262 18.006 2.5292
0.0076824 85.036 6.1691
0.007739 176.02 9.8052
0.0077961 56.695 4.054
0.0078535 70.58 7.0495
0.0079114 15.782 3.1297
0.0079697 40.714 8.1837
0.0080284 8.621 2.9462
0.0080876 14.542 2.3588
0.0081471 11.919 1.8719
0.0082072 10.043 2.1408
0.0082677 116.94 6.4098
0.0083286 71.652 5.6639
0.00839 70.15 7.5892
0.0084518 11.25 2.5002
0.0085141 14.137 2.3284
0.0085768 12.052 2.075
0.00864 6.6977 2.5983
0.0087037 12.71 2.4039
0.0087678 37.622 3.3059
0.0088324 84.386 4.8029
0.0088975 7.6797 1.9641
0.0089631 25.055 2.976
0.0090291 14.517 2.6895
0.0090956 4.7111 1.4806
0.0091627 14.535 6.0138
0.0092302 9.0667 1.5506
0.0092982 24.346 2.2412
0.0093667 82.04 5.0239
0.0094357 5.9001 2.745
0.0095053 19.393 2.253
0.0095753 19.971 3.3187
0.0096459 5.6896 1.3889
0.0097169 8.787 1.9193
0.0097885 5.8537 1.1923
0.0098607 62.077 4.3725
0.0099333 57.083 5.5905
0.010007 13.738 1.655
0.01008 9.28 1.7087
0.010155 6.6519 1.8373
0.010229 6.7354 1.6872
0.010305 6.8228 1.4719
0.010381 7.8717 1.5284
0.010457 40.717 2.782
0.010534 11.598 1.6249
0.010612 11.426 2.6755
0.01069 4.372 1.1887
0.010769 6.3149 1.464
0.010848 6.8019 1.2807
0.010928 7.0293 1.3019
0.011009 37.311 2.7144
0.01109 16.772 2.5338
0.011171 9.6062 1.5154
0.011254 4.6848 1.1574
0.011337 5.7671 1.4462
0.01142 5.834 1.1598
0.011504 18.06 1.7596
0.011589 23.263 2.2391
0.011675 4.4293 1.0965
0.011761 7.3938 1.4435
0.011847 10.038 2.1408
0.011935 4.6774 0.92801
0.012023 6.8176 1.0408
0.012111 24.335 2.4551
0.0122 12.165 1.7023
0.01229 4.4841 1.0229
0.012381 5.5178 1.0827
0.012472 4.2339 0.99823
0.012564 8.266 1.2669
0.012657 16.688 1.7538
0.01275 11.303 1.3963
0.012844 3.6078 1.0208
0.012938 4.4883 0.94435
0.013034 4.6932 1.0239
0.01313 9.1638 1.0228
0.013227 11.607 1.4662
0.013324 4.1069 1.1188
0.013422 2.2229 0.65626
0.013521 3.2139 0.91872
0.013621 3.8264 0.70524
0.013721 15.316 1.5681
0.013822 7.0403 1.1948
0.013924 4.4281 0.79537
0.014027 3.7646 1.1066
0.01413 4.2884 0.78359
0.014234 8.063 1.0338
0.014339 8.2649 1.0617
0.014445 4.1458 0.891
0.014551 2.091 0.81709
0.014658 4.5966 0.69432
0.014766 6.7515 0.9741
0.014875 8.8001 1.1959
0.014985 5.1587 0.92366
0.015095 2.9159 0.65421
0.015206 2.5358 0.62959
0.015319 5.065 0.79446
0.015431 5.2185 0.77163
0.015545 5.1303 0.87852
0.01566 2.3034 0.68057
0.015775 2.901 0.61074
0.015891 6.1327 0.78222
0.016008 7.4632 1.0851
0.016126 2.1021 0.54831
0.016245 2.5258 0.62959
0.016365 2.8306 0.53228
0.016486 7.5564 0.9656
0.016607 3.2374 0.57774
0.016729 3.0573 0.73206
0.016853 2.4328 0.5338
0.016977 5.0847 0.71408
0.017102 4.1684 0.68356
0.017228 3.7999 0.77324
0.017355 3.3318 0.54872
0.017483 3.3594 0.60526
0.017612 6.2346 0.83819
0.017741 3.0942 0.57572
0.017872 2.5032 0.53279
0.018004 3.561 0.6178
0.018136 5.8386 0.68197
0.01827 3.7895 0.66965
0.018405 2.873 0.63312
0.01854 2.8255 0.4501
0.018677 4.4011 0.68628
0.018815 4.1178 0.6405
0.018953 2.5891 0.50635
0.019093 3.8755 0.57874
0.019234 5.1489 0.64196
0.019375 2.3423 0.49073
0.019518 3.9247 0.63141
0.019662 3.0542 0.463
0.019807 5.0986 0.66585
0.019953 3.7208 0.61656
0.0201 3.5343 0.52077
0.020248 3.6501 0.51759
0.020397 5.2295 0.65792
0.020547 3.0576 0.5311
0.020699 3.7504 0.53558
0.020851 4.4472 0.53833
0.021005 3.1138 0.52642
0.02116 3.3156 0.50553
0.021316 3.7421 0.48653
0.021473 5.2325 0.64653
0.021631 3.8703 0.53127
0.02179 3.7517 0.51672
0.021951 4.068 0.49699
0.022113 4.3221 0.57321
0.022276 3.2962 0.49607
0.02244 5.1337 0.52123
0.022605 3.5052 0.54302
0.022772 3.1375 0.44817
0.02294 3.4719 0.4434
0.023109 4.9822 0.55502
0.023279 3.8694 0.55518
0.02345 3.9897 0.46123
0.023623 4.2653 0.48448
0.023797 4.555 0.5785
0.023973 3.7804 0.43698
0.024149 5.0765 0.54062
0.024327 4.4184 0.50045
0.024507 4.359 0.49753
0.024687 5.2925 0.50275
0.024869 4.1714 0.50367
0.025052 4.4187 0.46124
0.025237 4.5866 0.5091
0.025423 5 0.51663
0.02561 5.3871 0.50112
0.025799 4.7782 0.4769
0.025989 5.5999 0.5767
0.026181 4.2377 0.42887
0.026373 4.1925 0.44601
0.026568 5.3333 0.5075
0.026764 4.9941 0.46739
0.026961 5.7194 0.51485
0.027159 4.5013 0.4679
0.02736 5.9235 0.48006
0.027561 6.0319 0.54893
0.027764 6.545 0.4961
0.027969 5.3301 0.48689
0.028175 5.9151 0.49305
0.028383 6.3486 0.51656
0.028592 6.1245 0.49759
0.028802 6.9277 0.52196
0.029015 6.8423 0.49622
0.029228 6.138 0.50597
0.029444 6.819 0.49169
0.029661 7.1469 0.50831
0.029879 6.4948 0.50753
0.0301 7.9533 0.51388
0.030321 7.467 0.5563
0.030545 7.3869 0.48026
0.03077 7.343 0.50812
0.030997 7.5688 0.52662
0.031225 7.1798 0.46219
0.031455 7.6193 0.5264
0.031687 8.2943 0.49739
0.03192 7.7039 0.5093
0.032156 7.6452 0.49108
0.032393 7.8475 0.48251
0.032631 7.6529 0.49438
0.032872 8.6128 0.49932
0.033114 8.1061 0.49348
0.033358 7.9752 0.48797
0.033604 8.2544 0.48226
0.033851 8.4441 0.47706
0.034101 8.3436 0.51918
0.034352 8.5079 0.4551
0.034605 9.2368 0.518
0.03486 8.4548 0.47093
0.035117 9.2812 0.48778
0.035376 7.7768 0.44999
0.035637 8.8273 0.48472
0.035899 8.2904 0.45043
0.036164 8.467 0.45292
0.03643 8.1742 0.46596
0.036699 8.5971 0.43476
0.036969 9.9358 0.49204
0.037241 8.9813 0.46054
0.037516 8.7836 0.45886
0.037792 9.4232 0.45298
0.038071 8.3465 0.43052
0.038351 8.7288 0.45224
0.038634 8.2119 0.40941
0.038919 9.2252 0.44704
0.039205 9.9625 0.45664
0.039494 9.0866 0.44862
0.039785 8.7419 0.40454
0.040079 8.6839 0.4252
0.040374 8.8527 0.41238
0.040671 8.8644 0.432
0.040971 8.7322 0.40413
0.041273 8.379 0.3992
0.041577 9.0653 0.40864
0.041883 8.8106 0.40758
0.042192 8.41 0.40072
0.042503 8.4202 0.37927
0.042816 8.8038 0.39509
0.043132 8.528 0.37977
0.04345 7.853 0.3737
0.04377 8.3833 0.3802
0.044092 8.1471 0.36905
0.044417 9.0351 0.38672
0.044744 7.2988 0.33653
0.045074 7.9346 0.35826
0.045406 7.8238 0.35252
0.045741 7.6543 0.34607
0.046078 7.5443 0.34261
0.046417 7.4439 0.33528
0.04676 7.6571 0.34381
0.047104 7.3208 0.32485
0.047451 6.9407 0.31202
0.047801 6.6256 0.30781
0.048153 6.0524 0.29378
0.048508 6.4144 0.29392
0.048865 6.0101 0.28794
0.049225 6.2127 0.29185
0.049588 5.6415 0.27238
0.049954 5.5646 0.27101
0.050322 5.1926 0.26579
0.050693 5.6457 0.26443
0.051066 4.9264 0.25102
0.051442 5.7339 0.26668
0.051821 5.0721 0.24926
0.052203 4.9749 0.24642
0.052588 4.6947 0.23604
0.052975 4.9073 0.24175
0.053366 4.3228 0.22451
0.053759 4.7016 0.23232
0.054155 4.4454 0.22484
0.054554 3.8538 0.20398
0.054956 4.3652 0.2194
0.055361 4.2209 0.21299
0.055769 4.3808 0.219
0.05618 4.0334 0.20571
0.056594 3.5912 0.19351
0.057011 3.686 0.19421
0.057431 3.5038 0.19113
0.057854 3.7133 0.19211
0.058281 3.4665 0.18703
0.05871 3.1281 0.17433
0.059143 3.5787 0.18539
0.059579 3.242 0.17602
0.060018 3.4116 0.17744
0.06046 2.947 0.16539
0.060905 3.2468 0.17137
0.061354 3.3107 0.17343
0.061806 3.2475 0.16948
0.062262 3.299 0.16969
0.062721 2.7544 0.15364
0.063183 3.1526 0.16519
0.063648 2.9131 0.1564
0.064117 2.9229 0.15352
0.06459 3.2931 0.16272
0.065066 2.8176 0.15035
0.065545 3.1898 0.15954
0.066028 3.0023 0.15425
0.066515 3.1241 0.15261
0.067005 2.7497 0.14511
0.067499 3.1467 0.15519
0.067996 2.7746 0.1425
0.068497 2.8613 0.14247
0.069002 2.7703 0.14257
0.06951 2.6485 0.13624
0.070023 2.9713 0.14263
0.070539 2.7974 0.13973
0.071058 2.793 0.13617
0.071582 2.7825 0.13501
0.072109 2.8075 0.13663
0.072641 2.8869 0.13613
0.073176 2.8663 0.13511
0.073715 2.469 0.12514
0.074258 2.6963 0.12811
0.074806 2.6685 0.12853
0.075357 2.8865 0.13165
0.075912 2.7818 0.12859
0.076472 2.5941 0.12187
0.077035 2.6193 0.12385
0.077603 2.7783 0.12562
0.078175 2.8722 0.12613
0.078751 2.9419 0.12707
0.079331 2.4006 0.11492
0.079916 2.4284 0.11484
0.080504 2.4893 0.11588
0.081098 2.4508 0.11161
0.081695 2.539 0.11637
0.082297 2.5986 0.11294
0.082904 2.3262 0.10884
0.083515 2.4946 0.1095
0.08413 2.3601 0.10772
0.08475 2.4506 0.10925
0.085374 2.3738 0.10587
0.086004 2.4111 0.10719
0.086637 2.2117 0.10006
0.087276 2.4321 0.10371
0.087919 2.1417 0.099004
0.088567 2.2685 0.10031
0.089219 2.0876 0.096043
0.089877 2.2013 0.096966
0.090539 2.1004 0.094218
0.091206 2.165 0.09467
0.091878 2.2796 0.0972
0.092555 1.964 0.090191
0.093237 2.0724 0.090481
0.093924 1.7382 0.083196
0.094616 2.0076 0.089322
0.095314 1.9302 0.086072
0.096016 2.0126 0.087227
0.096724 1.9011 0.085418
0.097436 1.9697 0.085927
0.098154 1.9254 0.082723
0.098878 1.9845 0.084578
0.099606 1.9367 0.083462
0.10034 1.9028 0.080683
0.10108 1.7731 0.07877
0.10182 1.7215 0.076891
0.10257 1.8474 0.078256
0.10333 1.7504 0.076936
0.10409 1.7246 0.074518
0.10486 1.8537 0.077533
0.10563 1.8655 0.076611
0.10641 1.8361 0.075709
0.10719 1.6514 0.072181
0.10798 1.689 0.071119
0.10878 1.5461 0.069391
0.10958 1.6696 0.069791
0.11039 1.6386 0.069947
0.1112 1.5508 0.066612
0.11202 1.6323 0.069097
0.11285 1.5711 0.065899
0.11368 1.4653 0.0645
0.11452 1.5081 0.063608
0.11536 1.6032 0.066206
0.11621 1.5037 0.063312
0.11707 1.5782 0.064278
0.11793 1.5525 0.063453
0.1188 1.5746 0.062992
0.11967 1.4227 0.060641
0.12056 1.3272 0.057543
0.12144 1.5462 0.061195
0.12234 1.3959 0.058939
0.12324 1.3781 0.057085
0.12415 1.4283 0.057972
0.12506 1.4009 0.05781
0.12598 1.3148 0.054665
0.12691 1.4595 0.057322
0.12785 1.3851 0.055687
0.12879 1.3566 0.054985
0.12974 1.2645 0.052474
0.1307 1.3757 0.054129
0.13166 1.331 0.053251
0.13263 1.3108 0.052463
0.13361 1.2558 0.050852
0.13459 1.264 0.050757
0.13558 1.2089 0.049215
0.13658 1.2181 0.049661
0.13759 1.263 0.049467
0.1386 1.2432 0.048934
0.13962 1.2285 0.048433
0.14065 1.185 0.047086
0.14169 1.1699 0.04663
0.14273 1.1065 0.045336
0.14378 1.1162 0.044942
0.14484 1.1339 0.045063
0.14591 1.1516 0.044968
0.14699 1.0862 0.043772
0.14807 0.98568 0.041578
0.14916 1.0505 0.042348
0.15026 1.1163 0.043007
0.15137 1.0485 0.041776
0.15248 0.97395 0.04003
0.15361 0.99048 0.040154
0.15474 1.0281 0.040426
0.15588 1.0416 0.040434
0.15703 0.94274 0.038418
0.15818 0.95289 0.038335
0.15935 0.90851 0.037365
0.16052 0.97841 0.038078
0.16171 0.88302 0.036386
0.1629 0.92178 0.036775
0.1641 0.92708 0.036563
0.16531 0.87514 0.035533
0.16653 0.96601 0.036575
0.16775 0.89291 0.03522
0.16899 0.83354 0.034006
0.17023 0.89392 0.034801
0.17149 0.82545 0.033398
0.17275 0.77502 0.032242
0.17403 0.80576 0.032623
0.17531 0.81756 0.032627
0.1766 0.74835 0.031084
0.1779 0.72643 0.030653
0.17921 0.74055 0.030527
0.18053 0.73372 0.030353
0.18186 0.72696 0.029906
0.1832 0.72521 0.02972
0.18455 0.66488 0.02856
0.18591 0.63759 0.02789
0.18728 0.64002 0.027642
0.18866 0.68297 0.028291
0.19005 0.62016 0.026841
0.19145 0.59178 0.026441
0.19286 0.60672 0.026349
0.19429 0.57597 0.025694
0.19572 0.6004 0.026001
