#
0.0050184 9.8942 0.75549
0.0050554 14.893 1.036
0.0050926 11.796 0.92214
0.0051301 10.3 0.77071
0.0051679 9.8277 0.68732
0.005206 11.943 1.312
0.0052444 14.099 2.0162
0.005283 NaN NaN
0.005322 10.359 0.99776
0.0053612 13.306 0.9794
0.0054007 12.278 0.76808
0.0054405 11.135 0.56662
0.0054806 11.94 0.7575
0.005521 11.124 0.73119
0.0055616 9.5474 0.7422
0.0056026 8.8019 0.71255
0.0056439 11.51 0.74369
0.0056855 7.7638 0.86409
0.0057274 8.7689 1.1248
0.0057696 16.335 1.0849
0.0058121 9.7788 0.83974
0.0058549 9.5256 0.55246
0.0058981 6.8037 0.80899
0.0059416 11.725 0.91933
0.0059853 9.2856 0.61858
0.0060294 8.0514 1.0777
0.0060739 7.6759 0.41272
0.0061186 11.509 0.91083
0.0061637 10.43 0.61312
0.0062091 6.8991 0.47035
0.0062549 9.2602 0.73094
0.006301 9.059 1.1431
0.0063474 6.18 0.47218
0.0063942 8.4154 0.77888
0.0064413 7.0423 1.0081
0.0064888 5.8921 0.92215
0.0065366 8.407 0.4319
0.0065847 6.683 0.40092
0.0066333 6.7413 0.42059
0.0066821 6.613 0.5221
0.0067314 5.6328 0.57027
0.006781 5.8074 0.57893
0.006831 7.4033 0.7308
0.0068813 8.266 0.54602
0.006932 7.9691 0.57311
0.0069831 7.8635 0.86941
0.0070345 7.3532 0.55051
0.0070864 5.6216 0.31849
0.0071386 5.645 0.38483
0.0071912 3.7348 0.59958
0.0072442 4.6325 0.40892
0.0072976 7.6685 0.49579
0.0073513 6.012 0.38027
0.0074055 5.2052 0.43354
0.0074601 5.4014 0.55851
0.0075151 5.4586 0.88777
0.0075704 4.6301 0.38537
0.0076262 4.8212 0.31539
0.0076824 6.9782 0.42786
0.007739 4.9488 0.39844
0.0077961 4.5117 0.27685
0.0078535 4.5928 0.43546
0.0079114 4.4541 0.40092
0.0079697 3.8284 0.60722
0.0080284 3.386 0.44248
0.0080876 5.7939 0.35863
0.0081471 5.0874 0.29395
0.0082072 3.5218 0.30424
0.0082677 3.938 0.28508
0.0083286 2.9463 0.27835
0.00839 4.595 0.47035
0.0084518 5.8764 0.43412
0.0085141 3.1778 0.26588
0.0085768 4.2662 0.29672
0.00864 3.5612 0.45359
0.0087037 3.2069 0.2904
0.0087678 3.681 0.25016
0.0088324 4.31 0.26294
0.0088975 4.2237 0.34922
0.0089631 3.3419 0.26267
0.0090291 2.4933 0.26866
0.0090956 3.6542 0.30982
0.0091627 1.8607 0.51926
0.0092302 3.3515 0.22587
0.0092982 2.8923 0.1867
0.0093667 2.9043 0.22913
0.0094357 2.2903 0.40734
0.0095053 2.6687 0.20169
0.0095753 3.4437 0.33259
0.0096459 3.2525 0.25037
0.0097169 2.5797 0.24944
0.0097885 2.5653 0.18806
0.0098607 2.6153 0.21752
0.0099333 2.8045 0.30022
0.010007 3.2484 0.19382
0.01008 3.0826 0.23609
0.010155 2.4352 0.26555
0.010229 1.8593 0.21199
0.010305 2.5965 0.21677
0.010381 3.1896 0.23293
0.010457 2.4217 0.16432
0.010534 2.3038 0.17418
0.010612 2.0744 0.2742
0.01069 2.2727 0.20287
0.010769 3.1931 0.24815
0.010848 2.6072 0.18956
0.010928 2.3051 0.17831
0.011009 2.0389 0.15371
0.01109 1.9366 0.20785
0.011171 2.758 0.19494
0.011254 1.747 0.16783
0.011337 2.2105 0.21381
0.01142 1.8871 0.15765
0.011504 2.5095 0.15829
0.011589 1.9782 0.15791
0.011675 2.0032 0.17483
0.011761 1.6499 0.16319
0.011847 2.1076 0.23566
0.011935 2.1054 0.14765
0.012023 2.0201 0.13532
0.012111 1.9028 0.16609
0.0122 1.5091 0.14451
0.01229 2.0698 0.16509
0.012381 1.9198 0.15228
0.012472 1.6885 0.14928
0.012564 1.6592 0.13613
0.012657 1.7577 0.13745
0.01275 1.8648 0.13655
0.012844 1.6838 0.16475
0.012938 1.637 0.13523
0.013034 2.1162 0.16328
0.01313 1.7748 0.10816
0.013227 1.6943 0.13494
0.013324 1.4439 0.15713
0.013422 1.6117 0.12931
0.013521 1.7007 0.15711
0.013621 1.7582 0.11294
0.013721 1.5767 0.1215
0.013822 1.4729 0.13086
0.013924 1.6759 0.11622
0.014027 1.463 0.16302
0.01413 1.7077 0.11732
0.014234 1.5038 0.1072
0.014339 1.5435 0.11009
0.014445 1.278 0.11735
0.014551 1.4103 0.15529
0.014658 1.5099 0.094603
0.014766 1.2041 0.098644
0.014875 1.148 0.10388
0.014985 1.5941 0.12221
0.015095 1.5312 0.11115
0.015206 1.4195 0.11013
0.015319 1.3439 0.097599
0.015431 1.3046 0.09187
0.015545 1.487 0.11271
0.01566 1.3406 0.12022
0.015775 1.519 0.10373
0.015891 1.3763 0.088583
0.016008 1.4549 0.11492
0.016126 1.3588 0.10198
0.016245 1.4951 0.11303
0.016365 1.2801 0.083843
0.016486 1.49 0.10277
0.016607 1.3703 0.088403
0.016729 1.4755 0.11954
0.016853 1.3888 0.093717
0.016977 1.281 0.085467
0.017102 1.2088 0.087441
0.017228 1.3401 0.10867
0.017355 1.3972 0.083692
0.017483 1.1812 0.084652
0.017612 1.2554 0.090069
0.017741 1.5276 0.09515
0.017872 1.3358 0.090901
0.018004 1.4257 0.092011
0.018136 1.3506 0.078342
0.01827 1.3417 0.094186
0.018405 1.4344 0.10476
0.01854 1.3607 0.073133
0.018677 1.3803 0.091402
0.018815 1.3549 0.087056
0.018953 1.2293 0.081422
0.019093 1.2307 0.07726
0.019234 1.2607 0.075713
0.019375 1.2729 0.084372
0.019518 1.2242 0.083581
0.019662 1.3505 0.072362
0.019807 1.4317 0.083994
0.019953 1.2349 0.083962
0.0201 1.4357 0.078336
0.020248 1.2202 0.070735
0.020397 1.5379 0.084906
0.020547 1.3416 0.082728
0.020699 1.2027 0.071761
0.020851 1.3766 0.071169
0.021005 1.3299 0.08096
0.02116 1.4568 0.078907
0.021316 1.2663 0.067019
0.021473 1.3241 0.077564
0.021631 1.3386 0.074033
0.02179 1.3722 0.073925
0.021951 1.4247 0.069779
0.022113 1.4015 0.077415
0.022276 1.5636 0.080531
0.02244 1.3613 0.063897
0.022605 1.3392 0.079253
0.022772 1.7191 0.077996
0.02294 1.3903 0.066269
0.023109 1.7255 0.077679
0.023279 1.45 0.080502
0.02345 1.4129 0.06506
0.023623 1.5709 0.069675
0.023797 1.5881 0.081159
0.023973 1.5921 0.067001
0.024149 1.4823 0.069566
0.024327 1.9843 0.079513
0.024507 1.4554 0.068184
0.024687 1.7318 0.068528
0.024869 1.5697 0.073233
0.025052 1.8233 0.070303
0.025237 1.6934 0.073488
0.025423 2.1296 0.080176
0.02561 1.7222 0.067426
0.025799 1.9686 0.0727
0.025989 1.9194 0.080455
0.026181 1.805 0.066335
0.026373 1.8156 0.069517
0.026568 2.1063 0.075894
0.026764 1.8391 0.067513
0.026961 2.145 0.075169
0.027159 1.8537 0.071226
0.02736 2.0911 0.068023
0.027561 1.9663 0.07477
0.027764 2.0333 0.066076
0.027969 1.8907 0.069052
0.028175 2.4609 0.075809
0.028383 2.0293 0.069732
0.028592 2.4282 0.074711
0.028802 2.1704 0.069831
0.029015 2.2298 0.067695
0.029228 2.5157 0.077269
0.029444 2.2733 0.067863
0.029661 2.4459 0.071126
0.029879 2.1948 0.070485
0.0301 2.5265 0.069372
0.030321 2.8534 0.082267
0.030545 2.4603 0.066317
0.03077 2.6431 0.072897
0.030997 2.7547 0.07601
0.031225 2.6951 0.067735
0.031455 2.6105 0.073736
0.031687 2.8029 0.069278
0.03192 2.9177 0.075018
0.032156 2.8159 0.071359
0.032393 3.1155 0.072802
0.032631 2.8354 0.072055
0.032872 3.0795 0.071552
0.033114 3.3784 0.076258
0.033358 2.9359 0.070895
0.033604 3.3439 0.0735
0.033851 3.2758 0.071177
0.034101 3.2481 0.077599
0.034352 3.3713 0.068627
0.034605 3.7171 0.078806
0.03486 3.2805 0.070291
0.035117 3.8292 0.075142
0.035376 3.3695 0.07087
0.035637 3.4746 0.072904
0.035899 3.8088 0.073104
0.036164 3.6432 0.071159
0.03643 3.5223 0.073215
0.036699 3.8919 0.070083
0.036969 3.9417 0.074364
0.037241 3.5982 0.069882
0.037516 3.983 0.074036
0.037792 3.7788 0.068768
0.038071 3.8601 0.070107
0.038351 3.8871 0.07229
0.038634 4.019 0.068572
0.038919 4.1147 0.071588
0.039205 4.0904 0.070184
0.039494 3.915 0.0706
0.039785 4.2116 0.067262
0.040079 4.4079 0.072545
0.040374 4.0564 0.06689
0.040671 4.0672 0.070127
0.040971 4.0494 0.065954
0.041273 4.2865 0.068365
0.041577 3.9475 0.064644
0.041883 3.9489 0.06538
0.042192 4.0932 0.066938
0.042503 3.9606 0.062292
0.042816 4.1691 0.065132
0.043132 3.8112 0.060803
0.04345 3.8172 0.062332
0.04377 3.6794 0.060351
0.044092 3.7269 0.059732
0.044417 3.8505 0.060508
0.044744 3.6271 0.056714
0.045074 3.7377 0.058848
0.045406 3.4883 0.05632
0.045741 3.4707 0.055742
0.046078 3.4688 0.055555
0.046417 3.3614 0.053869
0.04676 3.3115 0.054115
0.047104 3.1026 0.050569
0.047451 2.976 0.048836
0.047801 3.0902 0.050183
0.048153 2.964 0.049013
0.048508 2.8552 0.046814
0.048865 2.7541 0.046478
0.049225 2.6466 0.045445
0.049588 2.4961 0.043162
0.049954 2.4979 0.043235
0.050322 2.3067 0.042156
0.050693 2.2017 0.039352
0.051066 2.2863 0.040642
0.051442 2.0789 0.038291
0.051821 2.0109 0.037346
0.052203 1.9223 0.036433
0.052588 1.8017 0.034746
0.052975 1.7344 0.034176
0.053366 1.616 0.03255
0.053759 1.5697 0.031903
0.054155 1.5289 0.031313
0.054554 1.4881 0.029985
0.054956 1.3482 0.028947
0.055361 1.3767 0.028851
0.055769 1.3036 0.028377
0.05618 1.2421 0.027056
0.056594 1.2248 0.026706
0.057011 1.08 0.024874
0.057431 1.1078 0.025389
0.057854 1.1767 0.025578
0.058281 1.2429 0.026431
0.05871 1.4237 0.027638
0.059143 1.624 0.029472
0.059579 1.7851 0.030719
0.060018 1.8393 0.030704
0.06046 1.7401 0.029794
0.060905 1.5345 0.027747
0.061354 1.2723 0.025335
0.061806 1.0064 0.022239
0.062262 0.8321 0.02013
0.062721 0.70669 0.018291
0.063183 0.66357 0.017909
0.063648 0.6143 0.01695
0.064117 0.60696 0.016513
0.06459 0.57028 0.016063
0.065066 0.54641 0.015626
0.065545 0.54609 0.015638
0.066028 0.53272 0.015375
0.066515 0.5065 0.014563
0.067005 0.47397 0.014229
0.067499 0.49496 0.014596
0.067996 0.48354 0.014055
0.068497 0.4726 0.013695
0.069002 0.47101 0.013895
0.06951 0.42225 0.012853
0.070023 0.44937 0.013146
0.070539 0.43593 0.013053
0.071058 0.45923 0.013062
0.071582 0.44425 0.012765
0.072109 0.44054 0.01281
0.072641 0.43475 0.012518
0.073176 0.42367 0.01231
0.073715 0.40463 0.011945
0.074258 0.42287 0.011998
0.074806 0.41619 0.011998
0.075357 0.40346 0.011675
0.075912 0.39644 0.0115
0.076472 0.41243 0.011482
0.077035 0.38857 0.011281
0.077603 0.39216 0.011184
0.078175 0.40356 0.011211
0.078751 0.38167 0.010872
0.079331 0.38999 0.010913
0.079916 0.41077 0.011127
0.080504 0.40274 0.011001
0.081098 0.36566 0.010181
0.081695 0.38704 0.010731
0.082297 0.43851 0.010946
0.082904 0.50916 0.011945
0.083515 0.58305 0.012428
0.08413 0.70694 0.013788
0.08475 0.802 0.014618
0.085374 0.76055 0.014002
0.086004 0.63002 0.012847
0.086637 0.47691 0.010878
0.087276 0.40682 0.0099991
0.087919 0.36538 0.0095989
0.088567 0.32799 0.0089945
0.089219 0.32049 0.0088464
0.089877 0.32357 0.0087595
0.090539 0.30294 0.0084216
0.091206 0.2918 0.0082035
0.091878 0.31098 0.0084815
0.092555 0.29236 0.0081691
0.093237 0.2762 0.0077884
0.093924 0.28202 0.0078237
0.094616 0.26621 0.0076623
0.095314 0.26637 0.0075177
0.096016 0.25709 0.0073481
0.096724 0.25071 0.0072954
0.097436 0.25978 0.0073473
0.098154 0.25933 0.0071404
0.098878 0.25607 0.0071596
0.099606 0.26239 0.0072229
0.10034 0.28283 0.0072998
0.10108 0.33172 0.0079392
0.10182 0.4231 0.0088311
0.10257 0.60053 0.010332
0.10333 0.80086 0.011981
0.10409 0.84483 0.011993
0.10486 0.74446 0.011355
0.10563 0.58858 0.009975
0.10641 0.39734 0.0081991
0.10719 0.29783 0.0071322
0.10798 0.25282 0.0064307
0.10878 0.22396 0.0061595
0.10958 0.21421 0.0058641
0.11039 0.21372 0.0059208
0.1112 0.20398 0.0056498
0.11202 0.18803 0.0055166
0.11285 0.20465 0.0055679
0.11368 0.18591 0.0053719
0.11452 0.17994 0.0051521
0.11536 0.17484 0.0051493
0.11621 0.1691 0.0049864
0.11707 0.16809 0.0049433
0.11793 0.1633 0.0048493
0.1188 0.15774 0.0047064
0.11967 0.157 0.0047274
0.12056 0.15783 0.0046331
0.12144 0.15036 0.0045089
0.12234 0.1563 0.0046229
0.12324 0.14121 0.0042965
0.12415 0.14593 0.0043613
0.12506 0.14117 0.0043199
0.12598 0.15165 0.0043388
0.12691 0.14116 0.004208
0.12785 0.14689 0.0042573
0.12879 0.13682 0.0041053
0.12974 0.14372 0.0041328
0.1307 0.1366 0.0040157
0.13166 0.13949 0.0040452
0.13263 0.14022 0.0040222
0.13361 0.14486 0.0040317
0.13459 0.15203 0.0041031
0.13558 0.15112 0.0040441
0.13658 0.14293 0.0039638
0.13759 0.13984 0.0038503
0.1386 0.12299 0.0036151
0.13962 0.13479 0.0037498
0.14065 0.13108 0.0036556
0.14169 0.1299 0.003623
0.14273 0.13442 0.0036647
0.14378 0.13139 0.0035819
0.14484 0.1458 0.0037409
0.14591 0.14359 0.0036831
0.14699 0.16049 0.0038681
0.14807 0.15913 0.0038108
0.14916 0.15336 0.0037158
0.15026 0.13271 0.0034442
0.15137 0.12611 0.0033548
0.15248 0.12645 0.0033194
0.15361 0.12559 0.0032968
0.15474 0.13353 0.0033585
0.15588 0.12706 0.0032678
0.15703 0.1527 0.0035204
0.15818 0.16833 0.0036592
0.15935 0.17854 0.0037373
0.16052 0.16472 0.0035592
0.16171 0.15439 0.0034386
0.1629 0.13571 0.003221
0.1641 0.13142 0.003147
0.16531 0.12749 0.0030882
0.16653 0.12797 0.0030593
0.16775 0.12852 0.0030461
0.16899 0.12508 0.0029864
0.17023 0.12658 0.0029884
0.17149 0.12573 0.0029525
0.17275 0.11596 0.0028179
0.17403 0.1193 0.0028429
0.17531 0.11728 0.0028049
0.1766 0.1151 0.0027439
0.1779 0.11938 0.0027831
0.17921 0.11712 0.0027279
0.18053 0.12373 0.0027895
0.18186 0.11541 0.0026735
0.1832 0.11737 0.0026791
0.18455 0.10302 0.0025096
0.18591 0.1017 0.0024747
0.18728 0.096164 0.002391
0.18866 0.096068 0.0023867
0.19005 0.091694 0.0022997
0.19145 0.089673 0.0022826
0.19286 0.086835 0.0022212
0.19429 0.084344 0.0021802
0.19572 0.083941 0.0021663
