#
0.0050184 12.795 5.0096
0.0050554 11.416 5.2924
0.0050926 6.6583 4.0997
0.0051301 1.5203 1.894
0.0051679 12.186 4.4629
0.005206 4.3897 4.734
0.0052444 -0.45819 NaN
0.005283 NaN NaN
0.005322 9.1504 5.466
0.0053612 13.685 5.7976
0.0054007 2.7792 2.2318
0.0054405 14.757 3.7869
0.0054806 7.4526 3.5284
0.005521 5.8748 3.156
0.0055616 3.2893 2.6782
0.0056026 5.2939 3.2798
0.0056439 10.685 4.1747
0.0056855 9.0413 5.4661
0.0057274 -0.52364 NaN
0.0057696 11.473 5.2924
0.0058121 1.9003 2.3675
0.0058549 3.8329 2.1041
0.0058981 12.197 6.3116
0.0059416 1.9576 2.3674
0.0059853 10.37 3.8254
0.0060294 -0.44182 NaN
0.0060739 6.1511 2.1849
0.0061186 1.9658 2.3674
0.0061637 7.9275 3.1311
0.0062091 4.812 2.3524
0.0062549 3.3154 2.6782
0.006301 9.0086 6.6946
0.0063474 6.6869 2.8989
0.0063942 6.7892 4.0995
0.0064413 8.9922 6.6946
0.0064888 9.0577 6.6945
0.0065366 9.0615 2.6258
0.0065847 6.6501 2.367
0.0066333 1.2511 1.2177
0.0066821 11.788 4.0574
0.0067314 5.2677 3.2798
0.006781 -0.35346 NaN
0.006831 6.6583 4.0997
0.0068813 3.0632 2.0501
0.006932 3.6177 2.3429
0.0069831 18.628 7.7298
0.0070345 0.95499 1.3531
0.0070864 2.5309 1.3234
0.0071386 3.9461 1.9247
0.0071912 2.8392 3.1561
0.0072442 6.7074 2.8989
0.0072976 4.8557 2.3524
0.0073513 1.1632 1.1162
0.0074055 5.4136 2.6464
0.0074601 -0.4451 NaN
0.0075151 -0.45819 NaN
0.0075704 5.9694 2.5768
0.0076262 3.6107 1.6567
0.0076824 6.4565 2.4345
0.007739 0.66641 1.0525
0.0077961 4.0603 1.5753
0.0078535 4.8953 2.7052
0.0079114 3.2105 2.05
0.0079697 2.7629 3.1563
0.0080284 1.4744 1.8941
0.0080876 4.735 1.9269
0.0081471 2.3762 1.2455
0.0082072 1.2898 1.2176
0.0082677 3.6598 1.6566
0.0083286 2.1683 1.491
0.00839 4.2916 2.7333
0.0084518 4.8593 2.3524
0.0085141 2.4975 1.4568
0.0085768 6.3319 2.1386
0.00864 1.553 1.894
0.0087037 4.7115 2.1084
0.0087678 4.0411 1.5753
0.0088324 3.3379 1.3917
0.0088975 1.553 1.3392
0.0089631 5.0286 1.9128
0.0090291 2.4277 1.6401
0.0090956 3.0587 1.7216
0.0091627 -0.37637 NaN
0.0092302 2.0348 1.1145
0.0092982 3.156 1.1836
0.0093667 3.1553 1.4496
0.0094357 4.2752 3.3476
0.0095053 3.5089 1.4096
0.0095753 5.8967 2.5768
0.0096459 1.5028 1.0935
0.0097169 2.7411 1.5782
0.0097885 2.27 1.1045
0.0098607 0.16622 0.59241
0.0099333 2.7665 1.8223
0.010007 2.6314 1.0713
0.01008 1.325 1.0253
0.010155 0.51795 0.94742
0.010229 1.9412 1.3668
0.010305 3.096 1.4496
0.010381 3.4823 1.4736
0.010457 2.039 0.96368
0.010534 2.5659 1.1388
0.010612 1.9126 1.6741
0.01069 2.5125 1.3234
0.010769 2.0772 1.2626
0.010848 3.1965 1.2753
0.010928 1.3809 0.90197
0.011009 1.1233 0.75769
0.01109 2.4799 1.4568
0.011171 3.1934 1.2753
0.011254 2.1951 1.1764
0.011337 1.6522 1.1716
0.01142 3.0721 1.2173
0.011504 1.5219 0.79993
0.011589 2.8674 1.1644
0.011675 3.0589 1.3185
0.011761 1.6328 1.0523
0.011847 1.2809 1.2176
0.011935 1.9179 0.89483
0.012023 1.3107 0.72498
0.012111 2.4244 1.1597
0.0122 1.8161 1.0084
0.01229 1.7603 0.96251
0.012381 3.1437 1.1836
0.012472 1.2779 0.86101
0.012564 1.0083 0.72861
0.012657 3.7736 1.2148
0.01275 0.57305 0.56582
0.012844 1.6965 1.0522
0.012938 1.3712 0.81452
0.013034 0.81646 0.71334
0.01313 0.6704 0.48142
0.013227 0.63975 0.60771
0.013324 0.12179 0.55763
0.013422 0.56664 0.58606
0.013521 0.98966 0.82029
0.013621 3.1173 0.91682
0.013721 2.0451 0.864
0.013822 0.32011 0.53606
0.013924 1.1742 0.64443
0.014027 1.9331 1.1837
0.01413 1.4308 0.69602
0.014234 1.5943 0.70489
0.014339 1.0947 0.62704
0.014445 0.63005 0.60772
0.014551 0.69022 0.78806
0.014658 1.7138 0.641
0.014766 1.7092 0.74403
0.014875 1.0867 0.6832
0.014985 1.7006 0.80826
0.015095 -0.16341 0.26371
0.015206 2.383 0.88072
0.015319 1.6838 0.69293
0.015431 1.4359 0.63139
0.015545 0.98117 0.62293
0.01566 0.93462 0.70166
0.015775 1.6678 0.69294
0.015891 1.4289 0.58724
0.016008 1.9638 0.83702
0.016126 1.5615 0.70491
0.016245 0.69311 0.55724
0.016365 1.8849 0.64424
0.016486 0.021967 0.32708
0.016607 1.0441 0.5253
0.016729 2.1078 0.89281
0.016853 2.015 0.71315
0.016977 0.89317 0.49139
0.017102 1.0394 0.54477
0.017228 1.3018 0.703
0.017355 0.87412 0.46193
0.017483 1.7434 0.65436
0.017612 1.291 0.59528
0.017741 1.1355 0.54672
0.017872 0.19343 0.34929
0.018004 0.8762 0.51148
0.018136 1.7898 0.57309
0.01827 1.0665 0.56955
0.018405 1.3038 0.65943
0.01854 0.71398 0.38405
0.018677 1.5823 0.62391
0.018815 1.0209 0.51521
0.018953 2.0114 0.65618
0.019093 0.84499 0.44654
0.019234 1.1996 0.49083
0.019375 1.4209 0.57594
0.019518 1.8123 0.64324
0.019662 0.58697 0.35728
0.019807 0.52341 0.39335
0.019953 1.048 0.52531
0.0201 1.8021 0.55707
0.020248 1.3038 0.48097
0.020397 1.837 0.59159
0.020547 0.081982 0.28809
0.020699 1.5227 0.52112
0.020851 1.2643 0.44858
0.021005 1.3501 0.5324
0.02116 1.7982 0.55708
0.021316 1.4421 0.46199
0.021473 1.2129 0.49082
0.021631 0.79487 0.40025
0.02179 0.61919 0.36707
0.021951 1.3831 0.44569
0.022113 1.9288 0.57421
0.022276 0.80997 0.40597
0.02244 2.285 0.5166
0.022605 1.7191 0.57153
0.022772 1.5464 0.4762
0.02294 1.9602 0.49366
0.023109 1.5073 0.47047
0.023279 1.343 0.50475
0.02345 1.5434 0.43664
0.023623 0.87128 0.36334
0.023797 1.4787 0.50624
0.023973 1.4061 0.41122
0.024149 1.8095 0.48763
0.024327 1.3403 0.42913
0.024507 1.4339 0.44157
0.024687 1.4445 0.40562
0.024869 1.9166 0.51057
0.025052 1.4408 0.40562
0.025237 1.1444 0.40312
0.025423 0.56717 0.31209
0.02561 1.6937 0.43049
0.025799 1.8488 0.44713
0.025989 1.1092 0.4121
0.026181 1.4875 0.3899
0.026373 1.3083 0.3886
0.026568 1.3512 0.3996
0.026764 2.2652 0.46496
0.026961 1.6458 0.42179
0.027159 1.8905 0.45556
0.02736 2.0977 0.42768
0.027561 1.8837 0.46424
0.027764 1.4682 0.36454
0.027969 2.291 0.47305
0.028175 1.4788 0.3819
0.028383 2.1468 0.4496
0.028592 2.1152 0.43826
0.028802 2.1277 0.43432
0.029015 1.9787 0.403
0.029228 2.1338 0.44592
0.029444 1.9582 0.39736
0.029661 2.6888 0.45876
0.029879 1.945 0.41854
0.0301 2.503 0.42712
0.030321 2.3679 0.46574
0.030545 1.7939 0.36038
0.03077 2.1257 0.41071
0.030997 1.4205 0.35663
0.031225 2.9272 0.43148
0.031455 1.6806 0.37937
0.031687 2.3783 0.39623
0.03192 2.8608 0.45525
0.032156 2.0769 0.38359
0.032393 2.0982 0.3737
0.032631 3.2498 0.46809
0.032872 2.9482 0.42853
0.033114 1.9342 0.36534
0.033358 2.3791 0.39624
0.033604 2.3741 0.38516
0.033851 2.661 0.39552
0.034101 2.6132 0.42925
0.034352 2.4989 0.366
0.034605 2.7587 0.41688
0.03486 2.2472 0.36246
0.035117 2.4365 0.37113
0.035376 2.9882 0.40841
0.035637 2.5418 0.38488
0.035899 2.4716 0.36489
0.036164 2.3957 0.35851
0.03643 2.5547 0.38609
0.036699 3.221 0.38792
0.036969 3.116 0.40339
0.037241 2.7808 0.37726
0.037516 2.5977 0.36913
0.037792 3.2489 0.38892
0.038071 2.2029 0.33115
0.038351 3.7941 0.43155
0.038634 2.723 0.34719
0.038919 2.8088 0.36281
0.039205 2.8753 0.36165
0.039494 2.9623 0.37547
0.039785 3.1275 0.3538
0.040079 3.2056 0.37738
0.040374 2.5767 0.32931
0.040671 3.5025 0.39424
0.040971 3.2142 0.35729
0.041273 2.8278 0.34091
0.041577 3.3624 0.36216
0.041883 2.5894 0.32702
0.042192 3.8054 0.38966
0.042503 2.7219 0.31781
0.042816 3.338 0.35447
0.043132 3.1291 0.33632
0.04345 2.6383 0.31986
0.04377 3.6465 0.3626
0.044092 2.477 0.30243
0.044417 2.8746 0.32074
0.044744 2.9772 0.31423
0.045074 2.7341 0.30956
0.045406 3.0551 0.32214
0.045741 2.4161 0.28879
0.046078 2.8628 0.30977
0.046417 1.8874 0.25603
0.04676 2.1672 0.27325
0.047104 2.4069 0.2765
0.047451 2.4967 0.27641
0.047801 2.5587 0.28234
0.048153 2.2269 0.2653
0.048508 1.6173 0.22612
0.048865 2.2726 0.26301
0.049225 1.7181 0.234
0.049588 1.3837 0.21002
0.049954 1.7001 0.2283
0.050322 2.2549 0.25935
0.050693 1.508 0.21072
0.051066 1.7294 0.22533
0.051442 1.609 0.2162
0.051821 1.3973 0.2027
0.052203 1.4978 0.20794
0.052588 1.6816 0.21434
0.052975 1.4422 0.20263
0.053366 1.4731 0.20173
0.053759 1.4979 0.20171
0.054155 1.3172 0.19052
0.054554 1.7801 0.20841
0.054956 1.1118 0.17648
0.055361 1.0309 0.16944
0.055769 0.96715 0.16709
0.05618 1.2781 0.18092
0.056594 0.95814 0.1619
0.057011 0.91141 0.15795
0.057431 1.0094 0.16486
0.057854 0.99677 0.16071
0.058281 0.97966 0.1605
0.05871 0.49244 0.1273
0.059143 0.49937 0.12706
0.059579 0.78268 0.1444
0.060018 0.43735 0.11958
0.06046 0.67226 0.1353
0.060905 0.69902 0.13496
0.061354 0.688 0.13543
0.061806 0.58564 0.12764
0.062262 0.30981 0.10813
0.062721 0.63647 0.12788
0.063183 0.62666 0.12853
0.063648 0.37699 0.10971
0.064117 0.37255 0.10732
0.06459 0.76303 0.13101
0.065066 0.49634 0.11488
0.065545 0.67473 0.12619
0.066028 0.44802 0.11132
0.066515 0.416 0.10657
0.067005 0.46356 0.11027
0.067499 0.55266 0.11625
0.067996 0.31333 0.097987
0.068497 0.32414 0.097611
0.069002 0.46148 0.10746
0.06951 0.6017 0.11307
0.070023 0.42203 0.10213
0.070539 0.63914 0.11512
0.071058 0.48903 0.10368
0.071582 0.25403 0.088592
0.072109 0.33221 0.094532
0.072641 0.38723 0.096371
0.073176 0.4254 0.098247
0.073715 0.502 0.10182
0.074258 0.35415 0.091608
0.074806 0.50289 0.10114
0.075357 0.38807 0.093296
0.075912 0.34083 0.090187
0.076472 0.37253 0.089548
0.077035 0.26719 0.084742
0.077603 0.39216 0.090884
0.078175 0.4198 0.091521
0.078751 0.33535 0.086483
0.079331 0.31482 0.084777
0.079916 0.41656 0.089683
0.080504 0.36485 0.086278
0.081098 0.31309 0.081117
0.081695 0.34354 0.085248
0.082297 0.29996 0.079545
0.082904 0.25195 0.077395
0.083515 0.3033 0.078617
0.08413 0.26097 0.076765
0.08475 0.26848 0.077177
0.085374 0.27763 0.07644
0.086004 0.36797 0.081056
0.086637 0.19859 0.070212
0.087276 0.39521 0.079593
0.087919 0.36547 0.079347
0.088567 0.24563 0.072023
0.089219 0.17982 0.067832
0.089877 0.23119 0.069638
0.090539 0.25424 0.070515
0.091206 0.27691 0.070565
0.091878 0.30135 0.072068
0.092555 0.19244 0.06635
0.093237 0.12866 0.061067
0.093924 0.3069 0.070346
0.094616 0.27887 0.069278
0.095314 0.21267 0.064627
0.096016 0.20477 0.06416
0.096724 0.19283 0.06376
0.097436 0.28775 0.067743
0.098154 0.26221 0.064681
0.098878 0.18287 0.061193
0.099606 0.18306 0.061428
0.10034 0.17622 0.059069
0.10108 0.29011 0.065141
0.10182 0.21928 0.061195
0.10257 0.19144 0.058982
0.10333 0.19101 0.059494
0.10409 0.23243 0.059948
0.10486 0.20441 0.059039
0.10563 0.15871 0.055812
0.10641 0.079342 0.051496
0.10719 0.080732 0.051467
0.10798 0.16922 0.054731
0.10878 0.1663 0.055348
0.10958 0.16959 0.053962
0.11039 0.12417 0.052252
0.1112 0.21495 0.055279
0.11202 0.12935 0.051906
0.11285 0.12487 0.050162
0.11368 0.19504 0.05374
0.11452 0.11408 0.048697
0.11536 0.10985 0.049285
0.11621 0.16863 0.051155
0.11707 0.15603 0.050188
0.11793 0.14432 0.049412
0.1188 0.058432 0.045073
0.11967 0.095934 0.046926
0.12056 0.11252 0.046712
0.12144 0.13447 0.047366
0.12234 0.18725 0.049973
0.12324 0.13223 0.046403
0.12415 0.076182 0.043976
0.12506 0.14733 0.04727
0.12598 0.070723 0.042693
0.12691 0.13221 0.045353
0.12785 0.13989 0.045621
0.12879 0.1193 0.044656
0.12974 0.098289 0.042737
0.1307 0.18969 0.046253
0.13166 0.14091 0.044354
0.13263 0.087112 0.041684
0.13361 0.12535 0.04261
0.13459 0.092525 0.041117
0.13558 0.10567 0.041109
0.13658 0.18224 0.044382
0.13759 0.20046 0.044065
0.1386 0.10773 0.040534
0.13962 0.052575 0.038106
0.14065 0.17859 0.042358
0.14169 0.066369 0.038119
0.14273 0.12833 0.040159
0.14378 0.01466 0.03524
0.14484 0.15859 0.04072
0.14591 0.095468 0.038051
0.14699 0.13011 0.039232
0.14807 0.092316 0.037373
0.14916 0.025276 0.034556
0.15026 0.098592 0.036809
0.15137 0.061282 0.035383
0.15248 0.087452 0.035835
0.15361 0.085346 0.035581
0.15474 0.090822 0.035683
0.15588 0.10713 0.035924
0.15703 0.10219 0.035388
0.15818 0.097886 0.035012
0.15935 0.068416 0.0338
0.16052 0.096804 0.034369
0.16171 0.098057 0.03443
0.1629 0.10043 0.034132
0.1641 0.094922 0.033761
0.16531 0.071607 0.032753
0.16653 0.14809 0.034846
0.16775 0.07773 0.032491
0.16899 0.055749 0.031511
0.17023 0.12081 0.033431
0.17149 0.10629 0.032644
0.17275 -0.019319 0.028018
0.17403 0.12568 0.032811
0.17531 0.083141 0.031312
0.1766 0.086336 0.030972
0.1779 0.11772 0.031847
0.17921 0.086572 0.030503
0.18053 0.019064 0.028346
0.18186 0.059585 0.029285
0.1832 0.09494 0.03024
0.18455 0.055917 0.028889
0.18591 0.074844 0.02927
0.18728 0.093178 0.029419
0.18866 0.07523 0.028833
0.19005 0.10718 0.029339
0.19145 0.059138 0.028007
0.19286 0.051798 0.027498
0.19429 0.090873 0.028445
0.19572 0.052755 0.027371
