#
0.0050184 14.734 1.4276
0.0050554 17.221 1.7252
0.0050926 26.191 2.127
0.0051301 11.29 1.2498
0.0051679 14.115 1.2756
0.005206 14.467 2.2361
0.0052444 29.64 4.5251
0.005283 NaN NaN
0.005322 15.159 1.8687
0.0053612 15.489 1.6367
0.0054007 19.525 1.4996
0.0054405 17.293 1.0933
0.0054806 14.575 1.2961
0.005521 32.057 1.9211
0.0055616 16.25 1.4992
0.0056026 16.948 1.5307
0.0056439 17.341 1.4133
0.0056855 11.7 1.6427
0.0057274 17.904 2.4881
0.0057696 22.056 1.9518
0.0058121 11.007 1.3802
0.0058549 12.011 0.96074
0.0058981 13.31 1.7518
0.0059416 17.567 1.7424
0.0059853 15.642 1.2431
0.0060294 10.319 1.8899
0.0060739 18.39 0.98883
0.0061186 19.465 1.8339
0.0061637 19.555 1.2996
0.0062091 8.0183 0.78569
0.0062549 10.455 1.2032
0.006301 13.768 2.1822
0.0063474 7.5607 0.80919
0.0063942 14.296 1.5717
0.0064413 11.352 1.9821
0.0064888 13.772 2.1822
0.0065366 12.657 0.82064
0.0065847 11.468 0.81327
0.0066333 12.011 0.86928
0.0066821 13.971 1.1747
0.0067314 7.1467 0.99525
0.006781 9.6353 1.1547
0.006831 8.9388 1.2441
0.0068813 9.2806 0.89644
0.006932 8.8404 0.93524
0.0069831 7.7986 1.3413
0.0070345 10.125 1.0005
0.0070864 7.0421 0.55234
0.0071386 9.5723 0.77598
0.0071912 18.609 2.0702
0.0072442 9.7187 0.91696
0.0072976 9.555 0.85726
0.0073513 8.6533 0.70666
0.0074055 5.2252 0.67372
0.0074601 6.3163 0.93608
0.0075151 7.5575 1.6184
0.0075704 7.2592 0.74734
0.0076262 6.7204 0.57694
0.0076824 12.704 0.89383
0.007739 8.5595 0.81146
0.0077961 6.3037 0.50701
0.0078535 3.8072 0.61566
0.0079114 6.7898 0.7667
0.0079697 6.6421 1.2387
0.0080284 4.248 0.76845
0.0080876 8.1484 0.65875
0.0081471 6.1404 0.50047
0.0082072 5.301 0.57839
0.0082677 7.069 0.5915
0.0083286 5.1141 0.56809
0.00839 5.1434 0.77154
0.0084518 9.6319 0.86068
0.0085141 2.8893 0.39368
0.0085768 4.0105 0.44636
0.00864 3.2876 0.67615
0.0087037 3.982 0.50188
0.0087678 6.0994 0.49882
0.0088324 6.454 0.49839
0.0088975 4.2537 0.54337
0.0089631 4.6549 0.48044
0.0090291 2.8683 0.44723
0.0090956 4.4889 0.53233
0.0091627 3.0779 1.0351
0.0092302 5.4147 0.44483
0.0092982 4.4855 0.36028
0.0093667 4.888 0.46051
0.0094357 3.9346 0.82739
0.0095053 3.4156 0.35401
0.0095753 5.0304 0.62292
0.0096459 4.204 0.44127
0.0097169 2.6726 0.39425
0.0097885 3.4187 0.33673
0.0098607 4.7564 0.45441
0.0099333 4.8022 0.6086
0.010007 4.3875 0.34916
0.01008 2.8138 0.3504
0.010155 3.0741 0.46293
0.010229 2.6718 0.39425
0.010305 3.4173 0.38577
0.010381 3.9478 0.40186
0.010457 4.6872 0.35411
0.010534 2.7905 0.29758
0.010612 2.2097 0.43985
0.01069 3.116 0.36851
0.010769 3.5558 0.40632
0.010848 3.3548 0.33351
0.010928 3.321 0.33189
0.011009 3.2839 0.30238
0.01109 2.7818 0.38646
0.011171 3.1903 0.32531
0.011254 2.4986 0.31147
0.011337 2.7329 0.36887
0.01142 3.1411 0.31524
0.011504 2.9903 0.26817
0.011589 2.9994 0.30154
0.011675 2.5111 0.30388
0.011761 2.0359 0.28173
0.011847 2.54 0.40171
0.011935 2.8262 0.26545
0.012023 2.5755 0.23722
0.012111 3.0061 0.32368
0.0122 1.874 0.25027
0.01229 2.8887 0.3025
0.012381 2.3282 0.26038
0.012472 2.1007 0.25867
0.012564 2.4092 0.25458
0.012657 2.6776 0.26315
0.01275 1.8741 0.21284
0.012844 1.8489 0.26837
0.012938 2.3295 0.2504
0.013034 2.5498 0.27825
0.01313 1.9623 0.17675
0.013227 1.7335 0.21231
0.013324 1.5514 0.25351
0.013422 1.7665 0.21058
0.013521 1.7974 0.2512
0.013621 2.3492 0.20267
0.013721 2.1971 0.22261
0.013822 1.8452 0.22763
0.013924 1.9258 0.1936
0.014027 1.5211 0.25879
0.01413 2.002 0.19736
0.014234 2.1138 0.19727
0.014339 1.833 0.18652
0.014445 1.7072 0.21077
0.014551 1.9176 0.28125
0.014658 1.8572 0.16303
0.014766 1.9648 0.19549
0.014875 1.8156 0.20281
0.014985 1.6154 0.1915
0.015095 2.02 0.19829
0.015206 1.6351 0.1838
0.015319 1.8395 0.17733
0.015431 1.6075 0.15864
0.015545 1.4923 0.17578
0.01566 1.3461 0.18783
0.015775 1.7206 0.17165
0.015891 1.9038 0.16181
0.016008 1.7605 0.19648
0.016126 1.5303 0.16842
0.016245 1.5931 0.18155
0.016365 1.4004 0.13657
0.016486 1.9204 0.18129
0.016607 1.4292 0.14063
0.016729 1.4188 0.18259
0.016853 1.5121 0.15226
0.016977 1.6889 0.15249
0.017102 1.4409 0.14852
0.017228 1.8933 0.20059
0.017355 1.4439 0.1325
0.017483 1.7517 0.1601
0.017612 1.551 0.15564
0.017741 1.463 0.145
0.017872 1.5118 0.15046
0.018004 1.4159 0.14294
0.018136 1.4891 0.12804
0.01827 1.3638 0.14797
0.018405 1.4571 0.16446
0.01854 1.4416 0.11723
0.018677 1.2224 0.13411
0.018815 1.6271 0.14838
0.018953 1.2201 0.12652
0.019093 1.4878 0.13215
0.019234 1.6833 0.13597
0.019375 1.2714 0.13138
0.019518 1.4446 0.14128
0.019662 1.285 0.11004
0.019807 1.2429 0.12212
0.019953 1.4295 0.14063
0.0201 1.5217 0.12553
0.020248 1.5433 0.12372
0.020397 1.2915 0.12143
0.020547 1.483 0.13537
0.020699 1.3491 0.11836
0.020851 1.551 0.11753
0.021005 1.1277 0.11639
0.02116 1.4707 0.12347
0.021316 1.5695 0.11601
0.021473 1.7921 0.14018
0.021631 1.3604 0.11624
0.02179 1.4537 0.11846
0.021951 1.5785 0.11425
0.022113 1.3686 0.11922
0.022276 1.528 0.12393
0.02244 1.5183 0.10505
0.022605 1.4165 0.12691
0.022772 1.3835 0.10909
0.02294 1.4481 0.10529
0.023109 1.515 0.1134
0.023279 1.6374 0.13304
0.02345 1.4287 0.10187
0.023623 1.3336 0.10013
0.023797 1.3697 0.11748
0.023973 1.4693 0.10028
0.024149 1.7525 0.1176
0.024327 1.3869 0.10371
0.024507 1.4923 0.10752
0.024687 1.6339 0.1036
0.024869 1.6255 0.11597
0.025052 1.5627 0.10137
0.025237 1.4788 0.10698
0.025423 1.5653 0.10711
0.02561 1.6354 0.10233
0.025799 1.7706 0.10731
0.025989 1.9586 0.12638
0.026181 1.6742 0.09944
0.026373 2.0328 0.11432
0.026568 1.6415 0.10438
0.026764 1.8049 0.10402
0.026961 1.6884 0.10385
0.027159 1.5246 0.10065
0.02736 1.6965 0.095412
0.027561 1.7273 0.1091
0.027764 1.7275 0.094817
0.027969 1.9313 0.10852
0.028175 1.8665 0.10278
0.028383 2.1698 0.11206
0.028592 1.885 0.10247
0.028802 1.8777 0.10108
0.029015 2.1901 0.10429
0.029228 2.0166 0.10763
0.029444 1.8319 0.09482
0.029661 2.0741 0.10187
0.029879 1.9534 0.10343
0.0301 2.2438 0.10163
0.030321 2.424 0.11785
0.030545 2.0137 0.093336
0.03077 2.4075 0.10813
0.030997 2.329 0.10865
0.031225 2.6167 0.10366
0.031455 2.183 0.10486
0.031687 2.2764 0.09707
0.03192 2.3618 0.10492
0.032156 2.2693 0.099584
0.032393 2.4913 0.10117
0.032631 2.5257 0.10565
0.032872 2.7772 0.10554
0.033114 2.4825 0.10163
0.033358 2.5297 0.10226
0.033604 2.6638 0.10194
0.033851 2.5412 0.097437
0.034101 2.7918 0.11175
0.034352 2.4326 0.090637
0.034605 2.7343 0.10502
0.03486 2.6836 0.09877
0.035117 2.9136 0.10181
0.035376 2.58 0.096383
0.035637 2.9349 0.10406
0.035899 2.6728 0.095175
0.036164 2.9552 0.099544
0.03643 2.758 0.10067
0.036699 3.1069 0.09724
0.036969 2.76 0.096697
0.037241 3.3489 0.10465
0.037516 3.0355 0.10039
0.037792 3.3351 0.1003
0.038071 2.9273 0.09484
0.038351 3.2395 0.10247
0.038634 2.948 0.091231
0.038919 3.3611 0.10044
0.039205 3.045 0.094069
0.039494 3.6334 0.10554
0.039785 2.9194 0.087009
0.040079 3.3024 0.097512
0.040374 3.1672 0.091786
0.040671 3.2239 0.096946
0.040971 3.5749 0.096173
0.041273 3.1283 0.09071
0.041577 3.3395 0.092305
0.041883 3.3967 0.094131
0.042192 3.6368 0.097926
0.042503 3.0059 0.084293
0.042816 3.2593 0.089426
0.043132 3.4822 0.090209
0.04345 3.0114 0.085993
0.04377 3.3268 0.089072
0.044092 3.1333 0.085055
0.044417 3.1951 0.085586
0.044744 2.9672 0.07967
0.045074 3.1924 0.084442
0.045406 3.1485 0.083076
0.045741 2.8451 0.078398
0.046078 2.9015 0.078922
0.046417 2.8675 0.077284
0.04676 2.6655 0.075429
0.047104 2.8911 0.075804
0.047451 2.6503 0.071591
0.047801 2.6791 0.072593
0.048153 2.668 0.072239
0.048508 2.3716 0.066317
0.048865 2.3373 0.066556
0.049225 2.581 0.069712
0.049588 2.2249 0.063348
0.049954 2.3355 0.064972
0.050322 2.2589 0.064826
0.050693 2.1287 0.06015
0.051066 1.9644 0.058601
0.051442 2.2065 0.061294
0.051821 1.948 0.057156
0.052203 1.9728 0.057381
0.052588 2.0483 0.057566
0.052975 2.0301 0.057455
0.053366 2.1345 0.058093
0.053759 2.0582 0.056738
0.054155 2.3374 0.060069
0.054554 2.7014 0.062619
0.054956 2.8583 0.065282
0.055361 3.0055 0.066014
0.055769 3.4705 0.071633
0.05618 3.4299 0.069544
0.056594 3.4729 0.069551
0.057011 3.4622 0.068831
0.057431 3.2825 0.06757
0.057854 2.843 0.061536
0.058281 2.614 0.059373
0.05871 2.1348 0.052528
0.059143 1.8085 0.048359
0.059579 1.6024 0.045319
0.060018 1.3137 0.040488
0.06046 1.1651 0.038096
0.060905 1.0107 0.035228
0.061354 0.98572 0.034882
0.061806 0.90151 0.032934
0.062262 0.88634 0.032469
0.062721 0.83024 0.030978
0.063183 0.83819 0.031426
0.063648 0.78695 0.029958
0.064117 0.75227 0.02873
0.06459 0.71944 0.028198
0.065066 0.75371 0.028647
0.065545 0.69762 0.027639
0.066028 0.68978 0.02735
0.066515 0.69134 0.026584
0.067005 0.69426 0.02688
0.067499 0.66834 0.026513
0.067996 0.67506 0.025941
0.068497 0.71677 0.026307
0.069002 0.61787 0.0249
0.06951 0.64783 0.024845
0.070023 0.68264 0.025281
0.070539 0.67694 0.025373
0.071058 0.65501 0.024364
0.071582 0.62774 0.023712
0.072109 0.64696 0.024241
0.072641 0.6641 0.024141
0.073176 0.6557 0.023894
0.073715 0.65739 0.023739
0.074258 0.62518 0.022785
0.074806 0.68287 0.023953
0.075357 0.71479 0.024184
0.075912 0.72611 0.024208
0.076472 0.81495 0.025062
0.077035 0.91348 0.026781
0.077603 1.0358 0.028093
0.078175 1.1657 0.029414
0.078751 1.3135 0.031063
0.079331 1.4216 0.032073
0.079916 1.4337 0.032023
0.080504 1.4103 0.031712
0.081098 1.3769 0.030392
0.081695 1.1901 0.029022
0.082297 1.0754 0.026523
0.082904 0.93161 0.025102
0.083515 0.77844 0.022416
0.08413 0.67599 0.021145
0.08475 0.62401 0.020284
0.085374 0.59416 0.019483
0.086004 0.58381 0.019435
0.086637 0.57768 0.018767
0.087276 0.55143 0.018226
0.087919 0.56893 0.018708
0.088567 0.54009 0.018017
0.089219 0.53033 0.017764
0.089877 0.54504 0.017736
0.090539 0.57778 0.018095
0.091206 0.58252 0.018014
0.091878 0.60653 0.018414
0.092555 0.66115 0.019039
0.093237 0.72818 0.019535
0.093924 0.76922 0.019948
0.094616 0.9067 0.021741
0.095314 1.0697 0.023105
0.096016 1.2615 0.024887
0.096724 1.4636 0.026892
0.097436 1.5974 0.027797
0.098154 1.6627 0.027574
0.098878 1.6324 0.027568
0.099606 1.4306 0.025761
0.10034 1.2507 0.023529
0.10108 1.0517 0.021783
0.10182 0.8409 0.019328
0.10257 0.69676 0.017415
0.10333 0.61209 0.016482
0.10409 0.53008 0.01501
0.10486 0.50206 0.014741
0.10563 0.46124 0.013959
0.10641 0.47141 0.014038
0.10719 0.41745 0.013255
0.10798 0.40532 0.012751
0.10878 0.41055 0.013014
0.10958 0.39264 0.012393
0.11039 0.38547 0.012419
0.1112 0.38386 0.012092
0.11202 0.37086 0.012072
0.11285 0.36138 0.011569
0.11368 0.35408 0.011568
0.11452 0.35079 0.011217
0.11536 0.33888 0.011184
0.11621 0.33726 0.010976
0.11707 0.34144 0.010973
0.11793 0.32587 0.010679
0.1188 0.3418 0.010766
0.11967 0.3449 0.010882
0.12056 0.32744 0.010388
0.12144 0.34139 0.010539
0.12234 0.33323 0.010496
0.12324 0.34005 0.010318
0.12415 0.33267 0.010213
0.12506 0.34085 0.010387
0.12598 0.35673 0.010308
0.12691 0.34289 0.010146
0.12785 0.35275 0.010211
0.12879 0.32104 0.0097426
0.12974 0.34827 0.0099534
0.1307 0.32365 0.0095721
0.13166 0.32029 0.009505
0.13263 0.33899 0.0096766
0.13361 0.3171 0.0092675
0.13459 0.32599 0.0093413
0.13558 0.34121 0.0094279
0.13658 0.35696 0.0096802
0.13759 0.36141 0.0095525
0.1386 0.37417 0.009664
0.13962 0.34902 0.0093101
0.14065 0.37876 0.0095471
0.14169 0.36551 0.0093452
0.14273 0.36938 0.009352
0.14378 0.34536 0.0089543
0.14484 0.3726 0.0092338
0.14591 0.35734 0.00898
0.14699 0.38203 0.0092395
0.14807 0.39016 0.0092288
0.14916 0.4093 0.0093599
0.15026 0.41063 0.0092872
0.15137 0.40006 0.0091469
0.15248 0.3802 0.0088283
0.15361 0.37117 0.0086985
0.15474 0.3686 0.0085879
0.15588 0.3525 0.008374
0.15703 0.33364 0.0080835
0.15818 0.3312 0.0080036
0.15935 0.34538 0.0081077
0.16052 0.32418 0.0077871
0.16171 0.31812 0.0076866
0.1629 0.32162 0.0076785
0.1641 0.32146 0.0076116
0.16531 0.30415 0.0073844
0.16653 0.31219 0.0073903
0.16775 0.31942 0.0074213
0.16899 0.31023 0.0072686
0.17023 0.30819 0.0072125
0.17149 0.30169 0.0070786
0.17275 0.29725 0.0069614
0.17403 0.29083 0.0068649
0.17531 0.27126 0.0066142
0.1766 0.27691 0.0065862
0.1779 0.25025 0.0062788
0.17921 0.25293 0.0062372
0.18053 0.25071 0.0061972
0.18186 0.23765 0.005985
0.1832 0.24078 0.005987
0.18455 0.22788 0.0058031
0.18591 0.23992 0.0058886
0.18728 0.22118 0.005626
0.18866 0.22035 0.0056091
0.19005 0.20873 0.0053875
0.19145 0.20506 0.0053584
0.19286 0.21245 0.0053705
0.19429 0.1989 0.0051876
0.19572 0.19424 0.0051127
