#
0.0050184 8.8075 0.84941
0.0050554 15.614 1.2638
0.0050926 13.058 1.1559
0.0051301 10.282 0.91747
0.0051679 10.879 0.86156
0.005206 12.858 1.6219
0.0052444 22.049 3.0031
0.005283 NaN NaN
0.005322 10.748 1.2108
0.0053612 10.399 1.0319
0.0054007 12.721 0.93142
0.0054405 11.712 0.69234
0.0054806 12.786 0.93391
0.005521 12.582 0.92643
0.0055616 11.094 0.95318
0.0056026 8.2385 0.82142
0.0056439 12.245 0.91382
0.0056855 9.6535 1.1478
0.0057274 9.3769 1.3859
0.0057696 15.003 1.2387
0.0058121 10.81 1.0519
0.0058549 9.0654 0.64217
0.0058981 8.4275 1.0726
0.0059416 11.323 1.0764
0.0059853 9.672 0.7522
0.0060294 7.95 1.2761
0.0060739 8.6276 0.52131
0.0061186 15.512 1.2596
0.0061637 11.683 0.77304
0.0062091 6.5195 0.5449
0.0062549 8.8887 0.85334
0.006301 9.1754 1.3707
0.0063474 6.0101 0.55492
0.0063942 8.4665 0.9308
0.0064413 6.5183 1.1559
0.0064888 7.3384 1.226
0.0065366 8.5018 0.51751
0.0065847 6.928 0.48642
0.0066333 7.0014 0.51076
0.0066821 7.5147 0.66309
0.0067314 5.9488 0.69834
0.006781 4.3984 0.60063
0.006831 7.337 0.86693
0.0068813 8.2546 0.6502
0.006932 7.0452 0.6422
0.0069831 6.3894 0.93391
0.0070345 7.4557 0.66052
0.0070864 4.3748 0.33498
0.0071386 5.5574 0.45502
0.0071912 5.844 0.89329
0.0072442 5.7045 0.54063
0.0072976 7.6111 0.58856
0.0073513 6.01 0.45309
0.0074055 4.1161 0.45976
0.0074601 5.0483 0.64358
0.0075151 5.293 1.0419
0.0075704 5.6613 0.50768
0.0076262 5.0599 0.38506
0.0076824 6.8918 0.50669
0.007739 5.1145 0.4827
0.0077961 5.1274 0.35167
0.0078535 3.6559 0.4634
0.0079114 4.2253 0.4654
0.0079697 3.9336 0.7336
0.0080284 3.66 0.5483
0.0080876 5.36 0.41109
0.0081471 3.9489 0.3088
0.0082072 4.4768 0.40868
0.0082677 3.9236 0.33917
0.0083286 4.1432 0.39318
0.00839 4.272 0.54063
0.0084518 5.2047 0.48695
0.0085141 3.1257 0.31437
0.0085768 4.4477 0.36108
0.00864 3.173 0.51044
0.0087037 3.3985 0.35635
0.0087678 3.4198 0.28747
0.0088324 4.0038 0.30206
0.0088975 3.3773 0.37232
0.0089631 3.72 0.33026
0.0090291 3.4968 0.37899
0.0090956 3.1414 0.34253
0.0091627 2.8445 0.76457
0.0092302 3.4863 0.27461
0.0092982 3.1672 0.23286
0.0093667 2.9203 0.27391
0.0094357 2.2279 0.47922
0.0095053 2.7971 0.24619
0.0095753 3.4785 0.39846
0.0096459 2.8166 0.27785
0.0097169 2.8769 0.31399
0.0097885 3.2895 0.25374
0.0098607 3.251 0.28898
0.0099333 2.8893 0.36327
0.010007 3.1378 0.2271
0.01008 2.5603 0.2567
0.010155 2.8422 0.34193
0.010229 3.1148 0.32666
0.010305 2.9944 0.27746
0.010381 2.9389 0.26662
0.010457 2.823 0.21147
0.010534 3.0086 0.23717
0.010612 2.3814 0.35022
0.01069 2.4583 0.25156
0.010769 3.2773 0.2997
0.010848 2.5317 0.22274
0.010928 2.0641 0.20131
0.011009 2.2226 0.19134
0.01109 2.2762 0.2686
0.011171 2.3175 0.21318
0.011254 2.4106 0.23486
0.011337 2.611 0.27693
0.01142 1.9717 0.19216
0.011504 2.4896 0.18802
0.011589 1.6874 0.1741
0.011675 2.5196 0.23365
0.011761 1.9776 0.21299
0.011847 2.3587 0.29722
0.011935 2.3305 0.1852
0.012023 2.1127 0.16504
0.012111 1.9641 0.20125
0.0122 1.8299 0.18968
0.01229 2.1008 0.19834
0.012381 2.094 0.18962
0.012472 1.8571 0.18669
0.012564 1.914 0.17433
0.012657 1.9338 0.17192
0.01275 1.9977 0.16852
0.012844 1.3447 0.17587
0.012938 2.1497 0.18465
0.013034 1.9365 0.18636
0.01313 1.9237 0.13428
0.013227 2.071 0.17781
0.013324 1.7121 0.20399
0.013422 1.9073 0.16769
0.013521 1.8 0.19278
0.013621 1.8817 0.13934
0.013721 1.8285 0.15599
0.013822 1.9755 0.18056
0.013924 1.5265 0.13239
0.014027 1.3606 0.1877
0.01413 1.7646 0.14224
0.014234 1.6067 0.13216
0.014339 1.5826 0.13301
0.014445 1.9949 0.17456
0.014551 1.4241 0.18622
0.014658 1.642 0.11766
0.014766 1.5496 0.13336
0.014875 1.5762 0.14502
0.014985 1.8268 0.15599
0.015095 1.605 0.13576
0.015206 1.4732 0.13385
0.015319 1.6675 0.12958
0.015431 1.5968 0.12117
0.015545 1.6891 0.14324
0.01566 1.6297 0.15803
0.015775 1.7067 0.13111
0.015891 1.3999 0.10661
0.016008 1.6812 0.14729
0.016126 1.7021 0.13604
0.016245 1.5565 0.13758
0.016365 1.4925 0.10796
0.016486 1.3865 0.11836
0.016607 1.5275 0.11133
0.016729 1.753 0.15533
0.016853 1.5618 0.11853
0.016977 1.6893 0.11695
0.017102 1.5908 0.11953
0.017228 1.7281 0.14706
0.017355 1.602 0.10686
0.017483 1.5397 0.11518
0.017612 1.2727 0.10822
0.017741 1.4085 0.10907
0.017872 1.7648 0.1245
0.018004 1.4474 0.11065
0.018136 1.5013 0.098515
0.01827 1.4671 0.11749
0.018405 1.4544 0.12588
0.01854 1.4612 0.090413
0.018677 1.4136 0.11036
0.018815 1.5609 0.11143
0.018953 1.434 0.10487
0.019093 1.6508 0.10662
0.019234 1.7248 0.10551
0.019375 1.4839 0.10862
0.019518 1.4726 0.10929
0.019662 1.5239 0.091671
0.019807 1.6158 0.10641
0.019953 1.5277 0.11133
0.0201 1.6524 0.10021
0.020248 1.5068 0.093705
0.020397 1.4636 0.098878
0.020547 1.6813 0.11038
0.020699 1.6043 0.098758
0.020851 1.5031 0.088705
0.021005 1.4852 0.10204
0.02116 1.478 0.09484
0.021316 1.8216 0.095741
0.021473 1.7765 0.10705
0.021631 1.6345 0.097518
0.02179 1.5943 0.095011
0.021951 1.7041 0.090975
0.022113 1.5197 0.096164
0.022276 1.7865 0.10263
0.02244 1.6744 0.084478
0.022605 1.498 0.099971
0.022772 1.562 0.08874
0.02294 1.7905 0.089621
0.023109 1.7835 0.094203
0.023279 1.4915 0.097408
0.02345 2.0005 0.092214
0.023623 1.8332 0.089739
0.023797 1.8796 0.10526
0.023973 1.7113 0.082853
0.024149 2.0251 0.096871
0.024327 1.8184 0.090829
0.024507 1.9437 0.093887
0.024687 1.9645 0.087017
0.024869 2.0781 0.1004
0.025052 1.9796 0.087352
0.025237 1.7246 0.088467
0.025423 2.1574 0.096238
0.02561 2.0571 0.087846
0.025799 1.9946 0.087285
0.025989 2.3242 0.10552
0.026181 2.1386 0.086068
0.026373 2.3587 0.094412
0.026568 2.418 0.09693
0.026764 2.2426 0.088853
0.026961 2.1703 0.090172
0.027159 2.3989 0.096546
0.02736 2.4523 0.087801
0.027561 2.5576 0.1016
0.027764 2.337 0.084443
0.027969 2.6257 0.096939
0.028175 2.46 0.090385
0.028383 2.8219 0.097954
0.028592 2.5143 0.09065
0.028802 2.9052 0.096255
0.029015 2.7144 0.089012
0.029228 2.8257 0.097613
0.029444 2.7854 0.089518
0.029661 3.1434 0.096072
0.029879 2.9449 0.09727
0.0301 3.1303 0.092013
0.030321 3.536 0.10912
0.030545 3.067 0.088229
0.03077 3.4891 0.099784
0.030997 3.254 0.09845
0.031225 3.4056 0.090724
0.031455 3.3922 0.10015
0.031687 3.3917 0.090811
0.03192 3.5158 0.098129
0.032156 3.4079 0.093543
0.032393 3.8411 0.096318
0.032631 3.5445 0.095991
0.032872 3.7352 0.093899
0.033114 3.9809 0.098642
0.033358 3.7473 0.095429
0.033604 4.0914 0.096873
0.033851 3.8589 0.092057
0.034101 4.2026 0.10516
0.034352 3.8515 0.087414
0.034605 4.2133 0.099983
0.03486 4.2033 0.094795
0.035117 4.576 0.097876
0.035376 4.0624 0.092723
0.035637 4.5364 0.099242
0.035899 4.2871 0.092425
0.036164 4.4775 0.093992
0.03643 4.3373 0.096803
0.036699 4.7099 0.091862
0.036969 4.4638 0.094302
0.037241 4.8098 0.096251
0.037516 4.8183 0.097023
0.037792 4.8928 0.093225
0.038071 4.7153 0.092322
0.038351 4.924 0.096935
0.038634 4.7492 0.08882
0.038919 5.0683 0.094661
0.039205 4.9863 0.092326
0.039494 5.1551 0.096512
0.039785 4.9152 0.086582
0.040079 4.8084 0.090293
0.040374 4.8366 0.087028
0.040671 5.2167 0.094618
0.040971 4.8749 0.086222
0.041273 4.74 0.085669
0.041577 5.0006 0.086683
0.041883 5.0044 0.087687
0.042192 5.0536 0.088616
0.042503 4.6524 0.080446
0.042816 4.8432 0.083649
0.043132 4.7231 0.080646
0.04345 4.7151 0.08254
0.04377 4.7362 0.081574
0.044092 4.5029 0.078232
0.044417 4.5127 0.078054
0.044744 4.3251 0.073795
0.045074 4.4767 0.076738
0.045406 4.2605 0.074163
0.045741 4.2753 0.073714
0.046078 4.157 0.072468
0.046417 4.0616 0.070559
0.04676 3.9136 0.070101
0.047104 3.8432 0.06706
0.047451 3.8035 0.06578
0.047801 3.5924 0.06448
0.048153 3.5185 0.063637
0.048508 3.4038 0.060911
0.048865 3.1333 0.059086
0.049225 3.2759 0.060247
0.049588 3.0412 0.056773
0.049954 3.0182 0.056635
0.050322 2.7956 0.055306
0.050693 2.8342 0.053199
0.051066 2.6323 0.051978
0.051442 2.7329 0.052308
0.051821 2.467 0.049296
0.052203 2.4131 0.048644
0.052588 2.4941 0.048699
0.052975 2.4077 0.047969
0.053366 2.2505 0.045758
0.053759 2.145 0.04443
0.054155 2.1134 0.043857
0.054554 2.0698 0.042126
0.054956 1.8552 0.040455
0.055361 1.8785 0.040152
0.055769 1.8305 0.040056
0.05618 1.73 0.038039
0.056594 1.7648 0.038183
0.057011 1.6544 0.036655
0.057431 1.6282 0.036655
0.057854 1.5019 0.034442
0.058281 1.3942 0.03339
0.05871 1.5033 0.033883
0.059143 1.4332 0.033058
0.059579 1.4106 0.03262
0.060018 1.3414 0.031334
0.06046 1.2633 0.030347
0.060905 1.2404 0.029806
0.061354 1.2278 0.029716
0.061806 1.1581 0.028461
0.062262 1.1868 0.028635
0.062721 1.1517 0.027781
0.063183 1.1829 0.028425
0.063648 1.1745 0.027843
0.064117 1.1077 0.026511
0.06459 1.0484 0.025878
0.065066 1.0528 0.025758
0.065545 1.1359 0.026763
0.066028 1.0503 0.025631
0.066515 1.0563 0.024948
0.067005 1.0306 0.024877
0.067499 1.0724 0.025479
0.067996 1.0622 0.024699
0.068497 0.9813 0.023407
0.069002 1.0047 0.024066
0.06951 0.96918 0.023063
0.070023 1.0544 0.023852
0.070539 1.0204 0.023653
0.071058 0.95835 0.022379
0.071582 0.99314 0.022619
0.072109 0.99438 0.022805
0.072641 1.0039 0.022533
0.073176 0.97157 0.022081
0.073715 0.94709 0.021637
0.074258 1.0037 0.021888
0.074806 0.96513 0.021636
0.075357 0.96972 0.021424
0.075912 0.96862 0.02127
0.076472 0.95973 0.020743
0.077035 0.93727 0.020732
0.077603 0.93946 0.020487
0.078175 0.93996 0.020256
0.078751 0.92409 0.020014
0.079331 0.91695 0.019805
0.079916 0.93699 0.019903
0.080504 0.92991 0.019795
0.081098 0.90597 0.018952
0.081695 0.87352 0.019087
0.082297 0.86694 0.018258
0.082904 0.86985 0.018559
0.083515 0.84419 0.017809
0.08413 0.84262 0.017961
0.08475 0.84025 0.017873
0.085374 0.88597 0.018034
0.086004 0.82612 0.017537
0.086637 0.82133 0.016964
0.087276 0.79302 0.016561
0.087919 0.79497 0.016766
0.088567 0.80562 0.016658
0.089219 0.76103 0.016113
0.089877 0.7923 0.016197
0.090539 0.7725 0.015875
0.091206 0.77906 0.015813
0.091878 0.74356 0.015499
0.092555 0.75894 0.015528
0.093237 0.73232 0.014953
0.093924 0.69186 0.014463
0.094616 0.70307 0.014676
0.095314 0.69555 0.01432
0.096016 0.69459 0.014224
0.096724 0.66843 0.014028
0.097436 0.65786 0.013784
0.098154 0.63869 0.013215
0.098878 0.64486 0.013394
0.099606 0.63692 0.013274
0.10034 0.64472 0.013022
0.10108 0.60207 0.012689
0.10182 0.61708 0.012699
0.10257 0.62655 0.012618
0.10333 0.57328 0.012168
0.10409 0.58473 0.011977
0.10486 0.58028 0.012024
0.10563 0.58948 0.011943
0.10641 0.58076 0.011802
0.10719 0.57492 0.01174
0.10798 0.51829 0.010887
0.10878 0.55349 0.011402
0.10958 0.53151 0.010871
0.11039 0.53385 0.011012
0.1112 0.53025 0.010706
0.11202 0.52045 0.010765
0.11285 0.52674 0.010502
0.11368 0.51376 0.010474
0.11452 0.50609 0.010126
0.11536 0.51208 0.010314
0.11621 0.51316 0.010155
0.11707 0.49617 0.0099334
0.11793 0.48962 0.0098129
0.1188 0.48216 0.0096038
0.11967 0.47375 0.009588
0.12056 0.47607 0.0093952
0.12144 0.47027 0.0092965
0.12234 0.48913 0.0095411
0.12324 0.4633 0.0090522
0.12415 0.46802 0.0090949
0.12506 0.44747 0.0089522
0.12598 0.44858 0.0087102
0.12691 0.43312 0.008586
0.12785 0.43094 0.0085055
0.12879 0.43953 0.0085536
0.12974 0.42253 0.0082645
0.1307 0.42639 0.0082549
0.13166 0.42287 0.0082021
0.13263 0.41909 0.0081023
0.13361 0.41005 0.0079188
0.13459 0.40491 0.0078337
0.13558 0.39915 0.0076901
0.13658 0.38467 0.0075971
0.13759 0.40324 0.0076258
0.1386 0.39651 0.0075297
0.13962 0.38145 0.0073535
0.14065 0.39015 0.0073405
0.14169 0.38483 0.0072552
0.14273 0.36422 0.0070393
0.14378 0.3645 0.0069547
0.14484 0.36626 0.0069398
0.14591 0.36216 0.0068442
0.14699 0.3568 0.0067794
0.14807 0.35895 0.0067251
0.14916 0.33594 0.0064633
0.15026 0.32952 0.0063457
0.15137 0.34956 0.0065061
0.15248 0.3243 0.0062052
0.15361 0.32105 0.0061532
0.15474 0.31561 0.0060442
0.15588 0.31256 0.0059897
0.15703 0.29668 0.0057858
0.15818 0.31034 0.0058716
0.15935 0.30471 0.0057838
0.16052 0.29797 0.0056592
0.16171 0.29234 0.005583
0.1629 0.28403 0.0054755
0.1641 0.27643 0.0053596
0.16531 0.28392 0.0054005
0.16653 0.27347 0.0052477
0.16775 0.27432 0.0052218
0.16899 0.27175 0.0051602
0.17023 0.26428 0.0050693
0.17149 0.26203 0.0050038
0.17275 0.25639 0.0049044
0.17403 0.2525 0.0048494
0.17531 0.24584 0.0047618
0.1766 0.23754 0.0046233
0.1779 0.24687 0.0046963
0.17921 0.24202 0.0046006
0.18053 0.22607 0.0044454
0.18186 0.22216 0.0043617
0.1832 0.22506 0.0043637
0.18455 0.20931 0.0041909
0.18591 0.21475 0.0042059
0.18728 0.20714 0.0040977
0.18866 0.19833 0.0040114
0.19005 0.19691 0.0039322
0.19145 0.18523 0.0038325
0.19286 0.18563 0.0037855
0.19429 0.18778 0.0037832
0.19572 0.17334 0.0036313
