#
0.0050184 12.368 1.2398
0.0050554 18.724 1.7047
0.0050926 16.243 1.588
0.0051301 10.018 1.1158
0.0051679 13.712 1.1915
0.005206 20.124 2.4989
0.0052444 19.807 3.5067
0.005283 NaN NaN
0.005322 11.551 1.5463
0.0053612 12.829 1.4119
0.0054007 16.196 1.2945
0.0054405 16.278 1.0053
0.0054806 16.089 1.2904
0.005521 14.849 1.2398
0.0055616 14.969 1.3638
0.0056026 11.133 1.1762
0.0056439 14.751 1.2355
0.0056855 10.924 1.5043
0.0057274 15.463 2.1917
0.0057696 12.529 1.3948
0.0058121 11.902 1.3599
0.0058549 11.34 0.88475
0.0058981 13.197 1.6531
0.0059416 15.626 1.5575
0.0059853 13.166 1.081
0.0060294 10.509 1.8073
0.0060739 11.227 0.73254
0.0061186 15.161 1.5342
0.0061637 13.459 1.0221
0.0062091 7.4094 0.7158
0.0062549 11.871 1.2147
0.006301 9.8883 1.7533
0.0063474 6.7918 0.7269
0.0063942 12.687 1.4034
0.0064413 7.0977 1.4865
0.0064888 9.5816 1.7257
0.0065366 11.847 0.75245
0.0065847 9.6822 0.7083
0.0066333 8.4787 0.6925
0.0066821 9.3619 0.91175
0.0067314 6.6679 0.91106
0.006781 6.1758 0.87667
0.006831 9.4245 1.2104
0.0068813 8.8791 0.83096
0.006932 7.0557 0.79208
0.0069831 7.0055 1.2049
0.0070345 9.8037 0.933
0.0070864 5.706 0.47134
0.0071386 7.19 0.63758
0.0071912 8.2446 1.3069
0.0072442 7.1031 0.74323
0.0072976 8.9276 0.78533
0.0073513 7.1533 0.60904
0.0074055 6.3985 0.70595
0.0074601 7.7815 0.98406
0.0075151 4.9292 1.2398
0.0075704 5.0745 0.59251
0.0076262 7.1438 0.56357
0.0076824 8.4251 0.6902
0.007739 5.0717 0.59251
0.0077961 5.9908 0.4684
0.0078535 3.9514 0.59406
0.0079114 6.4867 0.71018
0.0079697 5.1401 1.0332
0.0080284 2.5761 0.56815
0.0080876 7.1766 0.58596
0.0081471 5.5159 0.44957
0.0082072 4.4237 0.50089
0.0082677 5.863 0.51065
0.0083286 5.2139 0.54347
0.00839 6.17 0.80029
0.0084518 6.9993 0.69563
0.0085141 3.4538 0.40742
0.0085768 4.6653 0.45588
0.00864 4.441 0.74388
0.0087037 5.4368 0.55503
0.0087678 3.9475 0.38071
0.0088324 5.1777 0.42319
0.0088975 4.379 0.52234
0.0089631 4.8899 0.46651
0.0090291 3.5684 0.47211
0.0090956 3.7506 0.46129
0.0091627 4.9345 1.2398
0.0092302 4.7662 0.39558
0.0092982 3.6161 0.30671
0.0093667 4.2747 0.40819
0.0094357 2.9145 0.67553
0.0095053 3.8186 0.35442
0.0095753 4.4499 0.55531
0.0096459 3.8178 0.39854
0.0097169 3.1757 0.40676
0.0097885 3.7795 0.33528
0.0098607 4.2727 0.40819
0.0099333 3.9005 0.52002
0.010007 3.5198 0.29652
0.01008 3.0313 0.34437
0.010155 3.8153 0.48811
0.010229 3.6399 0.43529
0.010305 3.3022 0.3593
0.010381 3.8745 0.3772
0.010457 3.3284 0.28312
0.010534 2.8167 0.28318
0.010612 2.0624 0.40265
0.01069 2.6829 0.32416
0.010769 3.7314 0.39424
0.010848 3.663 0.33004
0.010928 2.511 0.27375
0.011009 3.5202 0.29652
0.01109 2.8327 0.36937
0.011171 3.899 0.34043
0.011254 2.4856 0.29425
0.011337 2.7206 0.34866
0.01142 2.6244 0.27319
0.011504 2.964 0.25293
0.011589 2.5326 0.2627
0.011675 3.5282 0.34063
0.011761 3.0342 0.3249
0.011847 2.7889 0.39849
0.011935 2.9373 0.25629
0.012023 2.5461 0.22341
0.012111 2.5454 0.28238
0.0122 2.2738 0.26071
0.01229 2.3131 0.25671
0.012381 2.6338 0.26214
0.012472 2.7042 0.27752
0.012564 2.5933 0.25007
0.012657 2.7497 0.25256
0.01275 2.3461 0.22521
0.012844 1.7986 0.25073
0.012938 2.474 0.24432
0.013034 2.6678 0.26953
0.01313 2.4108 0.18531
0.013227 1.9475 0.21292
0.013324 2.8887 0.32616
0.013422 2.6496 0.24354
0.013521 1.8935 0.24406
0.013621 2.3273 0.19107
0.013721 2.3936 0.21997
0.013822 2.3022 0.24041
0.013924 2.0916 0.19098
0.014027 1.8313 0.26843
0.01413 2.315 0.20082
0.014234 2.3883 0.19846
0.014339 1.9146 0.18045
0.014445 2.3142 0.23188
0.014551 2.2696 0.28944
0.014658 2.187 0.16736
0.014766 2.2471 0.19784
0.014875 1.9509 0.19897
0.014985 2.1111 0.20685
0.015095 2.0212 0.18785
0.015206 1.9246 0.1886
0.015319 2.0153 0.17568
0.015431 1.9675 0.16589
0.015545 1.8875 0.18683
0.01566 2.1046 0.22142
0.015775 1.8631 0.16905
0.015891 2.0991 0.1608
0.016008 1.659 0.1807
0.016126 2.174 0.18955
0.016245 1.7228 0.17865
0.016365 1.9715 0.15295
0.016486 2.1636 0.18207
0.016607 2.074 0.15988
0.016729 1.9358 0.20141
0.016853 1.803 0.15716
0.016977 2.0641 0.15942
0.017102 1.9278 0.16228
0.017228 2.0389 0.19702
0.017355 1.8742 0.1426
0.017483 2.1934 0.16938
0.017612 2.0682 0.16984
0.017741 1.9847 0.15953
0.017872 2.1362 0.16891
0.018004 2.0816 0.16349
0.018136 1.8607 0.13526
0.01827 1.9155 0.16551
0.018405 1.9288 0.17871
0.01854 2.1578 0.13534
0.018677 1.7955 0.15336
0.018815 1.9981 0.15544
0.018953 1.8307 0.14612
0.019093 2.349 0.15669
0.019234 2.1901 0.14658
0.019375 1.7382 0.14503
0.019518 1.942 0.15471
0.019662 1.956 0.12805
0.019807 2.1777 0.15226
0.019953 2.2079 0.16488
0.0201 1.9413 0.13399
0.020248 1.8403 0.12773
0.020397 2.19 0.14898
0.020547 2.4415 0.16386
0.020699 2.4426 0.15008
0.020851 2.1701 0.13131
0.021005 2.0532 0.14785
0.02116 2.1872 0.14211
0.021316 2.1507 0.1283
0.021473 2.346 0.15162
0.021631 2.0515 0.1347
0.02179 2.3504 0.1421
0.021951 2.3806 0.13249
0.022113 2.2231 0.14328
0.022276 2.1696 0.13947
0.02244 2.2011 0.1194
0.022605 2.4623 0.15778
0.022772 2.2634 0.1316
0.02294 2.5204 0.13101
0.023109 2.2124 0.12937
0.023279 2.5676 0.1573
0.02345 2.4529 0.12589
0.023623 2.3917 0.12634
0.023797 2.3374 0.14471
0.023973 2.5597 0.12481
0.024149 2.7236 0.13844
0.024327 2.7582 0.13777
0.024507 2.4918 0.13104
0.024687 2.6264 0.12399
0.024869 2.6417 0.13953
0.025052 2.7768 0.12746
0.025237 2.7931 0.13861
0.025423 2.7429 0.13375
0.02561 2.8499 0.1274
0.025799 2.928 0.13027
0.025989 3.23 0.15326
0.026181 2.7803 0.12095
0.026373 3.0943 0.13326
0.026568 3.0244 0.13362
0.026764 3.0625 0.12794
0.026961 3.0271 0.13121
0.027159 2.9778 0.1326
0.02736 3.4831 0.12891
0.027561 3.3932 0.14421
0.027764 2.9938 0.1178
0.027969 3.7726 0.14314
0.028175 3.4215 0.13133
0.028383 3.8243 0.1405
0.028592 3.5334 0.13239
0.028802 3.6283 0.13257
0.029015 3.8052 0.12984
0.029228 3.834 0.14009
0.029444 3.7525 0.12802
0.029661 3.9444 0.13262
0.029879 3.6727 0.13387
0.0301 4.1405 0.13039
0.030321 4.0983 0.1448
0.030545 3.9519 0.12341
0.03077 4.298 0.13648
0.030997 4.1137 0.13641
0.031225 4.2687 0.12517
0.031455 4.2936 0.13884
0.031687 4.4367 0.12797
0.03192 4.4898 0.13664
0.032156 4.5067 0.13254
0.032393 4.9876 0.13523
0.032631 4.7094 0.13632
0.032872 4.8463 0.13178
0.033114 4.5475 0.12995
0.033358 4.9577 0.13523
0.033604 4.5956 0.12655
0.033851 4.7195 0.12546
0.034101 5.2738 0.14515
0.034352 4.719 0.11924
0.034605 5.3231 0.13847
0.03486 4.8743 0.12581
0.035117 5.5937 0.13334
0.035376 4.8869 0.12533
0.035637 5.6707 0.13671
0.035899 4.9801 0.12277
0.036164 5.4206 0.12744
0.03643 5.251 0.13125
0.036699 5.6201 0.12365
0.036969 5.0735 0.12391
0.037241 5.6163 0.12817
0.037516 5.1683 0.12385
0.037792 5.7442 0.12448
0.038071 5.2242 0.11977
0.038351 5.8167 0.12983
0.038634 5.1431 0.11392
0.038919 5.6648 0.12333
0.039205 5.3005 0.11733
0.039494 5.5881 0.12384
0.039785 5.1093 0.10881
0.040079 5.3696 0.1176
0.040374 5.351 0.11282
0.040671 5.638 0.12123
0.040971 5.5276 0.11315
0.041273 5.1544 0.11011
0.041577 5.2437 0.10941
0.041883 5.0784 0.10889
0.042192 5.2561 0.1114
0.042503 4.8797 0.10156
0.042816 5.4645 0.1095
0.043132 5.1565 0.10386
0.04345 4.8293 0.10298
0.04377 5.0735 0.10406
0.044092 4.6069 0.097556
0.044417 4.7934 0.099163
0.044744 4.2953 0.090674
0.045074 4.7138 0.097069
0.045406 4.4992 0.093952
0.045741 4.3063 0.091214
0.046078 4.497 0.092913
0.046417 4.1731 0.088181
0.04676 4.099 0.088448
0.047104 4.1957 0.086376
0.047451 3.741 0.080449
0.047801 3.7654 0.081398
0.048153 3.6645 0.08008
0.048508 3.4116 0.075206
0.048865 3.343 0.075258
0.049225 3.5118 0.076914
0.049588 3.2019 0.071841
0.049954 3.2275 0.072222
0.050322 3.0269 0.070967
0.050693 2.9762 0.067237
0.051066 2.9243 0.067559
0.051442 2.9597 0.06713
0.051821 2.7185 0.06382
0.052203 2.7318 0.063824
0.052588 2.576 0.061058
0.052975 2.4149 0.059283
0.053366 2.2211 0.05611
0.053759 2.3845 0.057784
0.054155 2.1613 0.054735
0.054554 2.1237 0.052665
0.054956 2.0218 0.052113
0.055361 2.0888 0.052238
0.055769 1.9512 0.05104
0.05618 1.8447 0.048485
0.056594 1.7741 0.047273
0.057011 1.6884 0.045729
0.057431 1.779 0.047293
0.057854 1.6817 0.044984
0.058281 1.6156 0.044358
0.05871 1.6168 0.043385
0.059143 1.5332 0.042223
0.059579 1.5162 0.041762
0.060018 1.3926 0.039442
0.06046 1.3779 0.039143
0.060905 1.4177 0.039337
0.061354 1.3121 0.037952
0.061806 1.4028 0.038656
0.062262 1.3265 0.037389
0.062721 1.2779 0.036147
0.063183 1.2874 0.036634
0.063648 1.2699 0.035766
0.064117 1.2769 0.035146
0.06459 1.1597 0.033626
0.065066 1.1938 0.033879
0.065545 1.1311 0.033031
0.066028 1.1307 0.032866
0.066515 1.1937 0.032762
0.067005 1.1776 0.032844
0.067499 1.1754 0.032959
0.067996 1.17 0.032028
0.068497 1.1169 0.030849
0.069002 1.1503 0.031805
0.06951 1.0346 0.029462
0.070023 1.0516 0.029468
0.070539 1.1384 0.030867
0.071058 1.0273 0.028645
0.071582 1.049 0.028741
0.072109 1.1086 0.029751
0.072641 1.0449 0.028428
0.073176 1.0665 0.028592
0.073715 1.0739 0.028466
0.074258 1.0637 0.027858
0.074806 1.0445 0.027824
0.075357 1.0227 0.027206
0.075912 1.0458 0.027322
0.076472 1.0272 0.02653
0.077035 1.0014 0.026498
0.077603 0.96101 0.025636
0.078175 0.98479 0.025645
0.078751 1.0239 0.026039
0.079331 0.95639 0.025022
0.079916 0.95136 0.024815
0.080504 0.93076 0.024508
0.081098 0.90844 0.023489
0.081695 0.92284 0.02427
0.082297 0.87866 0.022754
0.082904 0.92985 0.023732
0.083515 0.89674 0.022707
0.08413 0.92506 0.02327
0.08475 0.88453 0.02269
0.085374 0.87689 0.022216
0.086004 0.8473 0.021984
0.086637 0.82466 0.021052
0.087276 0.82065 0.020855
0.087919 0.78898 0.020692
0.088567 0.80351 0.020606
0.089219 0.76002 0.019951
0.089877 0.7789 0.019898
0.090539 0.78592 0.019831
0.091206 0.76085 0.019364
0.091878 0.76312 0.019445
0.092555 0.72335 0.018799
0.093237 0.7007 0.018139
0.093924 0.70619 0.018107
0.094616 0.69575 0.0181
0.095314 0.71847 0.01803
0.096016 0.6928 0.017611
0.096724 0.66739 0.017381
0.097436 0.65249 0.017025
0.098154 0.65656 0.016609
0.098878 0.62626 0.01638
0.099606 0.63611 0.016455
0.10034 0.58734 0.015444
0.10108 0.60598 0.015793
0.10182 0.62135 0.015806
0.10257 0.61541 0.015518
0.10333 0.61439 0.015612
0.10409 0.60143 0.015067
0.10486 0.58258 0.014952
0.10563 0.58816 0.014804
0.10641 0.57807 0.014614
0.10719 0.56585 0.014461
0.10798 0.58067 0.014276
0.10878 0.56345 0.014277
0.10958 0.53738 0.013572
0.11039 0.53267 0.013661
0.1112 0.56109 0.013659
0.11202 0.53663 0.013567
0.11285 0.51756 0.012934
0.11368 0.54509 0.013381
0.11452 0.51437 0.012676
0.11536 0.51972 0.012903
0.11621 0.52035 0.012698
0.11707 0.52078 0.012629
0.11793 0.47783 0.012054
0.1188 0.47626 0.011868
0.11967 0.46301 0.01179
0.12056 0.46111 0.011504
0.12144 0.46971 0.011551
0.12234 0.47366 0.011678
0.12324 0.44703 0.011067
0.12415 0.4672 0.011298
0.12506 0.44126 0.011061
0.12598 0.45245 0.010877
0.12691 0.44393 0.010806
0.12785 0.41831 0.010437
0.12879 0.43123 0.010547
0.12974 0.42017 0.010257
0.1307 0.44315 0.01046
0.13166 0.43378 0.01033
0.13263 0.41073 0.0099884
0.13361 0.40783 0.0098312
0.13459 0.39922 0.0096874
0.13558 0.41348 0.0097338
0.13658 0.39616 0.0095938
0.13759 0.3997 0.0094534
0.1386 0.37307 0.0091124
0.13962 0.37969 0.00914
0.14065 0.38233 0.0090547
0.14169 0.3793 0.0089764
0.14273 0.38004 0.0089481
0.14378 0.37321 0.0087629
0.14484 0.37332 0.0087263
0.14591 0.36065 0.0085139
0.14699 0.35211 0.0083994
0.14807 0.34976 0.0082822
0.14916 0.3494 0.008211
0.15026 0.35479 0.0081928
0.15137 0.33629 0.0079672
0.15248 0.33384 0.0078472
0.15361 0.32273 0.0076969
0.15474 0.31781 0.0075699
0.15588 0.32176 0.0075781
0.15703 0.32525 0.0075402
0.15818 0.31363 0.0073662
0.15935 0.31278 0.0073103
0.16052 0.30769 0.0071742
0.16171 0.2972 0.00703
0.1629 0.30037 0.0070218
0.1641 0.29514 0.0069061
0.16531 0.28774 0.0067921
0.16653 0.2859 0.0066974
0.16775 0.27829 0.0065742
0.16899 0.28244 0.0065695
0.17023 0.26799 0.0063838
0.17149 0.27304 0.0063805
0.17275 0.25743 0.0061504
0.17403 0.26138 0.0061682
0.17531 0.25673 0.0060832
0.1766 0.24671 0.0058945
0.1779 0.24251 0.0058355
0.17921 0.24007 0.0057432
0.18053 0.23751 0.0057012
0.18186 0.23286 0.0055891
0.1832 0.22879 0.0055147
0.18455 0.22619 0.0054493
0.18591 0.21333 0.0052658
0.18728 0.21853 0.0052716
0.18866 0.21196 0.0051936
0.19005 0.20401 0.0050225
0.19145 0.20123 0.0050038
0.19286 0.19298 0.004848
0.19429 0.19293 0.0048189
0.19572 0.18118 0.0046682
