#
0.0050184 13.909 4.2883
0.0050554 54.664 9.4238
0.0050926 499.09 28.409
0.0051301 23.018 5.4855
0.0051679 32.025 5.9015
0.005206 116.13 19.394
0.0052444 969.38 79.175
0.005283 NaN NaN
0.005322 42.881 9.637
0.0053612 31.971 7.2278
0.0054007 39.608 6.5539
0.0054405 58.562 6.1669
0.0054806 29.87 5.7014
0.005521 739.9 28.24
0.0055616 34.569 6.7183
0.0056026 394.08 22.58
0.0056439 36.387 6.2826
0.0056855 19.103 6.4648
0.0057274 529.74 41.394
0.0057696 36.926 7.7509
0.0058121 28.772 6.8569
0.0058549 22.011 3.9994
0.0058981 27.723 7.7696
0.0059416 101.54 12.828
0.0059853 35.711 5.7674
0.0060294 25.557 9.1425
0.0060739 272.73 11.652
0.0061186 30.433 7.0448
0.0061637 205.82 12.904
0.0062091 19.807 3.8009
0.0062549 165.17 14.628
0.006301 22.313 8.5521
0.0063474 14.263 3.4285
0.0063942 20.798 5.8272
0.0064413 112.81 19.123
0.0064888 32.044 10.222
0.0065366 27.074 3.688
0.0065847 92.891 7.0858
0.0066333 178.34 10.247
0.0066821 167.82 12.459
0.0067314 16.526 4.6618
0.006781 116.12 12.266
0.006831 12.628 4.5714
0.0068813 18.253 3.8755
0.006932 38.488 5.9852
0.0069831 27.805 7.7696
0.0070345 16.352 3.9183
0.0070864 11.425 2.1759
0.0071386 69.692 6.411
0.0071912 476.01 32.035
0.0072442 136.3 10.505
0.0072976 21.273 3.9343
0.0073513 48.202 5.1108
0.0074055 10.161 2.9137
0.0074601 53.999 8.3792
0.0075151 9.3841 5.5988
0.0075704 16.287 3.4449
0.0076262 20.474 3.0977
0.0076824 66.705 6.2749
0.007739 111.79 8.9715
0.0077961 45.743 4.183
0.0078535 64.295 7.7268
0.0079114 13.505 3.3319
0.0079697 51.449 10.557
0.0080284 10.057 3.6571
0.0080876 16.163 2.8567
0.0081471 17.594 2.6071
0.0082072 8.5208 2.2763
0.0082677 94.389 6.6114
0.0083286 61.426 6.0221
0.00839 68.654 8.6196
0.0084518 13.374 3.1311
0.0085141 22.094 3.3359
0.0085768 8.9415 2.0652
0.00864 11.404 3.8789
0.0087037 13.208 2.8186
0.0087678 24.055 3.0422
0.0088324 73.75 5.1548
0.0088975 8.8181 2.419
0.0089631 26.522 3.5167
0.0090291 12.648 2.8912
0.0090956 9.141 2.3509
0.0091627 -0.25701 NaN
0.0092302 8.1944 1.7013
0.0092982 18.855 2.2697
0.0093667 71.65 5.3906
0.0094357 11 4.2762
0.0095053 17.027 2.4299
0.0095753 15.519 3.3692
0.0096459 6.198 1.6693
0.0097169 8.8752 2.2213
0.0097885 8.0148 1.5997
0.0098607 38.093 3.9382
0.0099333 37.086 5.1798
0.010007 14.726 1.9694
0.01008 11.006 2.1381
0.010155 6.8184 2.1442
0.010229 4.558 1.6163
0.010305 9.7909 2.0203
0.010381 10.364 2.0123
0.010457 37.197 3.0554
0.010534 9.6861 1.7135
0.010612 6.9627 2.4244
0.01069 7.3723 1.7613
0.010769 5.7283 1.6127
0.010848 6.8005 1.4765
0.010928 7.4076 1.5393
0.011009 34.383 2.9934
0.01109 17.606 2.9838
0.011171 9.2611 1.7141
0.011254 4.013 1.2443
0.011337 6.6694 1.7885
0.01142 5.624 1.3142
0.011504 15.529 1.8784
0.011589 13.201 1.9474
0.011675 9.234 1.8005
0.011761 6.8614 1.6063
0.011847 8.5148 2.2763
0.011935 3.8494 0.97967
0.012023 6.5516 1.1781
0.012111 21.696 2.6655
0.0122 8.9362 1.6862
0.01229 6.4914 1.4093
0.012381 5.1097 1.2047
0.012472 7.0435 1.4694
0.012564 4.9155 1.1395
0.012657 15.267 1.9304
0.01275 9.0852 1.4448
0.012844 5.8274 1.4809
0.012938 6.6551 1.3158
0.013034 2.8061 0.93237
0.01313 6.3348 0.98567
0.013227 12.887 1.7758
0.013324 9.2098 1.9015
0.013422 4.5428 1.0582
0.013521 3.5849 1.1199
0.013621 5.8459 0.99636
0.013721 9.1125 1.399
0.013822 6.9419 1.3684
0.013924 3.8546 0.86131
0.014027 3.7443 1.2779
0.01413 4.7481 0.95032
0.014234 3.8107 0.83353
0.014339 7.5617 1.1721
0.014445 4.7401 1.0973
0.014551 5.0347 1.423
0.014658 3.9409 0.74641
0.014766 6.734 1.1215
0.014875 8.6666 1.3676
0.014985 5.9577 1.1423
0.015095 3.4799 0.82303
0.015206 3.7188 0.87143
0.015319 4.934 0.90586
0.015431 6.296 0.97443
0.015545 3.332 0.82891
0.01566 3.9903 1.016
0.015775 3.6617 0.78848
0.015891 5.4123 0.85041
0.016008 5.9875 1.1249
0.016126 3.1078 0.76094
0.016245 2.9451 0.78409
0.016365 2.6289 0.59767
0.016486 6.1644 1.0097
0.016607 3.375 0.68272
0.016729 3.1633 0.86209
0.016853 2.5003 0.62863
0.016977 3.3986 0.68271
0.017102 3.2394 0.70279
0.017228 3.6316 0.87621
0.017355 2.1574 0.52291
0.017483 3.8842 0.74997
0.017612 5.1915 0.88567
0.017741 3.0183 0.65977
0.017872 3.1582 0.68784
0.018004 2.9732 0.65978
0.018136 5.7678 0.7825
0.01827 3.0791 0.70475
0.018405 2.2514 0.65903
0.01854 3.4579 0.57295
0.018677 5.2557 0.86247
0.018815 4.1782 0.74602
0.018953 2.0918 0.53551
0.019093 3.0552 0.6
0.019234 4.5567 0.69991
0.019375 4.0784 0.73559
0.019518 3.6461 0.70586
0.019662 3.1592 0.54524
0.019807 4.8499 0.75127
0.019953 2.9974 0.64646
0.0201 2.2764 0.4941
0.020248 3.4398 0.58311
0.020397 1.5672 0.44251
0.020547 2.5512 0.56719
0.020699 2.7511 0.53789
0.020851 4.8732 0.6496
0.021005 3.4422 0.639
0.02116 1.9885 0.46586
0.021316 4.1384 0.59005
0.021473 4.4648 0.69259
0.021631 3.0923 0.55394
0.02179 3.5224 0.5808
0.021951 3.8347 0.55897
0.022113 3.4087 0.59381
0.022276 3.6932 0.60569
0.02244 3.0933 0.47604
0.022605 2.321 0.52146
0.022772 2.6328 0.47965
0.02294 3.8683 0.53982
0.023109 5.0796 0.64707
0.023279 3.4036 0.60507
0.02345 3.32 0.48983
0.023623 3.965 0.54161
0.023797 3.411 0.58419
0.023973 3.5964 0.49429
0.024149 4.5044 0.59019
0.024327 3.1886 0.49738
0.024507 4.5313 0.5859
0.024687 3.947 0.50557
0.024869 3.6666 0.54853
0.025052 3.7632 0.49462
0.025237 3.8364 0.54112
0.025423 4.0239 0.53881
0.02561 3.4487 0.47025
0.025799 3.8964 0.50089
0.025989 3.99 0.56762
0.026181 4.1124 0.489
0.026373 4.986 0.5596
0.026568 4.3992 0.53525
0.026764 4.3097 0.50346
0.026961 4.1801 0.51243
0.027159 4.6455 0.54897
0.02736 4.5416 0.48861
0.027561 4.7724 0.56697
0.027764 3.3492 0.41755
0.027969 6.1181 0.60029
0.028175 3.5646 0.44856
0.028383 5.313 0.54755
0.028592 4.7283 0.508
0.028802 5.0614 0.51846
0.029015 4.7443 0.48095
0.029228 6.0145 0.57813
0.029444 5.6774 0.51947
0.029661 5.2072 0.5038
0.029879 5.7224 0.55103
0.0301 5.4522 0.49424
0.030321 6.5453 0.60193
0.030545 5.0961 0.46374
0.03077 5.6719 0.51782
0.030997 4.7648 0.48692
0.031225 6.1062 0.49297
0.031455 6.3105 0.5543
0.031687 5.2966 0.46228
0.03192 5.6602 0.50637
0.032156 5.7419 0.49328
0.032393 6.3007 0.50025
0.032631 6.4339 0.52406
0.032872 6.1376 0.48876
0.033114 5.9389 0.48986
0.033358 5.718 0.47938
0.033604 6.6417 0.50051
0.033851 6.0005 0.46646
0.034101 6.965 0.54829
0.034352 6.2977 0.45372
0.034605 8.0128 0.55686
0.03486 6.6529 0.48334
0.035117 7.3375 0.50138
0.035376 6.9062 0.48983
0.035637 8.6458 0.55268
0.035899 6.835 0.4729
0.036164 8.0392 0.50889
0.03643 7.121 0.50246
0.036699 8.1567 0.48822
0.036969 7.0554 0.48014
0.037241 9.1232 0.53447
0.037516 7.4081 0.48683
0.037792 8.0402 0.48319
0.038071 8.0267 0.48673
0.038351 8.8459 0.52435
0.038634 7.147 0.44115
0.038919 8.4672 0.49386
0.039205 8.2674 0.48043
0.039494 8.0327 0.48674
0.039785 7.6157 0.43599
0.040079 9.6431 0.51533
0.040374 8.1511 0.4564
0.040671 8.7491 0.49443
0.040971 7.5308 0.43333
0.041273 7.6647 0.44055
0.041577 7.9328 0.4412
0.041883 8.4034 0.45885
0.042192 9.0642 0.4787
0.042503 7.5792 0.4153
0.042816 8.4491 0.44615
0.043132 8.1034 0.42685
0.04345 7.5844 0.42351
0.04377 7.738 0.42132
0.044092 8.0502 0.42283
0.044417 8.2586 0.42647
0.044744 7.2096 0.38564
0.045074 8.022 0.41502
0.045406 6.7221 0.37769
0.045741 7.8555 0.40387
0.046078 7.0281 0.38168
0.046417 6.8089 0.37028
0.04676 7.1351 0.38293
0.047104 6.2305 0.34662
0.047451 5.9498 0.33415
0.047801 6.1004 0.34126
0.048153 6.4833 0.35029
0.048508 5.4951 0.31488
0.048865 5.3369 0.31398
0.049225 4.8855 0.30039
0.049588 4.7278 0.28916
0.049954 5.3882 0.30811
0.050322 4.5837 0.28933
0.050693 4.2942 0.26822
0.051066 4.1318 0.26695
0.051442 4.1194 0.26329
0.051821 4.4966 0.27195
0.052203 3.7633 0.24971
0.052588 4.1798 0.25825
0.052975 3.6554 0.24334
0.053366 3.2684 0.22804
0.053759 3.7797 0.24241
0.054155 2.9265 0.21415
0.054554 3.0305 0.21131
0.054956 2.9285 0.21094
0.055361 2.7474 0.20214
0.055769 2.61 0.19946
0.05618 2.4697 0.19018
0.056594 2.1545 0.17783
0.057011 2.2993 0.18149
0.057431 2.5479 0.19148
0.057854 2.3714 0.18141
0.058281 2.0422 0.17075
0.05871 2.1856 0.17211
0.059143 1.7939 0.15758
0.059579 1.8184 0.15763
0.060018 1.4298 0.13997
0.06046 1.5388 0.14425
0.060905 1.3932 0.13683
0.061354 1.3776 0.13685
0.061806 1.6084 0.14406
0.062262 1.2338 0.12826
0.062721 1.2795 0.12821
0.063183 1.3639 0.13289
0.063648 1.193 0.12342
0.064117 1.1134 0.1177
0.06459 1.3952 0.12918
0.065066 1.064 0.11515
0.065545 1.1477 0.11902
0.066028 1.2104 0.12072
0.066515 1.2001 0.11699
0.067005 1.1098 0.11434
0.067499 0.95164 0.1082
0.067996 1.009 0.10761
0.068497 0.95824 0.10407
0.069002 1.0049 0.10753
0.06951 1.1266 0.10982
0.070023 0.83344 0.097146
0.070539 0.93068 0.10194
0.071058 0.98314 0.10139
0.071582 0.98192 0.10065
0.072109 1.1369 0.10752
0.072641 1.1446 0.10606
0.073176 0.94506 0.097989
0.073715 0.87987 0.094631
0.074258 0.82039 0.090579
0.074806 0.66718 0.084898
0.075357 0.88975 0.093009
0.075912 0.66056 0.083036
0.076472 0.75568 0.085026
0.077035 0.87267 0.090884
0.077603 0.80161 0.086905
0.078175 0.88269 0.089122
0.078751 0.63915 0.079028
0.079331 0.63294 0.078258
0.079916 0.74367 0.082238
0.080504 0.76583 0.082768
0.081098 0.73029 0.07902
0.081695 0.77094 0.082793
0.082297 0.63369 0.074196
0.082904 0.76123 0.080057
0.083515 0.73066 0.076991
0.08413 0.69405 0.0762
0.08475 0.60714 0.072609
0.085374 0.57078 0.069953
0.086004 0.52803 0.068259
0.086637 0.66701 0.071974
0.087276 0.64443 0.070415
0.087919 0.36988 0.059948
0.088567 0.50878 0.065087
0.089219 0.61313 0.068781
0.089877 0.64448 0.068948
0.090539 0.65769 0.06899
0.091206 0.54161 0.063814
0.091878 0.46536 0.060973
0.092555 0.49466 0.061935
0.093237 0.47924 0.059871
0.093924 0.48459 0.059912
0.094616 0.4929 0.06056
0.095314 0.46804 0.058441
0.096016 0.57536 0.06225
0.096724 0.48987 0.059328
0.097436 0.47665 0.058187
0.098154 0.43147 0.054889
0.098878 0.44176 0.055705
0.099606 0.3292 0.051267
0.10034 0.41188 0.052986
0.10108 0.3912 0.05265
0.10182 0.46705 0.054961
0.10257 0.49022 0.055017
0.10333 0.3918 0.051823
0.10409 0.38835 0.0504
0.10486 0.34599 0.049136
0.10563 0.30155 0.046585
0.10641 0.37811 0.049285
0.10719 0.27955 0.045397
0.10798 0.3463 0.046942
0.10878 0.26473 0.044414
0.10958 0.25872 0.042943
0.11039 0.23433 0.042346
0.1112 0.31875 0.04465
0.11202 0.29271 0.044188
0.11285 0.3448 0.044776
0.11368 0.23768 0.041084
0.11452 0.22655 0.039575
0.11536 0.27191 0.041929
0.11621 0.26261 0.040905
0.11707 0.25842 0.040446
0.11793 0.2997 0.041742
0.1188 0.23243 0.038845
0.11967 0.29035 0.041134
0.12056 0.22665 0.03796
0.12144 0.31311 0.040817
0.12234 0.27841 0.039902
0.12324 0.32467 0.040441
0.12415 0.30515 0.039792
0.12506 0.30224 0.039891
0.12598 0.3725 0.041039
0.12691 0.28428 0.038222
0.12785 0.23317 0.03635
0.12879 0.2155 0.035621
0.12974 0.25365 0.036187
0.1307 0.23631 0.03545
0.13166 0.23625 0.035432
0.13263 0.19973 0.033817
0.13361 0.18764 0.032913
0.13459 0.17803 0.032437
0.13558 0.19561 0.032636
0.13658 0.20613 0.033224
0.13759 0.26807 0.034529
0.1386 0.16883 0.031184
0.13962 0.17305 0.031161
0.14065 0.25575 0.033411
0.14169 0.22109 0.032265
0.14273 0.23338 0.032423
0.14378 0.1902 0.030657
0.14484 0.13607 0.02878
0.14591 0.21342 0.031052
0.14699 0.15678 0.029148
0.14807 0.17701 0.029458
0.14916 0.13684 0.027933
0.15026 0.20316 0.029684
0.15137 0.1914 0.029267
0.15248 0.21833 0.02969
0.15361 0.18215 0.028453
0.15474 0.1331 0.026776
0.15588 0.24166 0.029858
0.15703 0.18608 0.027928
0.15818 0.19826 0.028111
0.15935 0.20436 0.028135
0.16052 0.20903 0.027934
0.16171 0.21803 0.02816
0.1629 0.21328 0.027764
0.1641 0.19152 0.026968
0.16531 0.19427 0.026883
0.16653 0.15053 0.025302
0.16775 0.18749 0.026283
0.16899 0.20541 0.026581
0.17023 0.20939 0.026536
0.17149 0.19582 0.025913
0.17275 0.16602 0.0248
0.17403 0.15331 0.024392
0.17531 0.17793 0.024942
0.1766 0.19678 0.025099
0.1779 0.16747 0.024245
0.17921 0.15329 0.023566
0.18053 0.15411 0.023572
0.18186 0.15869 0.02341
0.1832 0.092141 0.021455
0.18455 0.18139 0.023758
0.18591 0.17508 0.023425
0.18728 0.14283 0.022298
0.18866 0.13392 0.022023
0.19005 0.17351 0.022711
0.19145 0.12629 0.021544
0.19286 0.12676 0.021318
0.19429 0.13367 0.021359
0.19572 0.095991 0.020365
