#
0.0050184 8.1164 1.2911
0.0050554 10.162 1.6139
0.0050926 175.77 6.6982
0.0051301 6.6966 1.1727
0.0051679 11.861 1.4233
0.005206 19.867 3.1872
0.0052444 391.91 20.002
0.005283 NaN NaN
0.005322 7.7914 1.6318
0.0053612 7.3447 1.3742
0.0054007 9.9966 1.3067
0.0054405 22.822 1.5277
0.0054806 10.33 1.3287
0.005521 227.23 6.2181
0.0055616 8.1122 1.2911
0.0056026 164.09 5.7885
0.0056439 15.102 1.6049
0.0056855 7.4394 1.5959
0.0057274 222.97 10.669
0.0057696 2.0026 0.72179
0.0058121 6.3293 1.2759
0.0058549 8.012 0.95565
0.0058981 5.398 1.361
0.0059416 53.289 3.6891
0.0059853 8.2632 1.1009
0.0060294 9.1389 2.1653
0.0060739 75.49 2.4353
0.0061186 7.6122 1.3977
0.0061637 83.151 3.2579
0.0062091 4.8286 0.74372
0.0062549 79.77 4.0367
0.006301 5.0542 1.6139
0.0063474 8.2489 1.0287
0.0063942 7.8771 1.4208
0.0064413 73.441 6.1244
0.0064888 6.5906 1.8402
0.0065366 5.7666 0.67544
0.0065847 23.598 1.4182
0.0066333 42.541 1.988
0.0066821 67.618 3.141
0.0067314 6.0799 1.1182
0.006781 66.309 3.6803
0.006831 5.3112 1.1694
0.0068813 5.3063 0.8269
0.006932 22.263 1.8037
0.0069831 5.4109 1.361
0.0070345 6.6648 0.989
0.0070864 4.9937 0.56704
0.0071386 19.448 1.3447
0.0071912 106.12 6.0099
0.0072442 48.825 2.497
0.0072976 3.1321 0.60015
0.0073513 25.899 1.4855
0.0074055 4.2838 0.74399
0.0074601 26.083 2.3097
0.0075151 0.46096 0.51045
0.0075704 5.1802 0.76922
0.0076262 5.7117 0.64804
0.0076824 10.347 0.98204
0.007739 25.25 1.6936
0.0077961 20.492 1.1104
0.0078535 40.482 2.4313
0.0079114 3.4083 0.66299
0.0079697 36.023 3.503
0.0080284 3.017 0.79067
0.0080876 2.7875 0.47112
0.0081471 4.9396 0.54702
0.0082072 4.5004 0.64957
0.0082677 16.289 1.0912
0.0083286 23.339 1.4731
0.00839 37.549 2.529
0.0084518 4.0398 0.6805
0.0085141 10.398 0.90552
0.0085768 2.7242 0.44946
0.00864 2.8213 0.76386
0.0087037 6.5396 0.7819
0.0087678 5.4193 0.57278
0.0088324 17.712 1.0033
0.0088975 3.5359 0.60388
0.0089631 15.562 1.0666
0.0090291 11.388 1.0802
0.0090956 2.8352 0.51667
0.0091627 3.0216 1.2502
0.0092302 3.2279 0.4196
0.0092982 4.2531 0.42743
0.0093667 15.715 1.0026
0.0094357 2.2472 0.76558
0.0095053 9.8335 0.72874
0.0095753 11.297 1.1342
0.0096459 2.4076 0.4083
0.0097169 4.2934 0.60747
0.0097885 2.4806 0.35052
0.0098607 6.0147 0.62181
0.0099333 14.475 1.2831
0.010007 7.2247 0.54474
0.01008 6.2673 0.63477
0.010155 2.3015 0.48954
0.010229 4.2922 0.60747
0.010305 2.3753 0.39328
0.010381 2.9573 0.42458
0.010457 6.2657 0.49815
0.010534 6.8186 0.56445
0.010612 2.5029 0.57063
0.01069 6.0125 0.62181
0.010769 4.0347 0.52712
0.010848 2.1917 0.32968
0.010928 2.6764 0.36375
0.011009 4.3674 0.42432
0.01109 7.8836 0.7891
0.011171 4.8161 0.48607
0.011254 1.8812 0.33067
0.011337 4.1153 0.55046
0.01142 1.9087 0.3007
0.011504 2.4519 0.29659
0.011589 4.3033 0.43935
0.011675 5.2723 0.53454
0.011761 4.5992 0.51352
0.011847 5.7058 0.73067
0.011935 1.8108 0.26035
0.012023 2.2466 0.27067
0.012111 3.6298 0.43307
0.0122 4.5704 0.47377
0.01229 4.5047 0.45932
0.012381 2.8908 0.3533
0.012472 1.9009 0.3007
0.012564 1.8361 0.27201
0.012657 1.8813 0.26999
0.01275 2.6312 0.30686
0.012844 4.7195 0.51974
0.012938 2.5034 0.31653
0.013034 1.8632 0.29103
0.01313 1.9514 0.21514
0.013227 3.169 0.34855
0.013324 4.5164 0.52346
0.013422 2.3213 0.29392
0.013521 1.944 0.31874
0.013621 1.4844 0.19768
0.013721 1.8339 0.2486
0.013822 2.7293 0.3367
0.013924 3.2739 0.3067
0.014027 1.1654 0.2781
0.01413 1.572 0.21408
0.014234 1.6761 0.2149
0.014339 2.2699 0.25285
0.014445 1.9582 0.27524
0.014551 3.4369 0.45729
0.014658 1.4972 0.17921
0.014766 1.687 0.22146
0.014875 1.9611 0.25718
0.014985 1.7968 0.24642
0.015095 1.315 0.19645
0.015206 1.3978 0.20801
0.015319 1.6504 0.20531
0.015431 1.5839 0.19248
0.015545 2.8678 0.29569
0.01566 2.0667 0.28292
0.015775 1.3251 0.18465
0.015891 1.475 0.17449
0.016008 2.317 0.27441
0.016126 1.7264 0.21824
0.016245 1.9061 0.24205
0.016365 1.2432 0.15765
0.016486 1.4464 0.19286
0.016607 1.6337 0.18345
0.016729 1.9625 0.26136
0.016853 1.3268 0.17474
0.016977 1.3973 0.16984
0.017102 1.4657 0.18299
0.017228 1.656 0.22941
0.017355 1.5198 0.16604
0.017483 1.23 0.16473
0.017612 1.7951 0.20416
0.017741 1.7265 0.19207
0.017872 1.9972 0.21057
0.018004 1.4485 0.17677
0.018136 1.2935 0.14619
0.01827 1.6461 0.19822
0.018405 1.4568 0.20103
0.01854 1.0426 0.12261
0.018677 1.7017 0.19258
0.018815 1.6216 0.18099
0.018953 1.3699 0.16371
0.019093 1.1289 0.14133
0.019234 1.2936 0.14619
0.019375 1.4292 0.17001
0.019518 1.3162 0.16506
0.019662 1.1929 0.12984
0.019807 1.1983 0.14681
0.019953 1.494 0.17564
0.0201 1.3652 0.14555
0.020248 1.4345 0.14592
0.020397 1.581 0.16382
0.020547 1.3878 0.16018
0.020699 1.215 0.13759
0.020851 1.2734 0.1305
0.021005 1.4951 0.16323
0.02116 1.2447 0.13922
0.021316 1.3754 0.13292
0.021473 1.4705 0.15546
0.021631 1.5809 0.15284
0.02179 1.3392 0.13914
0.021951 1.326 0.12823
0.022113 1.7241 0.16307
0.022276 1.6185 0.1557
0.02244 1.3619 0.12182
0.022605 1.5519 0.16216
0.022772 1.3618 0.13234
0.02294 1.3431 0.12406
0.023109 1.4047 0.1336
0.023279 1.3697 0.14899
0.02345 1.4082 0.12363
0.023623 1.4405 0.12711
0.023797 1.9677 0.17131
0.023973 1.2418 0.113
0.024149 1.8811 0.14867
0.024327 1.4457 0.12937
0.024507 1.4109 0.1279
0.024687 1.6821 0.12835
0.024869 1.6117 0.14108
0.025052 1.4433 0.11916
0.025237 1.5817 0.13508
0.025423 1.7944 0.13986
0.02561 1.621 0.12451
0.025799 1.6171 0.1254
0.025989 1.8526 0.15015
0.026181 1.7044 0.12252
0.026373 1.6301 0.1253
0.026568 1.5517 0.12408
0.026764 1.7274 0.12431
0.026961 1.9499 0.13608
0.027159 2.0143 0.14088
0.02736 1.8781 0.12247
0.027561 1.8444 0.13759
0.027764 1.7613 0.1169
0.027969 2.1732 0.14035
0.028175 2.0035 0.12991
0.028383 1.7584 0.12342
0.028592 2.1157 0.13239
0.028802 1.8595 0.12285
0.029015 2.2477 0.1289
0.029228 2.1127 0.1344
0.029444 2.3741 0.13144
0.029661 2.4117 0.13386
0.029879 2.2752 0.13605
0.0301 2.3115 0.12583
0.030321 2.2718 0.13926
0.030545 2.1216 0.11688
0.03077 2.5047 0.13451
0.030997 2.5942 0.13977
0.031225 2.4353 0.12204
0.031455 2.5753 0.13876
0.031687 2.443 0.12261
0.03192 2.6291 0.13492
0.032156 2.5144 0.12777
0.032393 2.496 0.1235
0.032631 2.7732 0.13491
0.032872 2.6881 0.12665
0.033114 2.8821 0.13341
0.033358 2.9928 0.13548
0.033604 2.7254 0.12573
0.033851 2.8417 0.12556
0.034101 2.9647 0.14035
0.034352 2.7253 0.11691
0.034605 3.3717 0.14199
0.03486 2.9645 0.1265
0.035117 3.2315 0.13063
0.035376 2.9322 0.12519
0.035637 3.5472 0.13929
0.035899 2.8929 0.12068
0.036164 3.4877 0.1317
0.03643 3.1499 0.13106
0.036699 3.4009 0.12394
0.036969 3.23 0.12741
0.037241 3.5253 0.13082
0.037516 3.3038 0.1276
0.037792 3.4703 0.12469
0.038071 3.6464 0.12886
0.038351 3.8895 0.13671
0.038634 3.5628 0.12212
0.038919 3.7483 0.12919
0.039205 3.7937 0.12782
0.039494 3.8542 0.13242
0.039785 3.3429 0.11341
0.040079 3.7837 0.12712
0.040374 3.5508 0.11838
0.040671 3.9657 0.13089
0.040971 3.6673 0.11869
0.041273 3.3521 0.11441
0.041577 3.6907 0.1182
0.041883 3.6324 0.11859
0.042192 3.7514 0.12118
0.042503 3.761 0.11478
0.042816 3.7138 0.11626
0.043132 3.5782 0.11143
0.04345 3.473 0.11248
0.04377 3.6517 0.11367
0.044092 3.6678 0.11207
0.044417 3.6413 0.11128
0.044744 3.4651 0.10485
0.045074 3.3215 0.10497
0.045406 3.3632 0.10462
0.045741 3.3106 0.10301
0.046078 3.2552 0.10184
0.046417 3.2663 0.10048
0.04676 3.0498 0.098286
0.047104 3.0256 0.094522
0.047451 2.8456 0.090412
0.047801 2.8728 0.091625
0.048153 2.9655 0.092802
0.048508 2.6279 0.08508
0.048865 2.6715 0.086705
0.049225 2.6289 0.085798
0.049588 2.4384 0.080849
0.049954 2.5049 0.082039
0.050322 2.429 0.081958
0.050693 2.2838 0.075978
0.051066 2.4092 0.079053
0.051442 2.4564 0.078831
0.051821 2.4686 0.078353
0.052203 2.5681 0.079704
0.052588 3.3197 0.089074
0.052975 3.7585 0.094934
0.053366 4.6461 0.10399
0.053759 5.3097 0.11048
0.054155 6.1913 0.11856
0.054554 6.0441 0.1137
0.054956 5.8881 0.11378
0.055361 5.1058 0.10457
0.055769 4.2859 0.096898
0.05618 3.3538 0.08383
0.056594 2.4292 0.071093
0.057011 1.9237 0.062862
0.057431 1.5395 0.056847
0.057854 1.3643 0.052433
0.058281 1.2134 0.04983
0.05871 1.1834 0.048142
0.059143 1.1445 0.047312
0.059579 1.1631 0.04742
0.060018 1.0393 0.044228
0.06046 0.99844 0.043295
0.060905 0.99062 0.042729
0.061354 0.93245 0.041618
0.061806 0.93295 0.041043
0.062262 0.94745 0.041096
0.062721 0.90855 0.039666
0.063183 0.86865 0.03921
0.063648 0.82311 0.037552
0.064117 0.88199 0.03803
0.06459 0.80693 0.036554
0.065066 0.78222 0.035789
0.065545 0.8413 0.037094
0.066028 0.75311 0.035019
0.066515 0.82878 0.035579
0.067005 0.8221 0.035764
0.067499 0.88899 0.037281
0.067996 0.76579 0.033824
0.068497 0.8453 0.034929
0.069002 0.74279 0.033383
0.06951 0.71471 0.031983
0.070023 0.79384 0.033353
0.070539 0.85868 0.034881
0.071058 0.86378 0.03412
0.071582 0.82109 0.033081
0.072109 0.83764 0.033654
0.072641 0.81107 0.032597
0.073176 0.87391 0.033631
0.073715 0.9857 0.035342
0.074258 0.98563 0.034744
0.074806 1.2526 0.039289
0.075357 1.7339 0.04544
0.075912 2.1903 0.050598
0.076472 2.5851 0.053767
0.077035 2.6848 0.055385
0.077603 2.4362 0.05212
0.078175 2.0547 0.047395
0.078751 1.5118 0.040664
0.079331 1.1841 0.035893
0.079916 0.96264 0.032313
0.080504 0.79836 0.029502
0.081098 0.7483 0.027753
0.081695 0.75126 0.028517
0.082297 0.77437 0.027774
0.082904 0.71421 0.027118
0.083515 0.75923 0.027188
0.08413 0.71904 0.026745
0.08475 0.70089 0.026339
0.085374 0.75308 0.026787
0.086004 0.71242 0.026245
0.086637 0.71919 0.025588
0.087276 0.68723 0.024865
0.087919 0.69388 0.025264
0.088567 0.74251 0.025744
0.089219 0.71951 0.025226
0.089877 0.81347 0.026346
0.090539 0.85463 0.026766
0.091206 1.0427 0.029188
0.091878 1.3425 0.033059
0.092555 2.0289 0.040095
0.093237 2.5528 0.043974
0.093924 3.0535 0.047755
0.094616 2.9156 0.047
0.095314 2.5686 0.043313
0.096016 1.9142 0.037273
0.096724 1.3695 0.031825
0.097436 1.0077 0.027186
0.098154 0.78219 0.02344
0.098878 0.76616 0.023414
0.099606 0.69277 0.02227
0.10034 0.65705 0.021178
0.10108 0.64298 0.021122
0.10182 0.59632 0.020167
0.10257 0.56789 0.019444
0.10333 0.5821 0.019805
0.10409 0.54632 0.018751
0.10486 0.5308 0.018643
0.10563 0.54382 0.018578
0.10641 0.52351 0.018169
0.10719 0.50885 0.017925
0.10798 0.51728 0.017615
0.10878 0.49644 0.017537
0.10958 0.45936 0.016456
0.11039 0.47187 0.016837
0.1112 0.43307 0.015797
0.11202 0.44367 0.0162
0.11285 0.45055 0.015823
0.11368 0.41288 0.01535
0.11452 0.46019 0.015703
0.11536 0.43306 0.015474
0.11621 0.4518 0.015516
0.11707 0.42207 0.014954
0.11793 0.44266 0.015193
0.1188 0.46365 0.015306
0.11967 0.48073 0.015663
0.12056 0.4879 0.015418
0.12144 0.49524 0.01545
0.12234 0.50411 0.015686
0.12324 0.50979 0.015356
0.12415 0.47889 0.01492
0.12506 0.47061 0.014886
0.12598 0.46103 0.014332
0.12691 0.45409 0.014267
0.12785 0.4614 0.014276
0.12879 0.45491 0.014131
0.12974 0.42989 0.013554
0.1307 0.47757 0.014143
0.13166 0.50348 0.014457
0.13263 0.53895 0.014797
0.13361 0.53971 0.014622
0.13459 0.53767 0.014527
0.13558 0.53376 0.01431
0.13658 0.49397 0.013886
0.13759 0.48072 0.013456
0.1386 0.48953 0.013509
0.13962 0.477 0.01328
0.14065 0.47871 0.013134
0.14169 0.5413 0.013831
0.14273 0.62351 0.014709
0.14378 0.69577 0.015293
0.14484 0.68206 0.015085
0.14591 0.64897 0.014612
0.14699 0.57917 0.013824
0.14807 0.54022 0.013239
0.14916 0.5296 0.013012
0.15026 0.51232 0.012695
0.15137 0.50017 0.012517
0.15248 0.50412 0.012415
0.15361 0.52861 0.012643
0.15474 0.49074 0.012102
0.15588 0.51462 0.012312
0.15703 0.49377 0.01196
0.15818 0.49672 0.011914
0.15935 0.5088 0.01197
0.16052 0.48763 0.011607
0.16171 0.48963 0.011578
0.1629 0.52887 0.011925
0.1641 0.5133 0.011661
0.16531 0.49506 0.011411
0.16653 0.45208 0.010826
0.16775 0.43399 0.010561
0.16899 0.4182 0.010308
0.17023 0.42785 0.010365
0.17149 0.41046 0.010081
0.17275 0.3923 0.0097793
0.17403 0.40147 0.0098421
0.17531 0.3604 0.0093239
0.1766 0.36753 0.0092793
0.1779 0.36328 0.0092099
0.17921 0.36109 0.0090808
0.18053 0.34593 0.0088872
0.18186 0.35964 0.0089433
0.1832 0.35576 0.0088514
0.18455 0.32876 0.0084896
0.18591 0.31498 0.0082634
0.18728 0.30607 0.0080817
0.18866 0.31252 0.008145
0.19005 0.30965 0.007979
0.19145 0.3073 0.0079711
0.19286 0.28503 0.0076134
0.19429 0.28742 0.0075959
0.19572 0.26614 0.0073174
