#
0.0050184 8.3734 3.5624
0.0050554 10.586 4.4529
0.0050926 21.474 6.2972
0.0051301 9.893 3.8477
0.0051679 11.783 3.8324
0.005206 14.278 7.2714
0.0052444 -0.35192 NaN
0.005283 NaN NaN
0.005322 16.723 6.4127
0.0053612 8.693 4.065
0.0054007 9.4058 3.4278
0.0054405 16.424 3.4872
0.0054806 17.843 4.6936
0.005521 12.995 4.0194
0.0055616 9.7975 3.8478
0.0056026 8.4287 3.5623
0.0056439 4.5709 2.424
0.0056855 4.5206 3.428
0.0057274 6.8689 5.142
0.0057696 21.537 6.2971
0.0058121 1.4596 1.8184
0.0058549 7.7914 2.555
0.0058981 6.9444 4.1983
0.0059416 10.592 4.4529
0.0059853 9.0039 3.1164
0.0060294 -0.33935 NaN
0.0060739 8.0804 2.1664
0.0061186 3.3276 2.5711
0.0061637 8.8156 2.8743
0.0062091 2.8881 1.6161
0.0062549 4.0007 2.5192
0.006301 14.19 7.2714
0.0063474 2.4093 1.5746
0.0063942 1.579 1.8182
0.0064413 14.178 7.2715
0.0064888 14.228 7.2714
0.0065366 10.316 2.4381
0.0065847 5.7136 1.9163
0.0066333 8.8931 2.4735
0.0066821 2.8217 1.7994
0.0067314 4.046 2.5191
0.006781 4.0912 2.5191
0.006831 1.4784 1.8184
0.0068813 4.1706 2.0326
0.006932 5.8949 2.5446
0.0069831 4.6128 3.4279
0.0070345 2.811 1.7994
0.0070864 5.5795 1.6387
0.0071386 6.9969 2.1925
0.0071912 -0.24299 NaN
0.0072442 6.0606 2.4049
0.0072976 7.769 2.555
0.0073513 3.9231 1.6033
0.0074055 5.9758 2.405
0.0074601 2.5666 2.057
0.0075151 10.555 6.2974
0.0075704 3.777 1.8067
0.0076262 4.8507 1.6426
0.0076824 9.5861 2.5602
0.007739 6.9751 2.4239
0.0077961 2.6909 1.1318
0.0078535 1.6825 1.4695
0.0079114 3.3748 1.818
0.0079697 -0.30165 NaN
0.0080284 4.0409 2.5191
0.0080876 3.0775 1.3702
0.0081471 4.8191 1.4818
0.0082072 2.9737 1.4783
0.0082677 5.9272 1.7993
0.0083286 4.3095 1.7491
0.00839 0.87251 1.2124
0.0084518 5.3481 2.1377
0.0085141 4.1555 1.5822
0.0085768 4.3439 1.5583
0.00864 2.647 2.0569
0.0087037 4.2798 1.7491
0.0087678 3.9592 1.3527
0.0088324 3.3716 1.212
0.0088975 5.5555 2.0568
0.0089631 1.7848 1.039
0.0090291 0.41039 0.72766
0.0090956 1.6883 1.1452
0.0091627 -0.28908 NaN
0.0092302 1.9456 0.93765
0.0092982 1.8181 0.80177
0.0093667 4.2413 1.4373
0.0094357 1.4659 1.8184
0.0095053 2.6951 1.0826
0.0095753 2.9132 1.6161
0.0096459 5.0322 1.6079
0.0097169 2.1053 1.2121
0.0097885 2.0898 0.9163
0.0098607 3.3088 1.2856
0.0099333 1.317 1.1429
0.010007 2.6028 0.91991
0.01008 1.9266 1.0164
0.010155 2.5792 1.4545
0.010229 0.88508 0.85732
0.010305 2.3779 1.1134
0.010381 3.5301 1.2833
0.010457 3.5237 1.0466
0.010534 2.3013 0.93503
0.010612 -0.34878 NaN
0.01069 3.2931 1.2856
0.010769 2.5649 1.1876
0.010848 3.1477 1.0951
0.010928 2.0993 0.9163
0.011009 3.1895 1.0077
0.01109 1.3454 0.96911
0.011171 4.184 1.2486
0.011254 1.2821 0.8082
0.011337 3.3465 1.3743
0.01142 3.3511 1.0963
0.011504 0.9182 0.56091
0.011589 0.93777 0.63256
0.011675 0.43596 0.54161
0.011761 2.466 1.069
0.011847 0.32281 0.6616
0.011935 1.7327 0.73471
0.012023 1.6884 0.68188
0.012111 0.77144 0.63002
0.0122 1.7411 0.84837
0.01229 1.352 0.73927
0.012381 3.3235 1.0497
0.012472 1.3121 0.73931
0.012564 1.8931 0.79121
0.012657 1.8211 0.76191
0.01275 1.6938 0.70937
0.012844 1.707 0.90352
0.012938 1.6125 0.74014
0.013034 2.8401 0.9999
0.01313 2.0022 0.61847
0.013227 1.2993 0.65988
0.013324 0.52126 0.60529
0.013422 1.2143 0.63634
0.013521 2.2144 0.96211
0.013621 0.57646 0.40673
0.013721 2.0399 0.7419
0.013822 1.7001 0.76973
0.013924 2.3157 0.72839
0.014027 0.12138 0.45503
0.01413 3.3207 0.85705
0.014234 1.2245 0.5414
0.014339 0.84078 0.48161
0.014445 2.0998 0.8081
0.014551 1.3856 0.85572
0.014658 2.2067 0.61197
0.014766 1.5148 0.60611
0.014875 0.60009 0.46941
0.014985 0.83708 0.52474
0.015095 1.0864 0.5346
0.015206 1.1887 0.56602
0.015319 1.4706 0.56099
0.015431 1.5876 0.55992
0.015545 1.3952 0.60508
0.01566 0.71785 0.53892
0.015775 1.813 0.61451
0.015891 0.9549 0.42791
0.016008 0.5994 0.45472
0.016126 1.008 0.50648
0.016245 1.1739 0.56604
0.016365 1.9965 0.56581
0.016486 1.081 0.50182
0.016607 1.2297 0.47304
0.016729 2.5884 0.83978
0.016853 0.91538 0.44731
0.016977 1.8266 0.55233
0.017102 0.79829 0.41842
0.017228 0.77949 0.49295
0.017355 1.1729 0.43445
0.017483 1.1875 0.47922
0.017612 1.3148 0.51114
0.017741 2.6529 0.66376
0.017872 0.45799 0.34618
0.018004 1.1182 0.46946
0.018136 0.92022 0.37699
0.01827 1.4802 0.54827
0.018405 1.0014 0.50649
0.01854 1.4327 0.41702
0.018677 1.2153 0.47921
0.018815 0.92398 0.41969
0.018953 1.2756 0.46663
0.019093 1.6185 0.4849
0.019234 1.035 0.39374
0.019375 0.67187 0.37017
0.019518 1.6772 0.53362
0.019662 0.64473 0.30677
0.019807 1.1415 0.4271
0.019953 1.3752 0.49407
0.0201 1.2772 0.41429
0.020248 0.89899 0.35494
0.020397 1.4109 0.45438
0.020547 0.95595 0.40358
0.020699 1.3834 0.42787
0.020851 1.2472 0.37964
0.021005 1.53 0.47746
0.02116 0.63264 0.32099
0.021316 1.4624 0.39669
0.021473 1.2725 0.42526
0.021631 1.1226 0.38334
0.02179 1.1728 0.38593
0.021951 1.4901 0.39214
0.022113 0.94679 0.37059
0.022276 0.51823 0.294
0.02244 1.2303 0.34365
0.022605 1.2031 0.42302
0.022772 1.0104 0.34358
0.02294 0.87325 0.30625
0.023109 1.5957 0.41104
0.023279 1.7027 0.47475
0.02345 1.4853 0.36736
0.023623 1.5975 0.3869
0.023797 1.5513 0.44085
0.023973 1.5742 0.36694
0.024149 1.063 0.337
0.024327 1.349 0.3663
0.024507 1.0214 0.3296
0.024687 1.857 0.38453
0.024869 0.70213 0.29651
0.025052 1.5144 0.35323
0.025237 1.1986 0.34843
0.025423 1.5718 0.37884
0.02561 1.6314 0.36218
0.025799 1.0161 0.30123
0.025989 1.8666 0.43125
0.026181 1.2036 0.30564
0.026373 1.5386 0.35311
0.026568 1.5866 0.36311
0.026764 0.99404 0.28493
0.026961 2.2556 0.41292
0.027159 1.7951 0.38205
0.02736 1.7777 0.34227
0.027561 1.3755 0.34937
0.027764 1.397 0.3048
0.027969 1.1905 0.30989
0.028175 1.6049 0.33697
0.028383 1.5287 0.33471
0.028592 1.7977 0.35114
0.028802 1.8033 0.34758
0.029015 1.7261 0.32626
0.029228 1.2217 0.30403
0.029444 2.0125 0.34497
0.029661 1.8055 0.33267
0.029879 1.3802 0.31126
0.0301 1.4441 0.29109
0.030321 1.6399 0.3425
0.030545 1.8267 0.31107
0.03077 2.8446 0.40089
0.030997 2.6718 0.39791
0.031225 2.1627 0.32584
0.031455 2.3894 0.37733
0.031687 2.0418 0.31918
0.03192 2.2942 0.35632
0.032156 1.9134 0.31822
0.032393 2.0821 0.32017
0.032631 2.0359 0.32875
0.032872 2.2644 0.32914
0.033114 2.4379 0.34635
0.033358 2.4297 0.3443
0.033604 2.1891 0.31995
0.033851 3.0549 0.36277
0.034101 2.753 0.37877
0.034352 3.2894 0.35659
0.034605 2.5392 0.34669
0.03486 1.9911 0.29588
0.035117 2.0569 0.29688
0.035376 2.3701 0.31813
0.035637 2.8757 0.35059
0.035899 2.1808 0.29752
0.036164 2.4344 0.31081
0.03643 2.6894 0.34025
0.036699 2.7915 0.31442
0.036969 2.6051 0.32167
0.037241 3.0235 0.33803
0.037516 3.138 0.34634
0.037792 2.8731 0.318
0.038071 2.7491 0.31394
0.038351 2.6774 0.31915
0.038634 2.592 0.293
0.038919 3.4739 0.34485
0.039205 3.1478 0.32499
0.039494 3.4606 0.34805
0.039785 3.4294 0.31877
0.040079 3.1232 0.32231
0.040374 2.7562 0.29249
0.040671 3.4812 0.34024
0.040971 2.9013 0.29496
0.041273 3.1873 0.31052
0.041577 3.062 0.30025
0.041883 3.0239 0.30212
0.042192 3.5839 0.3283
0.042503 3.1999 0.29484
0.042816 2.9735 0.29089
0.043132 2.7206 0.27289
0.04345 3.0507 0.29425
0.04377 3.4732 0.3071
0.044092 3.1066 0.28801
0.044417 3.2365 0.29206
0.044744 2.599 0.25538
0.045074 2.6128 0.26169
0.045406 2.9411 0.27353
0.045741 2.5312 0.25379
0.046078 2.5792 0.25519
0.046417 2.7739 0.25965
0.04676 2.5319 0.25167
0.047104 2.1387 0.22608
0.047451 2.381 0.23325
0.047801 2.6208 0.24588
0.048153 2.403 0.23587
0.048508 2.0524 0.214
0.048865 2.0018 0.21415
0.049225 2.2409 0.22442
0.049588 1.8875 0.20367
0.049954 2.2079 0.2184
0.050322 1.7706 0.20107
0.050693 1.8291 0.19503
0.051066 1.5822 0.1859
0.051442 2.0498 0.20489
0.051821 1.6648 0.18582
0.052203 1.8084 0.1921
0.052588 1.5099 0.17541
0.052975 1.2427 0.16279
0.053366 1.0329 0.14963
0.053759 1.5563 0.1749
0.054155 1.1402 0.15322
0.054554 1.3067 0.15719
0.054956 1.258 0.15701
0.055361 1.064 0.14509
0.055769 1.1598 0.15136
0.05618 1.335 0.15656
0.056594 1.0123 0.13958
0.057011 1.0858 0.14223
0.057431 0.97854 0.13779
0.057854 1.071 0.13955
0.058281 0.68224 0.11921
0.05871 0.92843 0.13017
0.059143 0.79879 0.12283
0.059579 0.76013 0.12003
0.060018 0.81139 0.12061
0.06046 0.73366 0.11652
0.060905 0.68764 0.11242
0.061354 0.49062 0.1017
0.061806 0.51104 0.10179
0.062262 0.55262 0.10347
0.062721 0.6531 0.10759
0.063183 0.48132 0.098722
0.063648 0.59022 0.10285
0.064117 0.57487 0.10001
0.06459 0.51902 0.096828
0.065066 0.49143 0.094872
0.065545 0.40786 0.090419
0.066028 0.43162 0.090928
0.066515 0.31951 0.08185
0.067005 0.52399 0.094531
0.067499 0.44566 0.090532
0.067996 0.57221 0.094844
0.068497 0.24896 0.074972
0.069002 0.38468 0.084361
0.06951 0.48132 0.0879
0.070023 0.37132 0.081228
0.070539 0.51008 0.089455
0.071058 0.35735 0.07858
0.071582 0.42019 0.081587
0.072109 0.4288 0.082817
0.072641 0.46537 0.083447
0.073176 0.40561 0.07991
0.073715 0.31654 0.074299
0.074258 0.53898 0.084722
0.074806 0.20841 0.067291
0.075357 0.38074 0.076277
0.075912 0.31072 0.072093
0.076472 0.34878 0.072257
0.077035 0.47733 0.080089
0.077603 0.47275 0.078806
0.078175 0.40623 0.074697
0.078751 0.3332 0.070599
0.079331 0.23434 0.064686
0.079916 0.35684 0.070831
0.080504 0.30965 0.067881
0.081098 0.28197 0.064566
0.081695 0.42376 0.07382
0.082297 0.29738 0.064665
0.082904 0.40751 0.070787
0.083515 0.23296 0.060383
0.08413 0.2538 0.061904
0.08475 0.32538 0.065595
0.085374 0.30922 0.063728
0.086004 0.33451 0.064902
0.086637 0.3599 0.064598
0.087276 0.24939 0.058406
0.087919 0.29301 0.061562
0.088567 0.32652 0.062341
0.089219 0.13219 0.051761
0.089877 0.26975 0.05824
0.090539 0.24065 0.056486
0.091206 0.29645 0.058355
0.091878 0.209 0.054202
0.092555 0.18094 0.052726
0.093237 0.32688 0.058391
0.093924 0.25669 0.055039
0.094616 0.19293 0.052137
0.095314 0.20426 0.051702
0.096016 0.18253 0.050556
0.096724 0.2195 0.052558
0.097436 0.23102 0.05251
0.098154 0.18247 0.04877
0.098878 0.20789 0.050337
0.099606 0.20759 0.050464
0.10034 0.19911 0.048464
0.10108 0.16275 0.047177
0.10182 0.24071 0.050356
0.10257 0.19099 0.047386
0.10333 0.1957 0.048024
0.10409 0.16582 0.045456
0.10486 0.10541 0.042831
0.10563 0.20964 0.046949
0.10641 0.06508 0.039769
0.10719 0.17373 0.045
0.10798 0.16143 0.043484
0.10878 0.12773 0.042511
0.10958 0.17618 0.043515
0.11039 0.20881 0.045325
0.1112 0.10558 0.039766
0.11202 0.18364 0.04373
0.11285 0.12834 0.040016
0.11368 0.15715 0.041601
0.11452 0.19212 0.041987
0.11536 0.13795 0.040303
0.11621 0.098427 0.037899
0.11707 0.20866 0.042301
0.11793 0.13449 0.03899
0.1188 0.11378 0.037743
0.11967 0.15687 0.039697
0.12056 0.1977 0.040509
0.12144 0.087527 0.035692
0.12234 0.13743 0.038116
0.12324 0.062174 0.033925
0.12415 0.12515 0.036642
0.12506 0.18365 0.039168
0.12598 0.14114 0.036422
0.12691 0.16846 0.037524
0.12785 0.13324 0.03608
0.12879 0.091628 0.034299
0.12974 0.10862 0.034189
0.1307 0.096562 0.033585
0.13166 0.12724 0.034816
0.13263 0.093643 0.033114
0.13361 0.14845 0.034744
0.13459 0.16407 0.03518
0.13558 0.10641 0.032568
0.13658 0.117 0.033218
0.13759 0.19086 0.035159
0.1386 0.10466 0.031979
0.13962 0.17536 0.034379
0.14065 0.14893 0.032956
0.14169 0.11145 0.031588
0.14273 0.10087 0.030931
0.14378 0.090074 0.030168
0.14484 0.11735 0.031116
0.14591 0.13914 0.031599
0.14699 0.069367 0.029004
0.14807 0.135 0.030998
0.14916 0.12659 0.03049
0.15026 0.15005 0.030867
0.15137 0.0963 0.028975
0.15248 0.15938 0.030698
0.15361 0.085455 0.028044
0.15474 0.061958 0.027128
0.15588 0.12676 0.029109
0.15703 0.095552 0.027769
0.15818 0.078925 0.027021
0.15935 0.15043 0.029236
0.16052 0.12493 0.028074
0.16171 0.082468 0.026685
0.1629 0.084214 0.026454
0.1641 0.093761 0.02662
0.16531 0.084259 0.026138
0.16653 0.068279 0.025293
0.16775 0.099572 0.026249
0.16899 0.090283 0.025757
0.17023 0.084678 0.02542
0.17149 0.05774 0.024302
0.17275 0.072663 0.024492
0.17403 0.084139 0.024817
0.17531 0.077638 0.024484
0.1766 0.088669 0.024479
0.1779 0.096354 0.02464
0.17921 0.10422 0.024569
0.18053 0.089659 0.024129
0.18186 0.065533 0.023105
0.1832 0.12458 0.02473
0.18455 0.052585 0.022486
0.18591 0.072376 0.022926
0.18728 0.0955 0.023289
0.18866 0.069718 0.0225
0.19005 0.12592 0.023743
0.19145 0.06861 0.022195
0.19286 0.12753 0.023581
0.19429 0.10201 0.022743
0.19572 0.07976 0.022137
