#
0.0050184 10.273 1.1821
0.0050554 15.564 1.6258
0.0050926 33.19 2.3729
0.0051301 12.584 1.3077
0.0051679 14.093 1.2634
0.005206 18.959 2.5368
0.0052444 31.832 4.648
0.005283 NaN NaN
0.005322 16.249 1.9176
0.0053612 12.845 1.4776
0.0054007 16.471 1.3654
0.0054405 16.515 1.059
0.0054806 13.189 1.2223
0.005521 47.88 2.3268
0.0055616 13.253 1.3423
0.0056026 19.498 1.6272
0.0056439 15.794 1.337
0.0056855 9.4613 1.4646
0.0057274 22.675 2.7748
0.0057696 19.127 1.8018
0.0058121 9.9669 1.3019
0.0058549 10.896 0.90712
0.0058981 7.4273 1.2982
0.0059416 15.564 1.6258
0.0059853 12.172 1.0872
0.0060294 9.1211 1.7615
0.0060739 21.302 1.0547
0.0061186 19.633 1.8255
0.0061637 20.399 1.3156
0.0062091 6.4465 0.6986
0.0062549 13.255 1.3423
0.006301 11.154 1.9474
0.0063474 7.7672 0.81288
0.0063942 11.842 1.4181
0.0064413 11.831 2.0055
0.0064888 14.886 2.2486
0.0065366 11.079 0.76115
0.0065847 12.793 0.85124
0.0066333 13.649 0.91834
0.0066821 12.854 1.117
0.0067314 8.6487 1.0848
0.006781 9.0597 1.1099
0.006831 8.7822 1.2223
0.0068813 11.067 0.96999
0.006932 8.2012 0.89296
0.0069831 6.08 1.1743
0.0070345 10.141 0.99247
0.0070864 7.1306 0.55087
0.0071386 11.685 0.84958
0.0071912 26.871 2.4653
0.0072442 10.904 0.96256
0.0072976 9.5382 0.84895
0.0073513 8.0496 0.67563
0.0074055 4.7099 0.6342
0.0074601 6.4768 0.93945
0.0075151 6.408 1.4776
0.0075704 5.7007 0.65673
0.0076262 6.4573 0.56059
0.0076824 12.974 0.8953
0.007739 10.142 0.87528
0.0077961 6.3129 0.50289
0.0078535 3.9342 0.62018
0.0079114 5.3996 0.67799
0.0079697 7.6557 1.3178
0.0080284 4.4447 0.77895
0.0080876 6.6496 0.59004
0.0081471 5.7137 0.47858
0.0082072 4.9615 0.55472
0.0082677 9.996 0.69675
0.0083286 5.3326 0.5749
0.00839 5.7312 0.80697
0.0084518 7.5045 0.75332
0.0085141 3.0473 0.4006
0.0085768 4.7635 0.48185
0.00864 4.0435 0.7427
0.0087037 5.145 0.5649
0.0087678 5.7532 0.48024
0.0088324 7.3202 0.52598
0.0088975 3.9757 0.52078
0.0089631 4.2828 0.45687
0.0090291 2.9536 0.44973
0.0090956 4.1021 0.50451
0.0091627 2.685 0.95883
0.0092302 5.1414 0.42969
0.0092982 4.1244 0.34251
0.0093667 5.7346 0.49417
0.0094357 3.3571 0.75802
0.0095053 4.2835 0.39252
0.0095753 5.5449 0.64804
0.0096459 4.3563 0.44516
0.0097169 2.3998 0.3705
0.0097885 4.1014 0.36527
0.0098607 5.8172 0.49779
0.0099333 5.848 0.66532
0.010007 4.4733 0.34941
0.01008 2.934 0.35453
0.010155 3.6304 0.49822
0.010229 3.416 0.44128
0.010305 3.315 0.37664
0.010381 3.8387 0.39279
0.010457 4.4486 0.34199
0.010534 2.9265 0.30196
0.010612 2.9337 0.50139
0.01069 3.4004 0.38137
0.010769 4.0359 0.4288
0.010848 2.9409 0.30967
0.010928 2.6171 0.29236
0.011009 4.1755 0.33764
0.01109 2.8374 0.38678
0.011171 3.0375 0.31468
0.011254 2.4925 0.30832
0.011337 2.9756 0.38133
0.01142 2.7162 0.29074
0.011504 3.686 0.2948
0.011589 3.2416 0.31057
0.011675 2.6099 0.30697
0.011761 2.0002 0.2768
0.011847 2.927 0.42703
0.011935 3.6726 0.29951
0.012023 2.8906 0.2489
0.012111 3.5636 0.34902
0.0122 2.39 0.2796
0.01229 2.8997 0.30038
0.012381 2.3156 0.25737
0.012472 2.1563 0.25968
0.012564 2.5756 0.26077
0.012657 3.2333 0.28631
0.01275 2.4491 0.24071
0.012844 2.4945 0.30832
0.012938 2.4712 0.2555
0.013034 2.8589 0.29182
0.01313 2.6983 0.20501
0.013227 2.3058 0.24217
0.013324 1.8034 0.2705
0.013422 1.8808 0.21523
0.013521 2.071 0.26693
0.013621 2.2572 0.19694
0.013721 2.6179 0.24058
0.013822 2.7078 0.27256
0.013924 1.9486 0.19299
0.014027 1.6216 0.26464
0.01413 2.1364 0.20197
0.014234 2.3444 0.20577
0.014339 1.9475 0.19044
0.014445 2.4307 0.24859
0.014551 1.884 0.27632
0.014658 1.8938 0.16314
0.014766 2.1564 0.20284
0.014875 1.9806 0.20978
0.014985 2.0464 0.21318
0.015095 1.834 0.18739
0.015206 2.085 0.20531
0.015319 1.9727 0.18191
0.015431 1.7752 0.16505
0.015545 2.0245 0.20238
0.01566 1.5736 0.2009
0.015775 2.1204 0.18855
0.015891 1.8837 0.15953
0.016008 2.0687 0.21082
0.016126 1.5927 0.17021
0.016245 1.8643 0.19437
0.016365 1.9131 0.15772
0.016486 1.9363 0.1804
0.016607 1.6435 0.14923
0.016729 1.9363 0.2108
0.016853 1.8393 0.16611
0.016977 1.9118 0.16064
0.017102 1.7547 0.16213
0.017228 1.6958 0.18831
0.017355 1.8979 0.15016
0.017483 1.7775 0.15981
0.017612 1.8553 0.16845
0.017741 1.8524 0.16137
0.017872 1.6151 0.15403
0.018004 2.2213 0.17666
0.018136 1.6749 0.13442
0.01827 1.6943 0.16308
0.018405 1.717 0.17663
0.01854 1.9385 0.13435
0.018677 2.0485 0.17126
0.018815 1.4422 0.13861
0.018953 1.6758 0.14643
0.019093 1.6199 0.13654
0.019234 1.675 0.13442
0.019375 2.0054 0.16286
0.019518 1.7916 0.15561
0.019662 1.7416 0.12656
0.019807 1.7957 0.14491
0.019953 1.6438 0.14923
0.0201 1.7942 0.13488
0.020248 2.156 0.14451
0.020397 1.8922 0.14508
0.020547 1.7782 0.14665
0.020699 1.8639 0.13744
0.020851 1.9701 0.13101
0.021005 1.6711 0.13981
0.02116 1.8238 0.13599
0.021316 2.005 0.12969
0.021473 2.015 0.14718
0.021631 1.9573 0.13773
0.02179 1.9483 0.13555
0.021951 2.0693 0.12936
0.022113 2.0924 0.14552
0.022276 2.0339 0.14136
0.02244 1.9041 0.11634
0.022605 2.2884 0.15923
0.022772 1.9463 0.12783
0.02294 2.1228 0.12594
0.023109 1.7907 0.12199
0.023279 1.932 0.14303
0.02345 2.2424 0.12601
0.023623 2.4932 0.13494
0.023797 2.2368 0.14817
0.023973 2.273 0.12315
0.024149 2.4455 0.13734
0.024327 2.1747 0.12819
0.024507 2.4497 0.13597
0.024687 2.2959 0.12139
0.024869 2.0437 0.12862
0.025052 2.1879 0.11855
0.025237 2.7046 0.14274
0.025423 2.4914 0.13345
0.02561 2.4204 0.12297
0.025799 2.4364 0.12446
0.025989 2.9177 0.15247
0.026181 2.5166 0.12046
0.026373 2.868 0.13428
0.026568 2.5146 0.12761
0.026764 2.8975 0.13023
0.026961 2.9717 0.13603
0.027159 2.6876 0.13187
0.02736 3.2816 0.13094
0.027561 3.1196 0.14473
0.027764 2.8625 0.12054
0.027969 3.2123 0.13827
0.028175 2.9821 0.12835
0.028383 3.4486 0.13964
0.028592 3.1327 0.13049
0.028802 2.8908 0.12394
0.029015 3.3107 0.12677
0.029228 3.2651 0.13534
0.029444 3.3123 0.1259
0.029661 3.297 0.12694
0.029879 3.4606 0.13599
0.0301 4.078 0.13538
0.030321 3.8821 0.14746
0.030545 3.6945 0.12486
0.03077 3.8249 0.13475
0.030997 3.8015 0.13722
0.031225 3.887 0.12499
0.031455 4.013 0.14045
0.031687 3.8976 0.12554
0.03192 3.9748 0.13455
0.032156 3.9119 0.12924
0.032393 4.2106 0.13004
0.032631 4.3568 0.13719
0.032872 4.3496 0.13065
0.033114 4.2028 0.13072
0.033358 4.4674 0.13433
0.033604 4.583 0.1322
0.033851 4.4692 0.12774
0.034101 4.7466 0.14409
0.034352 4.2768 0.11879
0.034605 5.0576 0.14121
0.03486 4.4977 0.12645
0.035117 5.1734 0.13416
0.035376 4.4396 0.125
0.035637 5.3697 0.13918
0.035899 4.4494 0.12143
0.036164 4.8984 0.12676
0.03643 4.4904 0.12703
0.036699 5.1459 0.1238
0.036969 4.6503 0.12412
0.037241 5.1844 0.12884
0.037516 4.8066 0.12497
0.037792 5.3314 0.12547
0.038071 4.8744 0.12104
0.038351 5.1885 0.1283
0.038634 4.7164 0.11415
0.038919 5.1756 0.12335
0.039205 4.9242 0.11833
0.039494 5.3201 0.12642
0.039785 4.7613 0.10991
0.040079 4.9453 0.11808
0.040374 4.7033 0.11069
0.040671 4.8584 0.11777
0.040971 5.1759 0.11455
0.041273 4.6984 0.11
0.041577 5.0222 0.11202
0.041883 4.4876 0.10712
0.042192 5.0063 0.11374
0.042503 4.4451 0.10143
0.042816 4.8496 0.10795
0.043132 4.7091 0.10385
0.04345 3.9328 0.097282
0.04377 4.5132 0.10271
0.044092 4.2797 0.098388
0.044417 4.2856 0.098122
0.044744 4.0239 0.091831
0.045074 4.0058 0.09366
0.045406 4.2405 0.095437
0.045741 3.6245 0.0876
0.046078 3.9878 0.09157
0.046417 3.712 0.087043
0.04676 3.6515 0.08737
0.047104 3.6615 0.084457
0.047451 3.4529 0.080883
0.047801 3.1842 0.078366
0.048153 3.1721 0.077997
0.048508 3.0406 0.074318
0.048865 2.9488 0.073992
0.049225 2.9635 0.073978
0.049588 2.7295 0.069451
0.049954 2.8746 0.071352
0.050322 2.773 0.071099
0.050693 2.5111 0.064678
0.051066 2.6419 0.067222
0.051442 2.5077 0.064709
0.051821 2.2529 0.060856
0.052203 2.2499 0.060674
0.052588 2.299 0.060395
0.052975 2.1613 0.058727
0.053366 1.9455 0.055005
0.053759 2.0206 0.055723
0.054155 1.9956 0.055067
0.054554 1.973 0.053149
0.054956 1.82 0.051784
0.055361 1.8334 0.051265
0.055769 1.7755 0.050989
0.05618 1.7458 0.049385
0.056594 1.7017 0.048471
0.057011 1.7214 0.048317
0.057431 1.6655 0.047918
0.057854 1.5132 0.044705
0.058281 1.6033 0.046253
0.05871 1.498 0.043743
0.059143 1.5083 0.04384
0.059579 1.599 0.044866
0.060018 1.4285 0.041803
0.06046 1.4451 0.04194
0.060905 1.362 0.040375
0.061354 1.4257 0.041375
0.061806 1.4109 0.040579
0.062262 1.3696 0.039756
0.062721 1.3244 0.038506
0.063183 1.3801 0.039676
0.063648 1.391 0.039147
0.064117 1.32 0.037393
0.06459 1.2934 0.037129
0.065066 1.2923 0.036868
0.065545 1.3482 0.037676
0.066028 1.2621 0.036306
0.066515 1.2614 0.035234
0.067005 1.3065 0.036175
0.067499 1.2273 0.035241
0.067996 1.2609 0.034778
0.068497 1.2306 0.033862
0.069002 1.229 0.03439
0.06951 1.2066 0.033247
0.070023 1.2478 0.033536
0.070539 1.2102 0.033295
0.071058 1.2359 0.032819
0.071582 1.2287 0.032503
0.072109 1.2168 0.032595
0.072641 1.1709 0.031461
0.073176 1.1885 0.031558
0.073715 1.1681 0.031051
0.074258 1.214 0.031107
0.074806 1.1415 0.030421
0.075357 1.1332 0.029945
0.075912 1.1552 0.030028
0.076472 1.157 0.029436
0.077035 1.1258 0.029372
0.077603 1.139 0.029156
0.078175 1.1453 0.028898
0.078751 1.0966 0.02819
0.079331 1.0391 0.027278
0.079916 1.0247 0.026939
0.080504 1.0276 0.026928
0.081098 1.0471 0.026354
0.081695 1.0805 0.027438
0.082297 1.0584 0.026081
0.082904 1.0112 0.025883
0.083515 1.0064 0.025148
0.08413 1.0254 0.025617
0.08475 1.0088 0.025326
0.085374 1.0098 0.024912
0.086004 0.97265 0.024615
0.086637 0.98554 0.024034
0.087276 0.92392 0.023132
0.087919 0.93575 0.023536
0.088567 0.91569 0.02299
0.089219 0.90202 0.022699
0.089877 0.90776 0.022442
0.090539 0.89764 0.022149
0.091206 0.83891 0.021261
0.091878 0.89483 0.021996
0.092555 0.86835 0.021506
0.093237 0.85785 0.020948
0.093924 0.84813 0.020718
0.094616 0.82142 0.020539
0.095314 0.83634 0.020321
0.096016 0.82694 0.02009
0.096724 0.79745 0.019836
0.097436 0.76446 0.019247
0.098154 0.75382 0.018595
0.098878 0.75949 0.018826
0.099606 0.75371 0.018702
0.10034 0.74515 0.018137
0.10108 0.77177 0.018583
0.10182 0.73729 0.017977
0.10257 0.73864 0.017746
0.10333 0.75129 0.018014
0.10409 0.70792 0.017069
0.10486 0.71855 0.017322
0.10563 0.71341 0.017014
0.10641 0.67123 0.016448
0.10719 0.70762 0.016864
0.10798 0.68641 0.016205
0.10878 0.6506 0.016025
0.10958 0.69086 0.016035
0.11039 0.64604 0.015696
0.1112 0.63101 0.015139
0.11202 0.68694 0.015997
0.11285 0.63596 0.014953
0.11368 0.65233 0.015278
0.11452 0.62037 0.014526
0.11536 0.5924 0.014393
0.11621 0.62001 0.014466
0.11707 0.60558 0.014222
0.11793 0.61297 0.014222
0.1188 0.58758 0.013744
0.11967 0.55821 0.013504
0.12056 0.58732 0.013525
0.12144 0.55779 0.013135
0.12234 0.58626 0.013545
0.12324 0.5635 0.012945
0.12415 0.56887 0.013001
0.12506 0.53604 0.012713
0.12598 0.54369 0.012438
0.12691 0.54195 0.01245
0.12785 0.54011 0.012344
0.12879 0.52124 0.012092
0.12974 0.52338 0.011928
0.1307 0.52896 0.011922
0.13166 0.49494 0.011526
0.13263 0.51453 0.011646
0.13361 0.5319 0.011683
0.13459 0.48625 0.011145
0.13558 0.48377 0.010989
0.13658 0.49372 0.011157
0.13759 0.47109 0.010709
0.1386 0.48637 0.010822
0.13962 0.47707 0.010669
0.14065 0.48195 0.010586
0.14169 0.45648 0.010267
0.14273 0.47335 0.010402
0.14378 0.45206 0.010053
0.14484 0.42682 0.0097437
0.14591 0.42451 0.0096363
0.14699 0.43152 0.0096871
0.14807 0.42397 0.009503
0.14916 0.43015 0.0094897
0.15026 0.42249 0.0093233
0.15137 0.40376 0.0090999
0.15248 0.39652 0.0089179
0.15361 0.39881 0.0089091
0.15474 0.40159 0.0088523
0.15588 0.39844 0.0087798
0.15703 0.37093 0.0084082
0.15818 0.3575 0.0082117
0.15935 0.36895 0.0082796
0.16052 0.36482 0.0081444
0.16171 0.37091 0.008171
0.1629 0.34832 0.0078895
0.1641 0.36622 0.0080056
0.16531 0.34728 0.0077726
0.16653 0.33404 0.0075504
0.16775 0.34573 0.0076227
0.16899 0.33623 0.0074696
0.17023 0.32743 0.0073444
0.17149 0.32076 0.0072101
0.17275 0.30924 0.0070201
0.17403 0.29902 0.0068854
0.17531 0.30106 0.0068673
0.1766 0.29415 0.0067039
0.1779 0.29069 0.0066526
0.17921 0.29274 0.0065982
0.18053 0.29125 0.0065662
0.18186 0.28364 0.0064172
0.1832 0.26975 0.0062386
0.18455 0.26651 0.0061625
0.18591 0.26488 0.0060952
0.18728 0.24929 0.0058752
0.18866 0.26026 0.0059819
0.19005 0.2419 0.0056938
0.19145 0.23919 0.0056785
0.19286 0.23187 0.0055268
0.19429 0.23273 0.0055034
0.19572 0.23189 0.0054703
