#
0.0050184 10.294 3.3361
0.0050554 31.416 6.4602
0.0050926 462.61 24.705
0.0051301 25.111 5.1682
0.0051679 27.009 4.8948
0.005206 376.95 31.538
0.0052444 210.73 33.36
0.005283 NaN NaN
0.005322 33.23 7.664
0.0053612 24.768 5.7481
0.0054007 70.998 7.9121
0.0054405 36.178 4.3815
0.0054806 18.218 4.0287
0.005521 742.61 25.555
0.0055616 19.767 4.5985
0.0056026 362.68 19.566
0.0056439 35.843 5.6291
0.0056855 24.378 6.5788
0.0057274 397.95 32.408
0.0057696 19.579 5.1073
0.0058121 18.202 4.9341
0.0058549 19.718 3.4174
0.0058981 71.85 11.258
0.0059416 43.288 7.5753
0.0059853 27.63 4.5836
0.0060294 10.303 5.2749
0.0060739 275.68 10.581
0.0061186 35.381 6.8521
0.0061637 183.76 11.013
0.0062091 14.403 2.9305
0.0062549 123.17 11.411
0.006301 20.843 7.4597
0.0063474 10.319 2.6374
0.0063942 32.794 6.5934
0.0064413 113.14 17.294
0.0064888 12.959 5.8975
0.0065366 16.41 2.5981
0.0065847 82.826 6.0429
0.0066333 152.7 8.5645
0.0066821 152 10.71
0.0067314 17.704 4.3497
0.006781 103.19 10.443
0.006831 6.3472 2.9488
0.0068813 18.19 3.489
0.006932 28.389 4.6451
0.0069831 15.654 5.2748
0.0070345 23.891 4.2627
0.0070864 8.3332 1.6811
0.0071386 95.225 6.7644
0.0071912 416.52 27.068
0.0072442 117.8 8.8213
0.0072976 18.53 3.3154
0.0073513 48.12 4.6102
0.0074055 10.269 2.6375
0.0074601 37.73 6.3297
0.0075151 2.3821 2.6378
0.0075704 11.531 2.6211
0.0076262 14.068 2.3226
0.0076824 71.209 5.8533
0.007739 111.14 8.0785
0.0077961 55.32 4.1512
0.0078535 52.46 6.3045
0.0079114 12.998 2.9487
0.0079697 36.704 8.0573
0.0080284 2.9314 1.8274
0.0080876 13.188 2.3309
0.0081471 11.253 1.8874
0.0082072 10.789 2.2998
0.0082677 86.434 5.7139
0.0083286 52.037 5.0064
0.00839 56.896 7.0877
0.0084518 13.257 2.8108
0.0085141 11.129 2.1471
0.0085768 5.7886 1.5072
0.00864 4.0301 2.11
0.0087037 9.3384 2.1446
0.0087678 28.625 2.9922
0.0088324 61.933 4.2667
0.0088975 5.6125 1.7495
0.0089631 27.668 3.2411
0.0090291 11.902 2.5297
0.0090956 5.0609 1.5905
0.0091627 20.889 7.4597
0.0092302 6.9637 1.4157
0.0092982 12.747 1.6882
0.0093667 62.088 4.5322
0.0094357 6.3381 2.9488
0.0095053 16.669 2.1683
0.0095753 20.282 3.4674
0.0096459 5.4088 1.4067
0.0097169 10.318 2.1535
0.0097885 4.5301 1.0949
0.0098607 42.29 3.7444
0.0099333 46.67 5.2421
0.010007 11.805 1.593
0.01008 8.98 1.7445
0.010155 8.7281 2.1749
0.010229 4.5981 1.458
0.010305 6.9997 1.5464
0.010381 6.9047 1.4881
0.010457 30.756 2.5094
0.010534 16.055 1.9772
0.010612 8.3184 2.3774
0.01069 3.3779 1.0935
0.010769 5.0255 1.362
0.010848 4.7952 1.1234
0.010928 3.7835 1.0048
0.011009 29.953 2.5231
0.01109 14.771 2.4681
0.011171 8.8123 1.5071
0.011254 3.5674 1.0567
0.011337 4.3115 1.3053
0.01142 4.3491 1.0452
0.011504 13.58 1.5857
0.011589 19.945 2.1514
0.011675 3.37 1.0011
0.011761 8.5288 1.6051
0.011847 3.1113 1.2689
0.011935 5.4014 1.0319
0.012023 6.005 1.0162
0.012111 21.395 2.3883
0.0122 7.2913 1.3758
0.01229 6.0158 1.2226
0.012381 3.2901 0.87922
0.012472 4.5482 1.0723
0.012564 7.0538 1.2173
0.012657 10.698 1.462
0.01275 9.2318 1.3117
0.012844 3.2896 1.0152
0.012938 5.4301 1.0736
0.013034 3.207 0.88832
0.01313 6.4874 0.89716
0.013227 7.3895 1.2201
0.013324 6.2734 1.422
0.013422 3.895 0.88369
0.013521 4.5075 1.119
0.013621 2.66 0.61861
0.013721 9.477 1.2847
0.013822 4.6092 1.012
0.013924 2.559 0.63876
0.014027 3.3848 1.0935
0.01413 1.0902 0.43969
0.014234 4.775 0.83292
0.014339 7.8805 1.0764
0.014445 4.649 0.97689
0.014551 3.1771 1.0292
0.014658 3.0002 0.58969
0.014766 4.7619 0.85442
0.014875 8.0922 1.1911
0.014985 3.1595 0.76105
0.015095 2.6929 0.65536
0.015206 2.2586 0.62066
0.015319 4.5405 0.78263
0.015431 4.9027 0.7776
0.015545 4.2701 0.83553
0.01566 2.0836 0.67688
0.015775 2.7304 0.61708
0.015891 4.0024 0.66232
0.016008 4.5558 0.88775
0.016126 3.6463 0.73459
0.016245 2.0927 0.60096
0.016365 2.145 0.48765
0.016486 6.7022 0.94546
0.016607 3.2709 0.60315
0.016729 2.4052 0.68108
0.016853 3.9895 0.69758
0.016977 3.6005 0.62919
0.017102 4.1339 0.70693
0.017228 2.8033 0.69683
0.017355 2.3059 0.48131
0.017483 2.6197 0.56042
0.017612 4.7047 0.75972
0.017741 2.7857 0.5697
0.017872 1.9035 0.48929
0.018004 2.5335 0.549
0.018136 3.7171 0.57108
0.01827 2.1527 0.53622
0.018405 2.9474 0.6658
0.01854 3.1778 0.49391
0.018677 4.1784 0.69508
0.018815 1.5832 0.43047
0.018953 2.7813 0.54395
0.019093 2.6687 0.5051
0.019234 3.141 0.52781
0.019375 3.3277 0.60019
0.019518 2.8715 0.56657
0.019662 2.7886 0.46126
0.019807 3.5996 0.58633
0.019953 2.3422 0.51723
0.0201 2.1677 0.43197
0.020248 3.3267 0.51478
0.020397 2.8952 0.51758
0.020547 1.9891 0.45344
0.020699 2.6325 0.47192
0.020851 2.9746 0.46266
0.021005 2.6298 0.50582
0.02116 2.1655 0.43198
0.021316 2.7334 0.43635
0.021473 3.3957 0.54677
0.021631 2.2259 0.42686
0.02179 2.4405 0.4396
0.021951 2.26 0.39255
0.022113 1.6177 0.38011
0.022276 2.5613 0.45844
0.02244 2.7958 0.407
0.022605 1.7236 0.40811
0.022772 2.4698 0.41696
0.02294 2.6402 0.40548
0.023109 3.3184 0.47564
0.023279 2.4525 0.46625
0.02345 2.8177 0.407
0.023623 3.0668 0.43109
0.023797 2.7832 0.47666
0.023973 2.4223 0.36936
0.024149 3.0826 0.44358
0.024327 2.7756 0.41806
0.024507 3.1176 0.44152
0.024687 3.0726 0.40358
0.024869 2.9296 0.44324
0.025052 3.0212 0.40055
0.025237 3.42 0.46015
0.025423 2.2941 0.37273
0.02561 2.6701 0.37459
0.025799 3.9118 0.45035
0.025989 3.6849 0.49075
0.026181 2.3803 0.34054
0.026373 4.0198 0.45402
0.026568 2.1463 0.34484
0.026764 2.4794 0.34928
0.026961 2.979 0.39258
0.027159 3.0439 0.40434
0.02736 3.8667 0.40672
0.027561 3.3768 0.43274
0.027764 4.0222 0.40799
0.027969 3.57 0.41794
0.028175 3.6742 0.40808
0.028383 3.2451 0.38998
0.028592 3.6486 0.40378
0.028802 4.0071 0.41706
0.029015 3.5717 0.37788
0.029228 4.0859 0.43242
0.029444 3.7101 0.38162
0.029661 4.0603 0.40234
0.029879 3.4328 0.38883
0.0301 5.2468 0.43626
0.030321 4.4325 0.44939
0.030545 3.9627 0.36987
0.03077 5.2506 0.44869
0.030997 4.4993 0.4257
0.031225 4.3306 0.37625
0.031455 3.9345 0.39807
0.031687 4.5402 0.38613
0.03192 4.126 0.39165
0.032156 3.7618 0.3627
0.032393 5.2651 0.41286
0.032631 4.9157 0.41436
0.032872 4.9473 0.39648
0.033114 5.1597 0.41184
0.033358 4.884 0.39977
0.033604 4.9771 0.39211
0.033851 5.1781 0.39091
0.034101 5.2434 0.43043
0.034352 4.1956 0.33619
0.034605 5.5011 0.41812
0.03486 5.1261 0.3837
0.035117 5.637 0.39742
0.035376 5.3903 0.39125
0.035637 5.7425 0.40834
0.035899 4.9366 0.36399
0.036164 6.179 0.40343
0.03643 5.8658 0.41185
0.036699 6.0564 0.38065
0.036969 5.7055 0.39008
0.037241 6.1065 0.39629
0.037516 5.6677 0.38512
0.037792 6.3091 0.38691
0.038071 5.8753 0.37691
0.038351 6.1871 0.39718
0.038634 5.4043 0.34705
0.038919 6.9086 0.40295
0.039205 5.7125 0.36188
0.039494 6.7168 0.40187
0.039785 6.2335 0.35628
0.040079 6.364 0.37948
0.040374 6.3487 0.36413
0.040671 6.9179 0.39734
0.040971 6.7918 0.37109
0.041273 6.7714 0.37352
0.041577 6.4146 0.35843
0.041883 5.7304 0.34339
0.042192 6.3367 0.36248
0.042503 5.4866 0.31993
0.042816 6.3366 0.34952
0.043132 5.9922 0.33216
0.04345 5.371 0.32284
0.04377 6.5305 0.34942
0.044092 5.5901 0.31928
0.044417 5.5931 0.31813
0.044744 5.7369 0.31088
0.045074 5.683 0.31636
0.045406 6.0488 0.323
0.045741 5.2172 0.29852
0.046078 5.4098 0.30284
0.046417 5.5084 0.30089
0.04676 4.8376 0.28591
0.047104 5.0536 0.28202
0.047451 4.9277 0.2746
0.047801 4.5614 0.26711
0.048153 4.5215 0.26521
0.048508 4.3717 0.25385
0.048865 4.2545 0.25338
0.049225 3.7018 0.2367
0.049588 4.2247 0.24628
0.049954 3.8102 0.23497
0.050322 4.2171 0.24985
0.050693 3.7599 0.22621
0.051066 3.6081 0.22485
0.051442 3.0916 0.20661
0.051821 2.9874 0.20158
0.052203 3.1836 0.2072
0.052588 2.7159 0.18958
0.052975 2.8479 0.19435
0.053366 2.631 0.18492
0.053759 2.3891 0.17589
0.054155 2.4577 0.17704
0.054554 2.1107 0.16049
0.054956 2.3331 0.17026
0.055361 2.2746 0.16602
0.055769 2.1632 0.1639
0.05618 1.8976 0.15107
0.056594 1.7157 0.14356
0.057011 1.9798 0.15167
0.057431 1.9631 0.15228
0.057854 1.7939 0.14314
0.058281 1.6968 0.14043
0.05871 2.0753 0.15021
0.059143 1.8913 0.14383
0.059579 1.9354 0.14451
0.060018 1.5208 0.12785
0.06046 1.6543 0.13248
0.060905 1.4648 0.12431
0.061354 1.2795 0.11785
0.061806 1.2324 0.11448
0.062262 1.1296 0.10969
0.062721 1.027 0.10392
0.063183 1.0001 0.10382
0.063648 0.80566 0.093451
0.064117 0.99705 0.099679
0.06459 0.96821 0.09864
0.065066 0.97211 0.098277
0.065545 0.95246 0.097774
0.066028 0.80507 0.090855
0.066515 0.88951 0.091878
0.067005 0.87506 0.092039
0.067499 0.89169 0.093161
0.067996 0.90343 0.091065
0.068497 0.76064 0.084029
0.069002 0.7322 0.084006
0.06951 0.82889 0.086031
0.070023 0.81692 0.084969
0.070539 1.0375 0.094083
0.071058 0.88825 0.086106
0.071582 0.72934 0.079218
0.072109 0.82817 0.08389
0.072641 0.76079 0.079863
0.073176 0.80289 0.081206
0.073715 0.74295 0.078221
0.074258 0.7299 0.076344
0.074806 0.72868 0.077011
0.075357 0.70798 0.075174
0.075912 0.68096 0.073691
0.076472 0.67339 0.071663
0.077035 0.62495 0.070664
0.077603 0.5579 0.066963
0.078175 0.64837 0.069934
0.078751 0.69157 0.07135
0.079331 0.55974 0.065663
0.079916 0.61749 0.067526
0.080504 0.65689 0.068786
0.081098 0.6661 0.067152
0.081695 0.72394 0.071161
0.082297 0.68229 0.066843
0.082904 0.82642 0.072766
0.083515 0.84298 0.071538
0.08413 0.784 0.070134
0.08475 0.62985 0.064464
0.085374 0.50749 0.058751
0.086004 0.5061 0.058788
0.086637 0.48672 0.056518
0.087276 0.6175 0.060837
0.087919 0.6052 0.061207
0.088567 0.50644 0.056721
0.089219 0.42284 0.05307
0.089877 0.45898 0.053716
0.090539 0.54074 0.056441
0.091206 0.45407 0.052539
0.091878 0.43265 0.051872
0.092555 0.4797 0.053465
0.093237 0.3564 0.047467
0.093924 0.54371 0.054349
0.094616 0.42916 0.050455
0.095314 0.49318 0.051832
0.096016 0.48044 0.051186
0.096724 0.4145 0.04897
0.097436 0.42157 0.048709
0.098154 0.4207 0.047343
0.098878 0.49321 0.050296
0.099606 0.40745 0.04724
0.10034 0.56733 0.051314
0.10108 0.57395 0.051956
0.10182 0.69569 0.055155
0.10257 0.72837 0.055336
0.10333 0.57495 0.051115
0.10409 0.51037 0.047806
0.10486 0.51308 0.048239
0.10563 0.30969 0.040468
0.10641 0.33554 0.04121
0.10719 0.28212 0.039169
0.10798 0.29682 0.038829
0.10878 0.30704 0.039757
0.10958 0.29993 0.038397
0.11039 0.35009 0.040554
0.1112 0.23849 0.035623
0.11202 0.29719 0.038237
0.11285 0.24996 0.035394
0.11368 0.22324 0.034667
0.11452 0.27329 0.035582
0.11536 0.26851 0.035934
0.11621 0.23432 0.034121
0.11707 0.27281 0.03525
0.11793 0.29108 0.035693
0.1188 0.26343 0.034354
0.11967 0.22242 0.033038
0.12056 0.2449 0.03313
0.12144 0.25547 0.033304
0.12234 0.25729 0.033612
0.12324 0.22974 0.031804
0.12415 0.21383 0.031256
0.12506 0.28662 0.033887
0.12598 0.27874 0.032685
0.12691 0.23406 0.031258
0.12785 0.23808 0.031291
0.12879 0.28107 0.032587
0.12974 0.19494 0.029116
0.1307 0.28588 0.031952
0.13166 0.17897 0.028436
0.13263 0.24636 0.030382
0.13361 0.19852 0.02841
0.13459 0.19024 0.028014
0.13558 0.27131 0.030227
0.13658 0.22743 0.029061
0.13759 0.19197 0.027313
0.1386 0.24198 0.028836
0.13962 0.2531 0.029019
0.14065 0.28031 0.029417
0.14169 0.20401 0.027072
0.14273 0.26412 0.028693
0.14378 0.2434 0.027745
0.14484 0.24861 0.027823
0.14591 0.22028 0.026746
0.14699 0.20394 0.026192
0.14807 0.21882 0.026326
0.14916 0.20616 0.025759
0.15026 0.17026 0.024359
0.15137 0.23801 0.026306
0.15248 0.20577 0.02504
0.15361 0.21215 0.025114
0.15474 0.24439 0.025873
0.15588 0.22383 0.025118
0.15703 0.27148 0.02615
0.15818 0.23777 0.025085
0.15935 0.19755 0.023838
0.16052 0.1771 0.02298
0.16171 0.16622 0.022644
0.1629 0.19199 0.023157
0.1641 0.16383 0.02222
0.16531 0.18224 0.0226
0.16653 0.201 0.02284
0.16775 0.20962 0.022981
0.16899 0.19847 0.022517
0.17023 0.19908 0.022405
0.17149 0.1956 0.022101
0.17275 0.18646 0.021616
0.17403 0.15093 0.020618
0.17531 0.18628 0.021443
0.1766 0.17894 0.020959
0.1779 0.17324 0.020754
0.17921 0.16822 0.020375
0.18053 0.17807 0.020608
0.18186 0.1807 0.020428
0.1832 0.14304 0.019369
0.18455 0.13402 0.019021
0.18591 0.15071 0.019314
0.18728 0.13969 0.018797
0.18866 0.14967 0.01902
0.19005 0.18157 0.019508
0.19145 0.16472 0.019148
0.19286 0.14253 0.018387
0.19429 0.1594 0.01868
0.19572 0.12725 0.017878
