#
0.0050184 14.35 4.4243
0.0050554 14.713 5.0024
0.0050926 3.0235 2.3584
0.0051301 6.4068 2.9829
0.0051679 7.4738 2.9412
0.005206 16.432 7.457
0.0052444 33.025 14.914
0.005283 NaN NaN
0.005322 8.6699 4.4466
0.0053612 19.646 5.7762
0.0054007 13.074 3.8508
0.0054405 17.067 3.4009
0.0054806 5.2506 2.4859
0.005521 7.4738 2.9412
0.0055616 12.989 4.2184
0.0056026 11.733 4.0019
0.0056439 9.7508 3.335
0.0056855 15.263 5.8822
0.0057274 9.6355 5.7764
0.0057696 13.086 4.7163
0.0058121 8.0085 3.7287
0.0058549 7.1468 2.3436
0.0058981 13.039 5.4459
0.0059416 6.3814 3.3351
0.0059853 17.787 4.1533
0.0060294 13.028 6.6699
0.0060739 6.3858 1.85
0.0061186 16.392 5.273
0.0061637 11.421 3.1195
0.0062091 6.3545 2.2234
0.0062549 7.6715 3.2677
0.006301 19.686 8.1688
0.0063474 8.8796 2.7652
0.0063942 4.7832 2.8883
0.0064413 -0.33434 NaN
0.0064888 3.0466 3.3353
0.0065366 8.9493 2.1768
0.0065847 9.1316 2.2918
0.0066333 4.5194 1.7152
0.0066821 3.5411 1.9058
0.0067314 1.0434 1.3344
0.006781 9.0885 3.5294
0.006831 1.3561 1.6679
0.0068813 7.1604 2.5013
0.006932 5.4072 2.3341
0.0069831 4.2312 3.1444
0.0070345 3.5312 1.9059
0.0070864 5.9516 1.6146
0.0071386 2.7801 1.356
0.0071912 6.4467 3.8509
0.0072442 8.8941 2.7652
0.0072976 8.6085 2.5673
0.0073513 4.1544 1.5722
0.0074055 1.3129 1.1795
0.0074601 2.3543 1.8868
0.0075151 6.3468 4.7165
0.0075704 4.9467 1.9608
0.0076262 4.4495 1.5067
0.0076824 11.218 2.6431
0.007739 3.4338 1.6573
0.0077961 4.8223 1.4147
0.0078535 4.4017 2.1308
0.0079114 7.2641 2.5013
0.0079697 6.3929 3.851
0.0080284 2.3727 1.8868
0.0080876 5.9012 1.7774
0.0081471 4.0281 1.3014
0.0082072 5.7594 1.9176
0.0082677 1.1492 0.82543
0.0083286 1.5276 1.0505
0.00839 1.9119 1.5724
0.0084518 1.9414 1.2839
0.0085141 3.8117 1.4513
0.0085768 1.6026 0.95307
0.00864 1.0941 1.3343
0.0087037 4.532 1.7152
0.0087678 4.4164 1.3592
0.0088324 5.3159 1.4352
0.0088975 4.429 1.7648
0.0089631 3.5428 1.3476
0.0090291 0.37644 0.66747
0.0090956 4.5803 1.7151
0.0091627 -0.26516 NaN
0.0092302 2.8377 1.0533
0.0092982 3.0572 0.96282
0.0093667 2.6398 1.1031
0.0094357 1.3446 1.668
0.0095053 1.419 0.7852
0.0095753 3.4133 1.6573
0.0096459 3.282 1.2578
0.0097169 4.1544 1.5722
0.0097885 2.8697 1.0045
0.0098607 2.6182 1.1031
0.0099333 3.4312 1.6573
0.010007 2.6543 0.88498
0.01008 2.1841 1.0213
0.010155 2.3658 1.3342
0.010229 4.1467 1.5722
0.010305 2.5981 1.1031
0.010381 2.4534 1.0382
0.010457 1.4365 0.67894
0.010534 1.8077 0.80231
0.010612 -0.31993 NaN
0.01069 3.4375 1.2507
0.010769 2.3527 1.0894
0.010848 1.9345 0.84049
0.010928 2.5609 0.95298
0.011009 2.3921 0.84381
0.01109 2.2602 1.1475
0.011171 4.7907 1.2705
0.011254 0.064382 0.37107
0.011337 2.1169 1.0655
0.01142 0.34536 0.42906
0.011504 1.9922 0.72746
0.011589 2.3101 0.87013
0.011675 2.5061 0.99306
0.011761 3.3736 1.1719
0.011847 2.7214 1.356
0.011935 0.39839 0.4129
0.012023 1.3403 0.58972
0.012111 2.375 0.94342
0.0122 2.5499 0.95299
0.01229 3.0592 1.0056
0.012381 1.9369 0.78621
0.012472 2.4162 0.90968
0.012564 0.71039 0.51333
0.012657 1.4235 0.65377
0.01275 0.86371 0.51449
0.012844 2.3068 0.98054
0.012938 1.9921 0.76976
0.013034 1.1552 0.64866
0.01313 2.1397 0.60646
0.013227 0.69775 0.4943
0.013324 1.6551 0.87753
0.013422 0.39921 0.4129
0.013521 1.6977 0.81708
0.013621 1.029 0.47181
0.013721 1.656 0.64562
0.013822 2.093 0.80054
0.013924 0.82724 0.45402
0.014027 1.7788 0.93236
0.01413 1.9344 0.64194
0.014234 1.4742 0.55519
0.014339 2.3936 0.69829
0.014445 3.9023 1.0186
0.014551 3.625 1.2408
0.014658 1.2074 0.4516
0.014766 2.1305 0.66814
0.014875 2.0565 0.71374
0.014985 2.2739 0.74546
0.015095 2.6639 0.74121
0.015206 0.69804 0.43887
0.015319 1.0236 0.46029
0.015431 0.41878 0.33167
0.015545 0.88743 0.48072
0.01566 1.3996 0.65379
0.015775 1.8257 0.58668
0.015891 0.8759 0.39251
0.016008 1.1751 0.55164
0.016126 0.92464 0.46458
0.016245 1.273 0.55503
0.016365 1.2021 0.43609
0.016486 0.99154 0.46031
0.016607 2.305 0.58498
0.016729 2.152 0.73752
0.016853 0.98465 0.43517
0.016977 1.5447 0.48947
0.017102 1.3122 0.48104
0.017228 1.9277 0.67049
0.017355 0.73084 0.34516
0.017483 1.3672 0.4815
0.017612 1.7989 0.55471
0.017741 1.6167 0.50944
0.017872 0.70392 0.37565
0.018004 1.0257 0.43063
0.018136 1.261 0.40376
0.01827 1.2062 0.47953
0.018405 0.74306 0.43016
0.01854 1.4945 0.4032
0.018677 1.3927 0.48149
0.018815 0.46274 0.3144
0.018953 1.0465 0.40982
0.019093 1.1511 0.40095
0.019234 1.1578 0.39008
0.019375 1.5141 0.48006
0.019518 1.4076 0.47168
0.019662 1.0361 0.34456
0.019807 1.8384 0.49289
0.019953 1.2615 0.45319
0.0201 0.97536 0.3538
0.020248 0.44885 0.26589
0.020397 0.64873 0.32292
0.020547 0.87686 0.37019
0.020699 0.48425 0.27761
0.020851 0.89071 0.31604
0.021005 0.9512 0.37509
0.02116 0.87456 0.33993
0.021316 1.1787 0.34521
0.021473 0.75033 0.32972
0.021631 1.1237 0.36396
0.02179 1.624 0.41881
0.021951 1.6022 0.38452
0.022113 1.0646 0.36715
0.022276 1.7141 0.43676
0.02244 1.1285 0.31523
0.022605 0.88844 0.35695
0.022772 1.6589 0.39859
0.02294 1.671 0.37681
0.023109 1.9459 0.42533
0.023279 1.4592 0.42321
0.02345 1.1561 0.31522
0.023623 1.5363 0.36191
0.023797 1.4229 0.40438
0.023973 1.5735 0.34882
0.024149 1.1249 0.32679
0.024327 1.7505 0.38795
0.024507 1.45 0.35919
0.024687 1.2047 0.30549
0.024869 1.3503 0.35971
0.025052 1.5138 0.33579
0.025237 1.1728 0.32791
0.025423 1.6502 0.36775
0.02561 0.95075 0.27799
0.025799 1.4878 0.33268
0.025989 1.0142 0.31991
0.026181 1.2722 0.29669
0.026373 1.2889 0.31213
0.026568 1.7071 0.35605
0.026764 1.2539 0.29632
0.026961 1.3414 0.31518
0.027159 2.3387 0.40788
0.02736 2.038 0.34541
0.027561 2.0465 0.39245
0.027764 1.9732 0.33518
0.027969 1.6141 0.33328
0.028175 1.4722 0.3091
0.028383 1.7881 0.3399
0.028592 1.8608 0.33905
0.028802 2.0161 0.34694
0.029015 1.6779 0.30666
0.029228 1.6673 0.32813
0.029444 2.0792 0.33318
0.029661 1.7514 0.3125
0.029879 1.8393 0.33375
0.0301 1.6757 0.29445
0.030321 1.887 0.34587
0.030545 1.6756 0.28534
0.03077 2.0535 0.33087
0.030997 2.1124 0.34185
0.031225 1.8269 0.2884
0.031455 2.1917 0.34611
0.031687 2.4255 0.32791
0.03192 2.6825 0.36405
0.032156 2.5889 0.34635
0.032393 2.4591 0.32834
0.032631 2.7118 0.35578
0.032872 2.6521 0.33645
0.033114 2.7126 0.34619
0.033358 1.8735 0.29278
0.033604 2.6788 0.33336
0.033851 2.6595 0.32503
0.034101 2.7818 0.36288
0.034352 2.5339 0.30234
0.034605 2.9075 0.35132
0.03486 2.2086 0.29485
0.035117 2.2611 0.29479
0.035376 2.3116 0.29981
0.035637 3.2731 0.35474
0.035899 2.7451 0.31399
0.036164 2.9706 0.32393
0.03643 3.3446 0.35808
0.036699 3.2888 0.3231
0.036969 2.8429 0.31897
0.037241 2.8673 0.31478
0.037516 2.8466 0.3161
0.037792 3.4151 0.32802
0.038071 3.1682 0.31925
0.038351 2.6731 0.30404
0.038634 3.5388 0.32186
0.038919 3.3302 0.32279
0.039205 3.2765 0.31572
0.039494 3.2625 0.32329
0.039785 3.2449 0.29658
0.040079 3.5815 0.32735
0.040374 2.9101 0.28584
0.040671 3.7236 0.33497
0.040971 3.43 0.30375
0.041273 3.4523 0.30731
0.041577 3.0531 0.28604
0.041883 3.4733 0.30705
0.042192 3.5654 0.31259
0.042503 3.1161 0.27791
0.042816 3.4087 0.29529
0.043132 3.1895 0.27963
0.04345 2.9862 0.27796
0.04377 2.9118 0.27035
0.044092 3.4239 0.28719
0.044417 3.1882 0.27674
0.044744 2.9569 0.25806
0.045074 3.1236 0.27049
0.045406 2.9286 0.26037
0.045741 3.2099 0.26932
0.046078 2.6737 0.24721
0.046417 2.4647 0.23482
0.04676 3.1385 0.26446
0.047104 2.4179 0.22732
0.047451 2.7384 0.23669
0.047801 2.2913 0.22079
0.048153 2.4098 0.22506
0.048508 2.5019 0.22246
0.048865 2.1616 0.21088
0.049225 2.1095 0.20819
0.049588 2.2987 0.21132
0.049954 2.2493 0.20975
0.050322 1.9967 0.20156
0.050693 2.0016 0.19299
0.051066 2.3663 0.21048
0.051442 1.7017 0.18006
0.051821 1.5111 0.1697
0.052203 1.6588 0.17621
0.052588 1.7086 0.17571
0.052975 1.3256 0.15866
0.053366 1.6703 0.17241
0.053759 1.2191 0.15045
0.054155 1.09 0.14284
0.054554 1.3651 0.15198
0.054956 0.96859 0.13454
0.055361 1.295 0.14879
0.055769 1.1771 0.1445
0.05618 1.1435 0.13975
0.056594 0.9419 0.12873
0.057011 0.90426 0.12577
0.057431 1.0308 0.13322
0.057854 0.85504 0.12151
0.058281 0.96067 0.12755
0.05871 0.85162 0.1194
0.059143 0.70814 0.11132
0.059579 0.56357 0.10246
0.060018 0.74427 0.11063
0.06046 0.76677 0.11191
0.060905 0.93036 0.11869
0.061354 0.78536 0.11216
0.061806 0.65971 0.10422
0.062262 0.4625 0.092278
0.062721 0.59907 0.098686
0.063183 0.69389 0.10474
0.063648 0.45653 0.08944
0.064117 0.45601 0.087686
0.06459 0.7528 0.10356
0.065066 0.48111 0.088767
0.065545 0.48549 0.089479
0.066028 0.48621 0.088671
0.066515 0.60496 0.092652
0.067005 0.46139 0.085635
0.067499 0.32138 0.077763
0.067996 0.43272 0.081971
0.068497 0.46986 0.083002
0.069002 0.2974 0.073997
0.06951 0.40633 0.078688
0.070023 0.25406 0.0693
0.070539 0.35359 0.075685
0.071058 0.26919 0.068591
0.071582 0.38543 0.074838
0.072109 0.30112 0.070695
0.072641 0.27282 0.067896
0.073176 0.37206 0.0733
0.073715 0.25869 0.066288
0.074258 0.46378 0.076192
0.074806 0.32323 0.069539
0.075357 0.48573 0.077009
0.075912 0.49448 0.077072
0.076472 0.52823 0.076742
0.077035 0.40114 0.071606
0.077603 0.43364 0.072287
0.078175 0.29576 0.06448
0.078751 0.36113 0.067666
0.079331 0.33131 0.065704
0.079916 0.4153 0.069403
0.080504 0.44598 0.070496
0.081098 0.33477 0.06317
0.081695 0.39537 0.06804
0.082297 0.34038 0.06272
0.082904 0.24716 0.058431
0.083515 0.31571 0.060664
0.08413 0.34903 0.062732
0.08475 0.29239 0.059861
0.085374 0.34234 0.061332
0.086004 0.30089 0.059235
0.086637 0.26858 0.056274
0.087276 0.25084 0.0547
0.087919 0.31954 0.058951
0.088567 0.21704 0.053072
0.089219 0.24092 0.0539
0.089877 0.31613 0.056718
0.090539 0.18953 0.050222
0.091206 0.24119 0.052036
0.091878 0.28956 0.054552
0.092555 0.25713 0.052922
0.093237 0.20254 0.048943
0.093924 0.18737 0.048141
0.094616 0.15747 0.04682
0.095314 0.20612 0.048344
0.096016 0.27397 0.051421
0.096724 0.19199 0.047754
0.097436 0.23943 0.04946
0.098154 0.15869 0.044312
0.098878 0.13768 0.043563
0.099606 0.2782 0.050278
0.10034 0.22024 0.046187
0.10108 0.18743 0.045104
0.10182 0.2871 0.049074
0.10257 0.14697 0.042137
0.10333 0.25714 0.047515
0.10409 0.18318 0.043118
0.10486 0.20317 0.04431
0.10563 0.088821 0.038184
0.10641 0.12046 0.039515
0.10719 0.16695 0.041625
0.10798 0.15529 0.040212
0.10878 0.21743 0.043507
0.10958 0.17565 0.040528
0.11039 0.18794 0.04142
0.1112 0.08661 0.035994
0.11202 0.20359 0.041624
0.11285 0.18384 0.039571
0.11368 0.16773 0.039187
0.11452 0.16983 0.038248
0.11536 0.14292 0.037688
0.11621 0.13465 0.036731
0.11707 0.17573 0.038164
0.11793 0.17602 0.037976
0.1188 0.12543 0.035524
0.11967 0.079797 0.03362
0.12056 0.14052 0.03552
0.12144 0.15542 0.035903
0.12234 0.15243 0.036051
0.12324 0.20711 0.037222
0.12415 0.18425 0.036369
0.12506 0.16564 0.035818
0.12598 0.13743 0.033724
0.12691 0.17587 0.035238
0.12785 0.11959 0.03299
0.12879 0.12058 0.032941
0.12974 0.13255 0.032663
0.1307 0.11611 0.031906
0.13166 0.12169 0.032129
0.13263 0.14475 0.032664
0.13361 0.10506 0.03068
0.13459 0.11969 0.031118
0.13558 0.11381 0.030495
0.13658 0.10498 0.03038
0.13759 0.13447 0.030798
0.1386 0.12281 0.030337
0.13962 0.14537 0.030988
0.14065 0.13445 0.030152
0.14169 0.089426 0.0285
0.14273 0.15818 0.030725
0.14378 0.10741 0.028582
0.14484 0.15676 0.030252
0.14591 0.15378 0.029879
0.14699 0.1217 0.028707
0.14807 0.12383 0.028434
0.14916 0.067925 0.026255
0.15026 0.13574 0.02825
0.15137 0.13349 0.028131
0.15248 0.11677 0.027181
0.15361 0.13863 0.02778
0.15474 0.14984 0.028028
0.15588 0.054186 0.024552
0.15703 0.13808 0.027139
0.15818 0.087842 0.025315
0.15935 0.11258 0.026002
0.16052 0.1179 0.025858
0.16171 0.096974 0.025182
0.1629 0.11944 0.025637
0.1641 0.11948 0.025487
0.16531 0.10886 0.024994
0.16653 0.14604 0.025828
0.16775 0.092859 0.024125
0.16899 0.075308 0.023387
0.17023 0.14015 0.025232
0.17149 0.095343 0.02364
0.17275 0.09675 0.023406
0.17403 0.08002 0.022853
0.17531 0.08526 0.022894
0.1766 0.099108 0.022989
0.1779 0.11561 0.023407
0.17921 0.10225 0.022732
0.18053 0.12326 0.023327
0.18186 0.079539 0.021779
0.1832 0.074572 0.021534
0.18455 0.12021 0.022722
0.18591 0.097432 0.021926
0.18728 0.079062 0.021117
0.18866 0.099231 0.021654
0.19005 0.095505 0.021232
0.19145 0.085386 0.021
0.19286 0.077887 0.020565
0.19429 0.073116 0.020297
0.19572 0.10578 0.02119
