#
0.0050184 14.869 4.044
0.0050554 10.57 3.8213
0.0050926 20.012 5.2324
0.0051301 5.1909 2.4169
0.0051679 13.261 3.4883
0.005206 2.5058 2.7023
0.0052444 5.1424 5.4043
0.005283 NaN NaN
0.005322 10.627 4.4124
0.0053612 10.514 3.8213
0.0054007 10.593 3.12
0.0054405 14.368 2.808
0.0054806 6.9561 2.5476
0.005521 7.8568 2.7021
0.0055616 7.2815 2.8597
0.0056026 9.5066 3.2425
0.0056439 7.9003 2.7021
0.0056855 12.366 4.7659
0.0057274 5.105 3.8215
0.0057696 7.9003 3.3093
0.0058121 14.594 4.4808
0.0058549 16.598 3.1773
0.0058981 8.7636 4.028
0.0059416 11.925 4.0531
0.0059853 18.271 3.782
0.0060294 5.1517 3.8214
0.0060739 10.162 2.0785
0.0061186 14.632 4.4808
0.0061637 14.658 3.1684
0.0062091 3.3473 1.4709
0.0062549 8.3772 3.0571
0.006301 5.1424 3.8215
0.0063474 5.168 1.9107
0.0063942 6.5774 3.021
0.0064413 7.835 4.6802
0.0064888 5.1704 3.8214
0.0065366 4.7569 1.4401
0.0065847 6.9483 1.8014
0.0066333 8.5744 2.0844
0.0066821 6.729 2.3161
0.0067314 6.2493 2.6475
0.006781 3.0406 1.8722
0.006831 9.2046 3.5745
0.0068813 8.5035 2.4356
0.006932 3.6091 1.7264
0.0069831 5.2295 3.1201
0.0070345 6.721 2.3161
0.0070864 6.8486 1.5478
0.0071386 5.2001 1.6294
0.0071912 5.2233 3.1201
0.0072442 2.4778 1.3512
0.0072976 8.1757 2.2467
0.0073513 4.7169 1.4937
0.0074055 3.0902 1.5107
0.0074601 4.0691 2.1618
0.0075151 -0.26154 NaN
0.0075704 1.6062 1.0402
0.0076262 5.921 1.5441
0.0076824 10.563 2.3043
0.007739 2.1817 1.2011
0.0077961 3.9071 1.1462
0.0078535 5.1103 2.0427
0.0079114 4.5346 1.7873
0.0079697 3.3784 2.5477
0.0080284 4.084 2.1618
0.0080876 7.2754 1.7637
0.0081471 4.8531 1.2716
0.0082072 4.1751 1.4739
0.0082677 6.721 1.6377
0.0083286 1.729 0.98273
0.00839 3.3504 1.8015
0.0084518 6.3765 1.9915
0.0085141 1.4256 0.83158
0.0085768 5.5444 1.4951
0.00864 4.1288 2.1617
0.0087037 2.1982 1.0987
0.0087678 3.2604 1.0544
0.0088324 4.6073 1.201
0.0088975 1.4269 0.93618
0.0089631 4.4144 1.3372
0.0090291 4.0877 1.5286
0.0090956 3.2198 1.2999
0.0091627 2.4871 2.7023
0.0092302 4.8589 1.2068
0.0092982 3.1525 0.87215
0.0093667 4.8408 1.3082
0.0094357 2.4404 1.9109
0.0095053 2.5718 0.89955
0.0095753 4.5669 1.6984
0.0096459 5.5413 1.4411
0.0097169 5.6176 1.6238
0.0097885 4.1264 1.0611
0.0098607 2.1214 0.89375
0.0099333 4.5814 1.6984
0.010007 3.2313 0.86473
0.01008 2.4451 0.95545
0.010155 2.4572 1.2085
0.010229 3.8101 1.3511
0.010305 3.456 1.1203
0.010381 1.9878 0.84118
0.010457 1.9953 0.68949
0.010534 2.4472 0.81481
0.010612 0.41628 0.67594
0.01069 2.4474 0.95545
0.010769 2.6268 1.0191
0.010848 3.8833 1.0294
0.010928 1.3029 0.6305
0.011009 2.5866 0.77947
0.01109 1.4156 0.83159
0.011171 4.3962 1.0919
0.011254 1.5533 0.73556
0.011337 3.2591 1.1581
0.01142 1.508 0.65002
0.011504 1.2414 0.52721
0.011589 3.0465 0.87923
0.011675 2.0305 0.80461
0.011761 2.7334 0.94952
0.011847 3.1875 1.2999
0.011935 1.2878 0.54604
0.012023 1.9303 0.60901
0.012111 2.4647 0.85457
0.0122 1.5513 0.681
0.01229 1.4961 0.65003
0.012381 2.9203 0.8426
0.012472 3.4315 0.95145
0.012564 1.6148 0.62368
0.012657 2.5543 0.74899
0.01275 2.1906 0.67198
0.012844 1.5688 0.73555
0.012938 1.1984 0.55007
0.013034 1.4059 0.62179
0.01313 1.6109 0.47577
0.013227 0.76548 0.44772
0.013324 1.0232 0.63598
0.013422 2.8324 0.77211
0.013521 1.6457 0.71504
0.013621 1.5092 0.48723
0.013721 1.8647 0.60398
0.013822 1.912 0.68369
0.013924 2.1714 0.60054
0.014027 1.1035 0.67571
0.01413 1.8675 0.56177
0.014234 1.3367 0.47178
0.014339 0.91698 0.41326
0.014445 0.9601 0.49043
0.014551 2.6192 0.95378
0.014658 1.64 0.45482
0.014766 1.5761 0.52011
0.014875 2.1892 0.65237
0.014985 1.3194 0.52311
0.015095 0.9575 0.42473
0.015206 1.996 0.59481
0.015319 2.0156 0.54354
0.015431 1.9005 0.5096
0.015545 1.5137 0.52727
0.01566 2.1347 0.69347
0.015775 1.8747 0.52732
0.015891 2.511 0.54038
0.016008 1.2899 0.50676
0.016126 1.0336 0.42677
0.016245 2.6208 0.67443
0.016365 1.4838 0.42051
0.016486 0.93518 0.39556
0.016607 1.1258 0.38217
0.016729 1.2032 0.50964
0.016853 1.1502 0.40709
0.016977 1.2516 0.39658
0.017102 2.238 0.53844
0.017228 0.90684 0.43342
0.017355 1.3375 0.38426
0.017483 1.1078 0.39012
0.017612 0.97713 0.37988
0.017741 1.1996 0.39776
0.017872 1.1452 0.39842
0.018004 1.2722 0.41278
0.018136 0.76835 0.29262
0.01827 1.5914 0.47579
0.018405 2.4508 0.61999
0.01854 1.7951 0.38651
0.018677 0.90322 0.35614
0.018815 1.7259 0.45309
0.018953 1.1482 0.37456
0.019093 0.84262 0.31212
0.019234 1.2759 0.35834
0.019375 1.3307 0.4026
0.019518 1.5643 0.43699
0.019662 1.1997 0.32233
0.019807 1.6727 0.41983
0.019953 1.234 0.39659
0.0201 1.1876 0.33727
0.020248 1.277 0.34049
0.020397 1.0486 0.33769
0.020547 1.1845 0.3673
0.020699 0.63077 0.26371
0.020851 1.2689 0.32094
0.021005 1.2287 0.36648
0.02116 1.5033 0.37285
0.021316 1.4163 0.3296
0.021473 1.2835 0.35834
0.021631 1.6716 0.38065
0.02179 1.1678 0.32278
0.021951 1.4889 0.33044
0.022113 1.1805 0.33727
0.022276 1.852 0.40123
0.02244 1.2487 0.28958
0.022605 1.33 0.3699
0.022772 1.8713 0.37288
0.02294 1.0014 0.26927
0.023109 1.7068 0.3567
0.023279 1.598 0.39005
0.02345 1.5496 0.31523
0.023623 1.5897 0.32529
0.023797 1.8477 0.40123
0.023973 0.85514 0.24053
0.024149 1.2758 0.30369
0.024327 1.4183 0.31432
0.024507 2.0062 0.36615
0.024687 1.6327 0.30728
0.024869 1.6662 0.34831
0.025052 1.5801 0.30311
0.025237 1.1284 0.28489
0.025423 1.3933 0.30323
0.02561 1.7038 0.31079
0.025799 1.5558 0.3003
0.025989 1.3244 0.31428
0.026181 1.8936 0.3114
0.026373 1.5401 0.29755
0.026568 1.74 0.31846
0.026764 1.6164 0.29219
0.026961 1.6273 0.30292
0.027159 1.589 0.30597
0.02736 1.8575 0.29467
0.027561 1.4991 0.30444
0.027764 1.919 0.29423
0.027969 1.5427 0.28976
0.028175 1.2364 0.2542
0.028383 1.9847 0.31588
0.028592 1.765 0.29411
0.028802 1.9268 0.30216
0.029015 1.8578 0.28431
0.029228 2.0154 0.31641
0.029444 1.6091 0.26461
0.029661 1.8436 0.28372
0.029879 2.2924 0.3271
0.0301 1.9977 0.28226
0.030321 2.1933 0.32858
0.030545 1.6912 0.25412
0.03077 1.8139 0.27839
0.030997 2.2207 0.31089
0.031225 2.0842 0.27166
0.031455 1.6203 0.26943
0.031687 2.0931 0.27327
0.03192 2.1014 0.29053
0.032156 2.1651 0.28466
0.032393 1.9925 0.26603
0.032631 2.676 0.3154
0.032872 2.739 0.30437
0.033114 1.9083 0.26337
0.033358 2.2215 0.28066
0.033604 2.5327 0.28964
0.033851 2.5305 0.28321
0.034101 2.7735 0.32318
0.034352 2.4447 0.26501
0.034605 2.7618 0.30613
0.03486 2.1554 0.25956
0.035117 2.6041 0.27988
0.035376 2.5415 0.27862
0.035637 2.5662 0.28312
0.035899 3.2736 0.30373
0.036164 3.3163 0.30416
0.03643 2.4823 0.27875
0.036699 2.7354 0.26495
0.036969 2.9068 0.28744
0.037241 2.6784 0.27214
0.037516 3.0013 0.28892
0.037792 2.3459 0.24654
0.038071 3.1622 0.28475
0.038351 3.0205 0.28665
0.038634 3.0204 0.26713
0.038919 2.7914 0.26565
0.039205 3.0826 0.27399
0.039494 2.6195 0.26085
0.039785 3.1113 0.25967
0.040079 3.0582 0.27173
0.040374 2.9148 0.25519
0.040671 3.3109 0.28338
0.040971 3.3818 0.26959
0.041273 3.1234 0.26201
0.041577 2.5727 0.23595
0.041883 2.9963 0.25608
0.042192 3.1549 0.2638
0.042503 2.6713 0.23105
0.042816 3.2566 0.25818
0.043132 3.1646 0.24871
0.04345 2.9714 0.24744
0.04377 3.1551 0.25042
0.044092 2.5236 0.22285
0.044417 3.081 0.24316
0.044744 2.5782 0.2162
0.045074 3.0678 0.23944
0.045406 2.9677 0.23369
0.045741 3.0023 0.2331
0.046078 2.3493 0.20775
0.046417 2.8198 0.22242
0.04676 2.9891 0.23084
0.047104 2.3132 0.19843
0.047451 2.3834 0.19809
0.047801 2.5873 0.20768
0.048153 2.331 0.19743
0.048508 2.2422 0.1886
0.048865 2.3959 0.19655
0.049225 2.2336 0.18999
0.049588 1.8764 0.17178
0.049954 2.2554 0.18689
0.050322 1.9197 0.17609
0.050693 2.1203 0.17604
0.051066 1.7555 0.16402
0.051442 2.1153 0.17598
0.051821 2.039 0.17158
0.052203 2.1677 0.17602
0.052588 1.8837 0.16279
0.052975 1.9018 0.16403
0.053366 2.0732 0.16822
0.053759 1.4462 0.14279
0.054155 1.7423 0.15377
0.054554 1.7915 0.15122
0.054956 1.6164 0.14658
0.055361 1.6111 0.14438
0.055769 1.7571 0.15142
0.05618 1.8238 0.15046
0.056594 1.9848 0.15519
0.057011 2.315 0.16489
0.057431 3.1764 0.19212
0.057854 3.9113 0.20711
0.058281 6.0378 0.25606
0.05871 8.5989 0.29705
0.059143 11.654 0.34415
0.059579 14.281 0.37816
0.060018 16.954 0.40521
0.06046 17.798 0.41401
0.060905 15.692 0.38563
0.061354 12.844 0.35018
0.061806 9.4804 0.29756
0.062262 6.617 0.24847
0.062721 4.2956 0.19903
0.063183 2.4827 0.15581
0.063648 2.2177 0.14537
0.064117 1.6817 0.12601
0.06459 1.5151 0.12065
0.065066 1.3973 0.11587
0.065545 1.3942 0.11604
0.066028 1.2719 0.1109
0.066515 1.3554 0.11073
0.067005 1.1227 0.10323
0.067499 1.2598 0.10878
0.067996 1.172 0.10268
0.068497 1.2141 0.10277
0.069002 1.3791 0.11008
0.06951 1.3193 0.10544
0.070023 1.1525 0.098946
0.070539 1.1626 0.1
0.071058 1.1406 0.096677
0.071582 1.2959 0.10128
0.072109 1.1337 0.096561
0.072641 1.3772 0.10306
0.073176 1.3697 0.1024
0.073715 1.3448 0.10082
0.074258 1.3244 0.098451
0.074806 1.4578 0.10345
0.075357 1.3766 0.099663
0.075912 1.2371 0.094707
0.076472 1.3417 0.095833
0.077035 1.4314 0.099732
0.077603 1.3945 0.097341
0.078175 1.4625 0.09825
0.078751 1.4785 0.098342
0.079331 1.372 0.094625
0.079916 1.4223 0.095479
0.080504 1.4985 0.097363
0.081098 1.6641 0.098888
0.081695 1.8922 0.10738
0.082297 2.3819 0.11432
0.082904 3.1655 0.13211
0.083515 4.9629 0.15907
0.08413 6.6616 0.18493
0.08475 7.6813 0.19744
0.085374 8.4575 0.2034
0.086004 7.2128 0.18945
0.086637 5.6388 0.16325
0.087276 4.0409 0.13831
0.087919 2.485 0.11161
0.088567 2.1982 0.1042
0.089219 1.8259 0.095363
0.089877 1.7119 0.091351
0.090539 1.5698 0.087323
0.091206 1.5028 0.084874
0.091878 1.7285 0.090483
0.092555 1.5747 0.086285
0.093237 1.4925 0.082515
0.093924 1.5078 0.08249
0.094616 1.6288 0.085846
0.095314 1.6721 0.085173
0.096016 1.7495 0.086423
0.096724 1.6488 0.084598
0.097436 1.692 0.084701
0.098154 1.6161 0.080747
0.098878 1.8082 0.085552
0.099606 1.9039 0.087339
0.10034 2.2973 0.092586
0.10108 2.9782 0.10508
0.10182 4.4362 0.12528
0.10257 6.8575 0.15223
0.10333 9.6329 0.18078
0.10409 12.657 0.20144
0.10486 11.804 0.19616
0.10563 9.5336 0.17418
0.10641 6.4609 0.14354
0.10719 4.2101 0.11691
0.10798 2.8233 0.094577
0.10878 2.201 0.085644
0.10958 1.9342 0.078579
0.11039 1.8325 0.077528
0.1112 1.6569 0.072367
0.11202 1.6798 0.073828
0.11285 1.6622 0.071279
0.11368 1.4707 0.068203
0.11452 1.5225 0.06742
0.11536 1.4963 0.067803
0.11621 1.4547 0.065885
0.11707 1.3586 0.063592
0.11793 1.3397 0.062856
0.1188 1.3745 0.062706
0.11967 1.2789 0.061194
0.12056 1.3118 0.060489
0.12144 1.2662 0.059297
0.12234 1.3321 0.061014
0.12324 1.305 0.05891
0.12415 1.2208 0.057273
0.12506 1.2457 0.058083
0.12598 1.1674 0.054937
0.12691 1.2495 0.056644
0.12785 1.175 0.054878
0.12879 1.1209 0.053623
0.12974 1.2214 0.054643
0.1307 1.1692 0.053379
0.13166 1.2307 0.054427
0.13263 1.081 0.051139
0.13361 1.3161 0.054812
0.13459 1.5044 0.057776
0.13558 1.4694 0.056518
0.13658 1.2932 0.053826
0.13759 1.2365 0.051801
0.1386 1.1619 0.050268
0.13962 1.198 0.050649
0.14065 1.1888 0.049839
0.14169 1.2669 0.050968
0.14273 1.1543 0.048791
0.14378 1.3004 0.050664
0.14484 1.3475 0.051231
0.14591 1.5576 0.054059
0.14699 1.7698 0.057032
0.14807 1.9375 0.058718
0.14916 1.7683 0.055931
0.15026 1.5876 0.052831
0.15137 1.3689 0.049412
0.15248 1.3266 0.04817
0.15361 1.2099 0.046154
0.15474 1.2952 0.047083
0.15588 1.4481 0.049133
0.15703 1.5349 0.049884
0.15818 1.8705 0.054062
0.15935 2.006 0.055426
0.16052 2.0796 0.055698
0.16171 1.881 0.05303
0.1629 1.614 0.049257
0.1641 1.3858 0.045732
0.16531 1.3763 0.045363
0.16653 1.4436 0.045786
0.16775 1.3766 0.044595
0.16899 1.3163 0.043428
0.17023 1.2779 0.042678
0.17149 1.4484 0.044614
0.17275 1.3407 0.042726
0.17403 1.2218 0.040923
0.17531 1.2605 0.041229
0.1766 1.2623 0.040697
0.1779 1.255 0.040502
0.17921 1.2981 0.040616
0.18053 1.3972 0.041811
0.18186 1.4223 0.041669
0.1832 1.2879 0.039724
0.18455 1.1778 0.038004
0.18591 1.085 0.036439
0.18728 1.0749 0.03594
0.18866 1.0621 0.035714
0.19005 1.0208 0.034569
0.19145 0.89255 0.03283
0.19286 0.96213 0.033394
0.19429 0.89267 0.032217
0.19572 0.83303 0.031238
