#
0.0050184 8.8449 0.92458
0.0050554 15.763 1.3791
0.0050926 14.196 1.3089
0.0051301 8.9456 0.92959
0.0051679 11.384 0.95722
0.005206 18.779 2.1283
0.0052444 21.665 3.2331
0.005283 NaN NaN
0.005322 11.39 1.3537
0.0053612 9.0107 1.0435
0.0054007 13.637 1.0474
0.0054405 12.511 0.77715
0.0054806 14.678 1.0867
0.005521 12.589 1.0065
0.0055616 12.024 1.0777
0.0056026 9.6197 0.96394
0.0056439 15.646 1.1217
0.0056855 12.028 1.3913
0.0057274 9.6127 1.5241
0.0057696 12.995 1.2522
0.0058121 10.339 1.1174
0.0058549 8.7635 0.6858
0.0058981 9.6177 1.2444
0.0059416 15.282 1.3579
0.0059853 9.6165 0.81468
0.0060294 5.2792 1.1303
0.0060739 8.7291 0.56955
0.0061186 12.752 1.2405
0.0061637 12.754 0.8772
0.0062091 7.8494 0.64929
0.0062549 10.676 1.0156
0.006301 8.4111 1.4257
0.0063474 7.5097 0.67357
0.0063942 9.1416 1.0504
0.0064413 6.7234 1.2752
0.0064888 10.341 1.5802
0.0065366 7.3943 0.52431
0.0065847 8.2509 0.57647
0.0066333 6.1102 0.51843
0.0066821 6.8657 0.68853
0.0067314 5.6662 0.74042
0.006781 6.5368 0.79489
0.006831 7.448 0.94876
0.0068813 7.9277 0.69218
0.006932 7.8268 0.73515
0.0069831 6.25 1.0033
0.0070345 9.1372 0.79405
0.0070864 5.1895 0.39621
0.0071386 6.2036 0.52212
0.0071912 5.1249 0.90881
0.0072442 5.8239 0.59336
0.0072976 7.2625 0.62452
0.0073513 6.5658 0.51435
0.0074055 4.9146 0.54556
0.0074601 5.5682 0.73412
0.0075151 4.7964 1.0777
0.0075704 5.3378 0.53552
0.0076262 5.4511 0.4341
0.0076824 7.2077 0.56282
0.007739 4.6394 0.4995
0.0077961 5.1965 0.38458
0.0078535 4.1738 0.53776
0.0079114 4.6819 0.53208
0.0079697 4.9604 0.8945
0.0080284 2.8705 0.52798
0.0080876 5.2461 0.4418
0.0081471 4.5721 0.36085
0.0082072 4.0967 0.42481
0.0082677 4.1454 0.37869
0.0083286 4.3167 0.43596
0.00839 5.6808 0.67686
0.0084518 5.8168 0.5591
0.0085141 3.7975 0.37627
0.0085768 4.7978 0.40734
0.00864 4.3204 0.64663
0.0087037 3.0002 0.36396
0.0087678 3.6646 0.32326
0.0088324 4.2935 0.33975
0.0088975 3.6938 0.42293
0.0089631 3.7331 0.35943
0.0090291 2.919 0.37644
0.0090956 3.88 0.41336
0.0091627 3.1136 0.86889
0.0092302 3.8072 0.31172
0.0092982 3.2734 0.25718
0.0093667 2.5705 0.27935
0.0094357 3.7119 0.67088
0.0095053 3.0705 0.28019
0.0095753 4.4237 0.48789
0.0096459 3.3539 0.32925
0.0097169 2.7502 0.33363
0.0097885 3.0533 0.26568
0.0098607 3.2618 0.3145
0.0099333 3.3004 0.42168
0.010007 3.6234 0.26504
0.01008 2.8087 0.29206
0.010155 2.87 0.37334
0.010229 2.5489 0.32132
0.010305 2.688 0.28578
0.010381 3.2109 0.30271
0.010457 2.9771 0.23595
0.010534 2.7596 0.24689
0.010612 2.447 0.38577
0.01069 2.5679 0.27936
0.010769 3.3832 0.33082
0.010848 2.848 0.2566
0.010928 2.0211 0.21652
0.011009 2.5827 0.224
0.01109 2.462 0.30347
0.011171 2.5724 0.24398
0.011254 1.9325 0.22878
0.011337 2.3218 0.28389
0.01142 2.2376 0.22234
0.011504 2.7034 0.21284
0.011589 2.2834 0.21978
0.011675 1.8553 0.21822
0.011761 2.252 0.24687
0.011847 2.4751 0.33081
0.011935 2.4731 0.20728
0.012023 1.9494 0.17239
0.012111 2.6779 0.25504
0.0122 1.8826 0.2091
0.01229 2.2147 0.22126
0.012381 1.7465 0.18839
0.012472 2.3435 0.22768
0.012564 1.6456 0.17587
0.012657 2.0486 0.19226
0.01275 2.1565 0.19023
0.012844 1.9072 0.22721
0.012938 1.7382 0.18068
0.013034 2.0323 0.20745
0.01313 2.0497 0.15059
0.013227 1.9783 0.18892
0.013324 2.1893 0.2504
0.013422 1.9912 0.18619
0.013521 2.0506 0.22349
0.013621 1.6769 0.14308
0.013721 1.7366 0.16528
0.013822 2.002 0.19755
0.013924 2.1216 0.16935
0.014027 1.7552 0.23139
0.01413 1.6928 0.15147
0.014234 1.8822 0.15534
0.014339 1.684 0.1491
0.014445 1.6565 0.17308
0.014551 1.9914 0.2389
0.014658 1.6611 0.12863
0.014766 1.7739 0.15498
0.014875 1.2214 0.13907
0.014985 1.5947 0.15856
0.015095 1.7188 0.15265
0.015206 1.468 0.14526
0.015319 1.6257 0.1391
0.015431 1.5726 0.13074
0.015545 1.5526 0.14935
0.01566 1.9041 0.18552
0.015775 1.8365 0.14777
0.015891 1.4714 0.11879
0.016008 1.6062 0.15653
0.016126 1.7284 0.149
0.016245 1.5096 0.14732
0.016365 1.5419 0.11927
0.016486 1.5999 0.1381
0.016607 1.6409 0.12538
0.016729 1.6496 0.16384
0.016853 1.6219 0.13129
0.016977 1.6615 0.12609
0.017102 1.7294 0.13541
0.017228 1.3516 0.14161
0.017355 1.5154 0.11303
0.017483 1.7255 0.13246
0.017612 1.4581 0.12582
0.017741 1.6906 0.12975
0.017872 1.6917 0.13253
0.018004 1.4807 0.12167
0.018136 1.5973 0.11043
0.01827 1.7303 0.13856
0.018405 1.6392 0.14518
0.01854 1.7037 0.10603
0.018677 1.888 0.13841
0.018815 1.7018 0.12641
0.018953 1.7179 0.12464
0.019093 1.6978 0.11752
0.019234 1.6125 0.11094
0.019375 1.6666 0.12505
0.019518 1.6233 0.12467
0.019662 1.6751 0.10442
0.019807 1.6196 0.11582
0.019953 1.6883 0.12715
0.0201 1.5519 0.10561
0.020248 1.7024 0.10819
0.020397 1.8738 0.12144
0.020547 2.0167 0.13127
0.020699 1.4951 0.10369
0.020851 1.7727 0.10461
0.021005 1.9477 0.12682
0.02116 1.7076 0.11072
0.021316 1.8192 0.10399
0.021473 1.952 0.1219
0.021631 1.8055 0.11134
0.02179 1.702 0.10667
0.021951 1.8226 0.10223
0.022113 1.8986 0.11669
0.022276 1.9416 0.11624
0.02244 1.9996 0.10025
0.022605 1.8833 0.12168
0.022772 2.0302 0.10981
0.02294 1.9387 0.10132
0.023109 1.8944 0.10549
0.023279 2.2188 0.12887
0.02345 1.9519 0.099008
0.023623 1.839 0.097695
0.023797 2.2718 0.12565
0.023973 2.0744 0.099049
0.024149 2.2638 0.11125
0.024327 2.1763 0.1079
0.024507 2.0645 0.10514
0.024687 2.3349 0.10302
0.024869 2.1957 0.11213
0.025052 2.1905 0.099817
0.025237 2.071 0.10527
0.025423 2.4589 0.11159
0.02561 2.4042 0.10314
0.025799 2.2988 0.10177
0.025989 2.7299 0.12419
0.026181 2.3804 0.098635
0.026373 2.6933 0.10957
0.026568 2.8744 0.11477
0.026764 2.4182 0.10024
0.026961 2.5464 0.10607
0.027159 2.6154 0.10951
0.02736 2.6971 0.10002
0.027561 3.1533 0.1225
0.027764 2.7382 0.099268
0.027969 2.6985 0.10678
0.028175 2.8507 0.10567
0.028383 2.9416 0.10866
0.028592 3.191 0.11087
0.028802 3.303 0.11147
0.029015 3.044 0.10238
0.029228 3.5498 0.11879
0.029444 2.9445 0.099991
0.029661 3.5419 0.11076
0.029879 3.2848 0.11158
0.0301 3.3017 0.10266
0.030321 3.9173 0.12475
0.030545 3.4654 0.10186
0.03077 3.5559 0.10944
0.030997 3.8655 0.11653
0.031225 3.5656 0.10085
0.031455 3.7509 0.11438
0.031687 4.0085 0.10721
0.03192 3.7896 0.11067
0.032156 3.9287 0.10908
0.032393 4.116 0.1083
0.032631 4.1985 0.11345
0.032872 3.7624 0.10239
0.033114 4.3218 0.11164
0.033358 4.1027 0.10846
0.033604 4.2867 0.10771
0.033851 4.0973 0.10304
0.034101 4.9409 0.12383
0.034352 4.0882 0.097829
0.034605 4.9996 0.11828
0.03486 4.6082 0.10781
0.035117 5.0795 0.112
0.035376 4.2791 0.10338
0.035637 5.072 0.11397
0.035899 4.801 0.10623
0.036164 4.9005 0.1068
0.03643 4.9249 0.11203
0.036699 5.0137 0.10295
0.036969 5.1731 0.11025
0.037241 5.1316 0.10799
0.037516 5.2119 0.1096
0.037792 5.1234 0.10362
0.038071 5.2467 0.10577
0.038351 5.2803 0.10903
0.038634 5.1443 0.10041
0.038919 5.2459 0.10461
0.039205 5.3584 0.10396
0.039494 5.3831 0.10713
0.039785 4.9545 0.094432
0.040079 5.0393 0.10041
0.040374 4.9258 0.095407
0.040671 5.4243 0.1048
0.040971 5.2457 0.097148
0.041273 5.1263 0.096769
0.041577 4.951 0.0937
0.041883 5.0913 0.096078
0.042192 5.226 0.097888
0.042503 4.9149 0.089814
0.042816 5.2535 0.094627
0.043132 4.9232 0.089438
0.04345 4.8326 0.090773
0.04377 4.846 0.089635
0.044092 4.862 0.088298
0.044417 4.7924 0.087373
0.044744 4.2934 0.079877
0.045074 4.6894 0.085315
0.045406 4.5456 0.08321
0.045741 4.3406 0.080689
0.046078 4.3271 0.080316
0.046417 4.2274 0.078197
0.04676 4.1924 0.078811
0.047104 3.9873 0.074202
0.047451 3.8674 0.072061
0.047801 3.885 0.072837
0.048153 3.7485 0.071351
0.048508 3.5105 0.067202
0.048865 3.4327 0.067177
0.049225 3.5321 0.067955
0.049588 3.2139 0.063403
0.049954 3.1584 0.062941
0.050322 3.1547 0.063811
0.050693 3.0465 0.059916
0.051066 2.8435 0.058687
0.051442 2.9756 0.05929
0.051821 2.6407 0.055408
0.052203 2.4637 0.053408
0.052588 2.5161 0.053152
0.052975 2.4145 0.052202
0.053366 2.3048 0.050319
0.053759 2.1521 0.048365
0.054155 2.0923 0.047428
0.054554 1.8937 0.043815
0.054956 1.7058 0.042186
0.055361 1.7233 0.041822
0.055769 1.7504 0.042587
0.05618 1.4841 0.038336
0.056594 1.4363 0.037494
0.057011 1.4245 0.037013
0.057431 1.3832 0.03677
0.057854 1.3076 0.034975
0.058281 1.1565 0.033117
0.05871 1.1441 0.032208
0.059143 1.1282 0.031952
0.059579 1.0937 0.031297
0.060018 1.0018 0.029521
0.06046 0.92391 0.028307
0.060905 0.89992 0.027694
0.061354 0.93244 0.028238
0.061806 0.86097 0.026774
0.062262 0.87014 0.026753
0.062721 0.81704 0.025545
0.063183 0.75274 0.024788
0.063648 0.73589 0.024095
0.064117 0.73225 0.023556
0.06459 0.69208 0.022984
0.065066 0.66448 0.022387
0.065545 0.62625 0.021779
0.066028 0.5985 0.021202
0.066515 0.61739 0.020895
0.067005 0.55864 0.020094
0.067499 0.58119 0.020571
0.067996 0.5767 0.019958
0.068497 0.52323 0.018767
0.069002 0.51569 0.018938
0.06951 0.54267 0.018932
0.070023 0.50992 0.018235
0.070539 0.48868 0.018004
0.071058 0.50103 0.017774
0.071582 0.50049 0.017644
0.072109 0.50274 0.017817
0.072641 0.51832 0.017782
0.073176 0.48236 0.017108
0.073715 0.4763 0.016873
0.074258 0.47093 0.016498
0.074806 0.48199 0.016814
0.075357 0.47402 0.016477
0.075912 0.47038 0.016309
0.076472 0.46485 0.015882
0.077035 0.43959 0.01564
0.077603 0.44534 0.015533
0.078175 0.47129 0.015776
0.078751 0.42161 0.014906
0.079331 0.44139 0.015133
0.079916 0.41346 0.014584
0.080504 0.44865 0.015133
0.081098 0.42439 0.014293
0.081695 0.42074 0.014598
0.082297 0.36964 0.013182
0.082904 0.39992 0.01388
0.083515 0.37324 0.013084
0.08413 0.37577 0.013248
0.08475 0.35991 0.012938
0.085374 0.37638 0.012992
0.086004 0.36433 0.012868
0.086637 0.34889 0.012237
0.087276 0.32729 0.011788
0.087919 0.34395 0.012205
0.088567 0.35497 0.012227
0.089219 0.32637 0.011688
0.089877 0.33255 0.011622
0.090539 0.29677 0.010936
0.091206 0.30505 0.010982
0.091878 0.28368 0.010646
0.092555 0.27951 0.010494
0.093237 0.28956 0.010448
0.093924 0.26653 0.010001
0.094616 0.27986 0.010298
0.095314 0.27726 0.010057
0.096016 0.24676 0.0094752
0.096724 0.25422 0.0096515
0.097436 0.25733 0.00961
0.098154 0.2191 0.008682
0.098878 0.23151 0.0089802
0.099606 0.23419 0.0090055
0.10034 0.21908 0.008513
0.10108 0.22795 0.0087346
0.10182 0.19802 0.0081032
0.10257 0.22794 0.0085195
0.10333 0.20459 0.0081674
0.10409 0.19089 0.0077179
0.10486 0.19392 0.0078314
0.10563 0.18007 0.0074637
0.10641 0.18654 0.0075471
0.10719 0.17252 0.0072841
0.10798 0.171 0.0070776
0.10878 0.15901 0.0069525
0.10958 0.17403 0.0070359
0.11039 0.14529 0.0065656
0.1112 0.15641 0.0066171
0.11202 0.14804 0.0065503
0.11285 0.15637 0.0065081
0.11368 0.15308 0.0065067
0.11452 0.14156 0.0061229
0.11536 0.14671 0.0063015
0.11621 0.13844 0.0060434
0.11707 0.14381 0.0061071
0.11793 0.14164 0.0060322
0.1188 0.13868 0.0058973
0.11967 0.13413 0.0058494
0.12056 0.13786 0.0057881
0.12144 0.12463 0.0055147
0.12234 0.12537 0.0055681
0.12324 0.13306 0.0055636
0.12415 0.12233 0.0053659
0.12506 0.12044 0.0053604
0.12598 0.11371 0.0050841
0.12691 0.12417 0.0052894
0.12785 0.12057 0.0051916
0.12879 0.12411 0.0052368
0.12974 0.10692 0.0048356
0.1307 0.11984 0.0050478
0.13166 0.12542 0.0051364
0.13263 0.11395 0.00489
0.13361 0.10909 0.0047396
0.13459 0.10678 0.0046755
0.13558 0.11465 0.0047608
0.13658 0.1123 0.0047468
0.13759 0.10588 0.0045418
0.1386 0.10621 0.0045296
0.13962 0.094862 0.0043002
0.14065 0.096058 0.0042666
0.14169 0.11592 0.0045952
0.14273 0.10157 0.0043273
0.14378 0.099111 0.004231
0.14484 0.096664 0.0041713
0.14591 0.092104 0.0040544
0.14699 0.097359 0.0041376
0.14807 0.10199 0.0041712
0.14916 0.088346 0.0039015
0.15026 0.091647 0.0039201
0.15137 0.08443 0.0037816
0.15248 0.083244 0.0037145
0.15361 0.092078 0.0038544
0.15474 0.091222 0.003807
0.15588 0.08442 0.0036698
0.15703 0.086505 0.0036691
0.15818 0.076047 0.0034627
0.15935 0.081955 0.0035451
0.16052 0.075326 0.0033897
0.16171 0.081459 0.003484
0.1629 0.083327 0.0034916
0.1641 0.077407 0.0033637
0.16531 0.071983 0.0032522
0.16653 0.079195 0.0033384
0.16775 0.078286 0.0033047
0.16899 0.073899 0.0032067
0.17023 0.077533 0.0032513
0.17149 0.068141 0.0030638
0.17275 0.074417 0.0031375
0.17403 0.072931 0.0031019
0.17531 0.072943 0.0030846
0.1766 0.072962 0.0030431
0.1779 0.068846 0.0029684
0.17921 0.072498 0.0029933
0.18053 0.069151 0.002933
0.18186 0.066583 0.0028584
0.1832 0.067761 0.0028624
0.18455 0.067544 0.0028402
0.18591 0.063123 0.0027464
0.18728 0.061854 0.0026975
0.18866 0.060885 0.0026778
0.19005 0.065718 0.0027117
0.19145 0.058685 0.0026052
0.19286 0.05648 0.0025365
0.19429 0.058425 0.0025526
0.19572 0.055764 0.0025012
