#
0.0050184 8.0991 0.61842
0.0050554 11.955 0.8398
0.0050926 10.009 0.76852
0.0051301 7.3939 0.59084
0.0051679 10.874 0.654
0.005206 8.7149 1.0141
0.0052444 12.013 1.6837
0.005283 NaN NaN
0.005322 8.8728 0.83543
0.0053612 10.892 0.80171
0.0054007 10.522 0.64329
0.0054405 8.5723 0.44982
0.0054806 9.8129 0.62131
0.005521 9.7343 0.61882
0.0055616 9.3713 0.66519
0.0056026 7.6293 0.60018
0.0056439 8.7538 0.5868
0.0056855 7.2197 0.75381
0.0057274 7.0601 0.91314
0.0057696 10.719 0.79518
0.0058121 9.0066 0.72908
0.0058549 7.9807 0.45751
0.0058981 8.9487 0.83912
0.0059416 10.01 0.76852
0.0059853 6.4557 0.46671
0.0060294 5.2938 0.7908
0.0060739 6.6641 0.34791
0.0061186 8.0652 0.68991
0.0061637 8.2726 0.49403
0.0062091 6.6428 0.41751
0.0062549 7.4858 0.59459
0.006301 5.2934 0.7908
0.0063474 6.5029 0.43812
0.0063942 5.7097 0.58052
0.0064413 6.8255 0.89779
0.0064888 5.4125 0.79954
0.0065366 6.8998 0.35401
0.0065847 6.6886 0.36282
0.0066333 5.4968 0.34361
0.0066821 5.3121 0.42337
0.0067314 5.0352 0.48777
0.006781 3.905 0.4296
0.006831 5.9422 0.59237
0.0068813 5.7348 0.41155
0.006932 6.0854 0.45314
0.0069831 6.9083 0.73724
0.0070345 5.4128 0.42737
0.0070864 4.5279 0.25861
0.0071386 4.7494 0.31936
0.0071912 3.843 0.55013
0.0072442 3.7626 0.33343
0.0072976 5.4389 0.37782
0.0073513 5.1177 0.31742
0.0074055 3.9956 0.34369
0.0074601 4.0913 0.43983
0.0075151 4.4682 0.7267
0.0075704 4.183 0.33137
0.0076262 3.7612 0.25205
0.0076824 5.5407 0.34494
0.007739 3.8675 0.3187
0.0077961 3.9151 0.23331
0.0078535 2.9849 0.31775
0.0079114 4.147 0.34995
0.0079697 2.2693 0.42323
0.0080284 3.0546 0.38017
0.0080876 4.6883 0.29188
0.0081471 3.5957 0.22363
0.0082072 3.0328 0.25541
0.0082677 3.493 0.24288
0.0083286 2.6261 0.23771
0.00839 3.3291 0.36229
0.0084518 4.3387 0.33752
0.0085141 2.9096 0.23012
0.0085768 2.987 0.22469
0.00864 2.2549 0.3267
0.0087037 3.1395 0.25987
0.0087678 3.2628 0.21306
0.0088324 3.528 0.21523
0.0088975 3.3395 0.28096
0.0089631 3.1397 0.2303
0.0090291 2.206 0.22859
0.0090956 2.7768 0.24438
0.0091627 2.2305 0.51386
0.0092302 3.5252 0.20949
0.0092982 2.7016 0.16321
0.0093667 2.3479 0.1864
0.0094357 2.1105 0.35366
0.0095053 2.7305 0.18448
0.0095753 2.8451 0.27351
0.0096459 2.7095 0.20674
0.0097169 2.7011 0.23081
0.0097885 2.3244 0.16192
0.0098607 2.3913 0.18813
0.0099333 1.7717 0.21603
0.010007 2.942 0.16685
0.01008 2.317 0.18523
0.010155 2.1348 0.22491
0.010229 2.1899 0.20793
0.010305 2.8474 0.20525
0.010381 2.2087 0.17543
0.010457 2.1999 0.14165
0.010534 1.9394 0.14458
0.010612 2.1106 0.25008
0.01069 1.9488 0.16994
0.010769 2.4723 0.19758
0.010848 1.9995 0.15021
0.010928 1.7746 0.14157
0.011009 1.933 0.13536
0.01109 1.7484 0.17862
0.011171 2.3699 0.16347
0.011254 1.7837 0.15332
0.011337 2.1294 0.18979
0.01142 1.877 0.14218
0.011504 1.8672 0.12357
0.011589 1.8961 0.13981
0.011675 2.1981 0.16556
0.011761 1.4553 0.13862
0.011847 1.8752 0.20107
0.011935 1.9676 0.12908
0.012023 1.7052 0.11247
0.012111 1.8523 0.14818
0.0122 1.415 0.12653
0.01229 2.0265 0.14772
0.012381 1.8368 0.1347
0.012472 2.0037 0.14694
0.012564 1.7481 0.12631
0.012657 1.823 0.12654
0.01275 1.4289 0.10817
0.012844 1.4438 0.138
0.012938 1.7208 0.12533
0.013034 1.6605 0.13088
0.01313 1.7207 0.096305
0.013227 1.6314 0.11973
0.013324 1.6118 0.15002
0.013422 1.7403 0.12144
0.013521 1.3921 0.1286
0.013621 1.6573 0.099159
0.013721 1.5568 0.10916
0.013822 1.7527 0.12897
0.013924 1.5159 0.099972
0.014027 1.3302 0.14057
0.01413 1.4568 0.098022
0.014234 1.6281 0.10081
0.014339 1.4865 0.097686
0.014445 1.5788 0.11781
0.014551 1.7508 0.1563
0.014658 1.4958 0.085129
0.014766 1.4703 0.098459
0.014875 1.0766 0.090952
0.014985 1.4874 0.10675
0.015095 1.3975 0.096033
0.015206 1.4324 0.10001
0.015319 1.3818 0.08946
0.015431 1.4295 0.086888
0.015545 1.4113 0.099289
0.01566 1.4205 0.11183
0.015775 1.3354 0.087969
0.015891 1.3208 0.078457
0.016008 1.2573 0.096631
0.016126 1.4349 0.094711
0.016245 1.5498 0.10402
0.016365 1.1991 0.073369
0.016486 1.3807 0.08946
0.016607 1.4268 0.08153
0.016729 1.2471 0.099413
0.016853 1.1266 0.07637
0.016977 1.2011 0.074832
0.017102 1.3842 0.084534
0.017228 1.197 0.092883
0.017355 1.3267 0.073735
0.017483 1.35 0.081753
0.017612 1.2006 0.079634
0.017741 1.3756 0.081659
0.017872 1.2589 0.079794
0.018004 1.2873 0.079067
0.018136 1.4298 0.072848
0.01827 1.3823 0.086405
0.018405 1.3044 0.090343
0.01854 1.1839 0.061701
0.018677 1.3067 0.080414
0.018815 1.4356 0.080984
0.018953 1.456 0.080036
0.019093 1.1685 0.068064
0.019234 1.3303 0.070288
0.019375 1.4183 0.080475
0.019518 1.3396 0.079001
0.019662 1.4639 0.068082
0.019807 1.1759 0.068871
0.019953 1.6072 0.086491
0.0201 1.4387 0.070891
0.020248 1.2413 0.06448
0.020397 1.5137 0.076154
0.020547 1.3919 0.076161
0.020699 1.3902 0.069694
0.020851 1.3059 0.062676
0.021005 1.4323 0.07593
0.02116 1.5461 0.073473
0.021316 1.4793 0.065443
0.021473 1.4265 0.072755
0.021631 1.5374 0.071688
0.02179 1.3623 0.066586
0.021951 1.4935 0.064579
0.022113 1.5771 0.074206
0.022276 1.6235 0.07418
0.02244 1.3598 0.057727
0.022605 1.4309 0.074036
0.022772 1.5653 0.067312
0.02294 1.4712 0.061616
0.023109 1.5602 0.066803
0.023279 1.6331 0.077206
0.02345 1.5625 0.061829
0.023623 1.6145 0.063852
0.023797 1.8187 0.07849
0.023973 1.7427 0.063357
0.024149 1.6267 0.06586
0.024327 1.9015 0.070389
0.024507 1.5307 0.063202
0.024687 1.9002 0.064885
0.024869 1.6483 0.067834
0.025052 1.6798 0.061028
0.025237 1.7904 0.068308
0.025423 2.1706 0.07319
0.02561 1.9949 0.065579
0.025799 1.9541 0.065496
0.025989 2.2045 0.077934
0.026181 1.953 0.062375
0.026373 2.0919 0.067441
0.026568 2.0912 0.06838
0.026764 1.8379 0.061027
0.026961 2.356 0.071222
0.027159 2.207 0.070236
0.02736 2.2823 0.064244
0.027561 2.4533 0.075474
0.027764 2.2407 0.062707
0.027969 2.3657 0.069802
0.028175 2.5601 0.069918
0.028383 2.3626 0.068008
0.028592 2.7287 0.071602
0.028802 2.6869 0.070223
0.029015 2.5125 0.064961
0.029228 2.8072 0.073798
0.029444 2.4132 0.063219
0.029661 2.7651 0.068372
0.029879 2.5869 0.069171
0.0301 2.9197 0.067422
0.030321 3.1494 0.078149
0.030545 2.7213 0.063059
0.03077 3.1297 0.071712
0.030997 3.0904 0.072793
0.031225 3.2075 0.066807
0.031455 3.1394 0.073101
0.031687 3.2194 0.06713
0.03192 3.2591 0.071692
0.032156 3.2467 0.06928
0.032393 3.4699 0.069476
0.032631 3.1328 0.068486
0.032872 3.2878 0.066857
0.033114 3.5837 0.071028
0.033358 3.472 0.069706
0.033604 3.6961 0.069879
0.033851 3.6561 0.067997
0.034101 3.8408 0.076298
0.034352 3.6686 0.064739
0.034605 4.05 0.074392
0.03486 3.6297 0.066861
0.035117 4.2569 0.071649
0.035376 3.8204 0.068239
0.035637 3.8934 0.069788
0.035899 4.0266 0.067979
0.036164 4.1532 0.068705
0.03643 3.9804 0.07038
0.036699 4.3586 0.067072
0.036969 4.2075 0.069486
0.037241 4.2107 0.068359
0.037516 4.4831 0.071034
0.037792 4.2171 0.065696
0.038071 4.2193 0.066286
0.038351 4.4201 0.069711
0.038634 4.3027 0.064169
0.038919 4.6132 0.068552
0.039205 4.3436 0.065409
0.039494 4.552 0.068842
0.039785 4.3302 0.061687
0.040079 4.5913 0.066965
0.040374 4.297 0.062264
0.040671 4.5715 0.067236
0.040971 4.4411 0.062467
0.041273 4.4137 0.062745
0.041577 4.3464 0.061345
0.041883 4.3779 0.062256
0.042192 4.3849 0.062659
0.042503 3.9838 0.056506
0.042816 4.3534 0.060197
0.043132 4.1927 0.057673
0.04345 4.1575 0.05883
0.04377 4.0713 0.057412
0.044092 4.172 0.057151
0.044417 4.0315 0.055996
0.044744 3.8421 0.05279
0.045074 3.953 0.054733
0.045406 3.7423 0.052755
0.045741 3.7726 0.052556
0.046078 3.6187 0.051317
0.046417 3.5378 0.049979
0.04676 3.5292 0.050522
0.047104 3.4548 0.048252
0.047451 3.1755 0.045619
0.047801 3.2994 0.046892
0.048153 3.1125 0.045421
0.048508 2.9433 0.042984
0.048865 2.8622 0.042847
0.049225 2.8072 0.042321
0.049588 2.7367 0.040863
0.049954 2.6821 0.040508
0.050322 2.5599 0.04015
0.050693 2.366 0.036883
0.051066 2.2814 0.036713
0.051442 2.3048 0.036448
0.051821 2.217 0.035449
0.052203 2.0598 0.034095
0.052588 2.0652 0.033623
0.052975 1.9652 0.032881
0.053366 1.8605 0.031562
0.053759 1.7513 0.030455
0.054155 1.73 0.030101
0.054554 1.5888 0.028003
0.054956 1.5924 0.028422
0.055361 1.5304 0.027488
0.055769 1.4501 0.027043
0.05618 1.3857 0.02582
0.056594 1.3483 0.025318
0.057011 1.2987 0.024631
0.057431 1.209 0.023962
0.057854 1.1977 0.023322
0.058281 1.1476 0.022965
0.05871 1.1001 0.021987
0.059143 1.0127 0.021082
0.059579 1.0754 0.0216
0.060018 0.98761 0.020393
0.06046 0.97008 0.020162
0.060905 0.90378 0.019296
0.061354 0.84608 0.018714
0.061806 0.83967 0.018377
0.062262 0.86126 0.018499
0.062721 0.79645 0.017524
0.063183 0.80386 0.017777
0.063648 0.80357 0.017472
0.064117 0.78491 0.016924
0.06459 0.73274 0.016408
0.065066 0.75961 0.01659
0.065545 0.74085 0.016402
0.066028 0.73435 0.016254
0.066515 0.73666 0.015802
0.067005 0.73786 0.015961
0.067499 0.71106 0.015741
0.067996 0.70075 0.015222
0.068497 0.70873 0.015081
0.069002 0.63417 0.014512
0.06951 0.66387 0.014477
0.070023 0.65236 0.014242
0.070539 0.6704 0.014547
0.071058 0.67394 0.014231
0.071582 0.62551 0.013624
0.072109 0.62494 0.013722
0.072641 0.63188 0.013568
0.073176 0.62048 0.013391
0.073715 0.62894 0.013376
0.074258 0.62721 0.013133
0.074806 0.61694 0.013127
0.075357 0.61226 0.01292
0.075912 0.58209 0.012519
0.076472 0.60168 0.012466
0.077035 0.57784 0.012357
0.077603 0.58295 0.012249
0.078175 0.57908 0.012069
0.078751 0.57628 0.011996
0.079331 0.58345 0.011989
0.079916 0.56377 0.011721
0.080504 0.5422 0.01148
0.081098 0.57761 0.011483
0.081695 0.55391 0.011534
0.082297 0.5549 0.011083
0.082904 0.53004 0.010998
0.083515 0.52713 0.01068
0.08413 0.51597 0.010669
0.08475 0.50687 0.010539
0.085374 0.49827 0.010275
0.086004 0.49385 0.010295
0.086637 0.47938 0.0098428
0.087276 0.49303 0.0099106
0.087919 0.47459 0.0098357
0.088567 0.45642 0.0095253
0.089219 0.45617 0.0094715
0.089877 0.45223 0.0092959
0.090539 0.43537 0.0090545
0.091206 0.43479 0.0089761
0.091878 0.43207 0.0089731
0.092555 0.42693 0.0088489
0.093237 0.39136 0.0083107
0.093924 0.40544 0.008408
0.094616 0.37735 0.0081743
0.095314 0.38072 0.0080525
0.096016 0.39679 0.0081666
0.096724 0.37967 0.0080318
0.097436 0.37175 0.0078724
0.098154 0.35343 0.0074713
0.098878 0.35438 0.0075469
0.099606 0.34868 0.0074653
0.10034 0.34271 0.0072198
0.10108 0.33656 0.0072095
0.10182 0.33286 0.007091
0.10257 0.32313 0.006894
0.10333 0.3277 0.0069884
0.10409 0.31744 0.0067093
0.10486 0.32125 0.0067996
0.10563 0.31095 0.0065973
0.10641 0.31021 0.0065594
0.10719 0.30471 0.0065006
0.10798 0.30169 0.0063078
0.10878 0.29228 0.0063026
0.10958 0.29646 0.0061702
0.11039 0.28833 0.0061539
0.1112 0.29023 0.0060212
0.11202 0.29529 0.0061607
0.11285 0.27315 0.0057546
0.11368 0.27711 0.0058493
0.11452 0.26758 0.005601
0.11536 0.26334 0.0056295
0.11621 0.26659 0.0055695
0.11707 0.25922 0.0054633
0.11793 0.25816 0.0054211
0.1188 0.25136 0.0052769
0.11967 0.25271 0.0053267
0.12056 0.2495 0.0051755
0.12144 0.24403 0.0050969
0.12234 0.24127 0.0051049
0.12324 0.24027 0.0049617
0.12415 0.24389 0.0049965
0.12506 0.2351 0.0049379
0.12598 0.2374 0.0048211
0.12691 0.22271 0.0046876
0.12785 0.21999 0.0046278
0.12879 0.22212 0.0046315
0.12974 0.21862 0.0045257
0.1307 0.21979 0.0045124
0.13166 0.21156 0.0044202
0.13263 0.21205 0.00439
0.13361 0.20341 0.0042505
0.13459 0.20621 0.0042579
0.13558 0.204 0.0041871
0.13658 0.2091 0.0042601
0.13759 0.19731 0.0040668
0.1386 0.20025 0.0040767
0.13962 0.1913 0.0039686
0.14065 0.19497 0.0039545
0.14169 0.18612 0.0038487
0.14273 0.18647 0.0038368
0.14378 0.18678 0.0037923
0.14484 0.1812 0.0037219
0.14591 0.18127 0.0036909
0.14699 0.17512 0.0036225
0.14807 0.17314 0.0035639
0.14916 0.17752 0.0035769
0.15026 0.17236 0.003495
0.15137 0.1732 0.0034922
0.15248 0.16688 0.0033914
0.15361 0.16115 0.0033239
0.15474 0.16374 0.0033166
0.15588 0.16301 0.0032948
0.15703 0.16206 0.0032531
0.15818 0.15787 0.0031922
0.15935 0.15549 0.0031493
0.16052 0.15205 0.0030817
0.16171 0.15056 0.0030537
0.1629 0.14924 0.0030232
0.1641 0.15046 0.0030087
0.16531 0.1451 0.0029434
0.16653 0.14237 0.0028853
0.16775 0.13908 0.0028359
0.16899 0.14245 0.0028464
0.17023 0.13537 0.0027666
0.17149 0.13552 0.0027432
0.17275 0.13556 0.0027165
0.17403 0.1304 0.0026571
0.17531 0.1314 0.0026513
0.1766 0.12264 0.0025334
0.1779 0.1226 0.0025272
0.17921 0.12236 0.0024964
0.18053 0.11606 0.0024301
0.18186 0.11343 0.0023785
0.1832 0.11345 0.0023656
0.18455 0.11553 0.0023691
0.18591 0.11037 0.002301
0.18728 0.10773 0.0022542
0.18866 0.10349 0.0022104
0.19005 0.10229 0.0021624
0.19145 0.098591 0.0021315
0.19286 0.099126 0.0021085
0.19429 0.093229 0.0020388
0.19572 0.091296 0.0020106
