#
0.0050184 9.9499 4.6764
0.0050554 43.977 10.778
0.0050926 1434.6 61.248
0.0051301 35.138 8.6224
0.0051679 25.658 6.7495
0.005206 276.7 38.06
0.0052444 2456.6 160.29
0.005283 NaN NaN
0.005322 20.563 8.5375
0.0053612 36.027 9.7809
0.0054007 57.092 10.011
0.0054405 121.9 11.31
0.0054806 30.886 7.3937
0.005521 2463.6 65.53
0.0055616 18.271 6.2739
0.0056026 1149.7 49.043
0.0056439 76.279 11.56
0.0056855 27.413 9.8583
0.0057274 1175.7 78.42
0.0057696 36.198 9.7809
0.0058121 41.309 10.456
0.0058549 17.013 4.4997
0.0058981 62.266 14.787
0.0059416 195.6 22.638
0.0059853 38.341 7.6166
0.0060294 9.968 7.3941
0.0060739 810.3 25.536
0.0061186 25.697 8.2664
0.0061637 587.76 27.726
0.0062091 15.771 4.3472
0.0062549 434.45 30.16
0.006301 15.178 9.0556
0.0063474 9.9996 3.697
0.0063942 31.025 9.0553
0.0064413 276.56 38.06
0.0064888 30.916 12.806
0.0065366 22.073 4.2561
0.0065847 251.32 14.813
0.0066333 445.29 20.585
0.0066821 528.35 28.104
0.0067314 18.365 6.2739
0.006781 279.83 24.207
0.006831 17.81 6.9163
0.0068813 15.146 4.5278
0.006932 69.719 10.24
0.0069831 44.972 12.567
0.0070345 20.473 5.5892
0.0070864 12.598 2.9227
0.0071386 243.9 15.238
0.0071912 1261.3 66.313
0.0072442 381.21 22.334
0.0072976 8.8484 3.2863
0.0073513 104.97 9.5847
0.0074055 17.742 4.8906
0.0074601 81.065 13.06
0.0075151 9.9499 7.3941
0.0075704 4.2696 2.3239
0.0076262 21.166 4.0221
0.0076824 171.58 12.788
0.007739 331.84 19.647
0.0077961 145.95 9.4887
0.0078535 175.69 16.226
0.0079114 11.388 3.9212
0.0079697 100.64 18.769
0.0080284 5.8109 3.6225
0.0080876 11.664 3.1152
0.0081471 17.386 3.3123
0.0082072 4.2762 2.1259
0.0082677 253.49 13.771
0.0083286 139.27 11.525
0.00839 104.07 13.499
0.0084518 7.6906 3.0741
0.0085141 29.301 4.8925
0.0085768 9.9809 2.7947
0.00864 10.08 4.6764
0.0087037 17.561 4.1435
0.0087678 67.199 6.4509
0.0088324 187.25 10.44
0.0088975 3.8065 2.0915
0.0089631 48.125 6.0215
0.0090291 25.685 5.2282
0.0090956 10.983 3.293
0.0091627 15.268 9.0556
0.0092302 9.4015 2.335
0.0092982 51.409 4.7526
0.0093667 170.13 10.558
0.0094357 7.336 4.5281
0.0095053 37.995 4.6044
0.0095753 28.587 5.8091
0.0096459 12.116 2.9576
0.0097169 9.9982 3.0186
0.0097885 8.98 2.1705
0.0098607 103.44 8.2404
0.0099333 93.675 10.456
0.010007 21.309 3.0161
0.01008 15.841 3.2677
0.010155 2.6633 1.8115
0.010229 3.0154 1.7431
0.010305 7.994 2.3565
0.010381 6.3064 2.0402
0.010457 94.346 6.1781
0.010534 25.172 3.4927
0.010612 20.411 5.2282
0.01069 8.6565 2.4454
0.010769 16.236 3.4151
0.010848 2.5347 1.2199
0.010928 8.9938 2.1705
0.011009 79.452 5.7803
0.01109 34.911 5.3353
0.011171 13.485 2.6348
0.011254 3.5863 1.5372
0.011337 5.5592 2.1127
0.01142 7.6706 1.9598
0.011504 40.26 3.8328
0.011589 27.716 3.5797
0.011675 17.687 3.1615
0.011761 9.9359 2.4647
0.011847 10.92 3.2931
0.011935 5.8526 1.5399
0.012023 16.805 2.3789
0.012111 58.095 5.5329
0.0122 14.454 2.7273
0.01229 10.024 2.2294
0.012381 3.4722 1.3073
0.012472 7.5901 1.9598
0.012564 10.363 2.0898
0.012657 32.051 3.5494
0.01275 13.613 2.2518
0.012844 10.006 2.4647
0.012938 5.9382 1.6088
0.013034 5.9025 1.7012
0.01313 10.484 1.6119
0.013227 23.942 3.0739
0.013324 6.9002 2.1309
0.013422 2.8664 1.1206
0.013521 2.6615 1.2809
0.013621 6.5798 1.3584
0.013721 25.532 2.9598
0.013822 11.646 2.2525
0.013924 6.8154 1.4524
0.014027 6.0561 2.0668
0.01413 3.323 1.0474
0.014234 9.1902 1.628
0.014339 13.643 1.9984
0.014445 5.3431 1.5001
0.014551 3.8377 1.6276
0.014658 2.9598 0.85376
0.014766 9.4395 1.6937
0.014875 14.692 2.2628
0.014985 5.5886 1.4312
0.015095 3.8858 1.1251
0.015206 3.8621 1.1509
0.015319 9.0005 1.5514
0.015431 11.81 1.6917
0.015545 3.8515 1.1509
0.01566 2.1941 1.0249
0.015775 2.6072 0.88367
0.015891 8.549 1.3601
0.016008 8.0506 1.6663
0.016126 2.5502 0.91286
0.016245 3.2258 1.0656
0.016365 2.2791 0.7384
0.016486 10.225 1.6529
0.016607 4.2286 0.98343
0.016729 2.6766 1.0459
0.016853 3.3621 0.93743
0.016977 9.3925 1.4206
0.017102 5.9214 1.203
0.017228 2.3883 0.95083
0.017355 3.3091 0.82633
0.017483 6.2823 1.213
0.017612 6.7702 1.2939
0.017741 3.1747 0.88003
0.017872 3.7732 0.96992
0.018004 4.8088 1.0671
0.018136 8.0218 1.1783
0.01827 3.3167 0.95078
0.018405 4.4669 1.1676
0.01854 2.7668 0.67783
0.018677 9.1541 1.4451
0.018815 5.3503 1.083
0.018953 2.8024 0.79858
0.019093 2.8503 0.75981
0.019234 7.0433 1.1082
0.019375 2.977 0.82927
0.019518 2.4118 0.76735
0.019662 3.8549 0.77639
0.019807 6.9582 1.1487
0.019953 2.7977 0.82031
0.0201 5.2195 0.93548
0.020248 4.0909 0.82012
0.020397 3.7154 0.84343
0.020547 3.7594 0.87993
0.020699 3.2195 0.75348
0.020851 5.2348 0.86806
0.021005 3.0862 0.79276
0.02116 4.1389 0.84238
0.021316 4.0156 0.75453
0.021473 4.1172 0.86468
0.021631 3.6761 0.77944
0.02179 3.9784 0.79766
0.021951 4.8491 0.80679
0.022113 2.1303 0.63422
0.022276 2.0896 0.61609
0.02244 5.0032 0.76995
0.022605 5.2718 0.98354
0.022772 3.4932 0.71013
0.02294 3.7562 0.69148
0.023109 5.0663 0.83579
0.023279 2.6094 0.70139
0.02345 3.3216 0.63788
0.023623 4.4107 0.738
0.023797 3.7245 0.79058
0.023973 3.685 0.65017
0.024149 3.7609 0.70507
0.024327 3.7784 0.69908
0.024507 3.652 0.68958
0.024687 4.1363 0.67008
0.024869 5.1923 0.83447
0.025052 3.8391 0.64835
0.025237 5.1708 0.80446
0.025423 4.8744 0.76257
0.02561 3.2016 0.59379
0.025799 4.9466 0.72464
0.025989 3.9001 0.72967
0.026181 4.4548 0.65767
0.026373 4.8027 0.71156
0.026568 4.7478 0.71828
0.026764 4.915 0.69238
0.026961 5.1449 0.73028
0.027159 5.6394 0.77686
0.02736 4.5519 0.63367
0.027561 4.5409 0.71773
0.027764 4.7974 0.63882
0.027969 5.8037 0.7554
0.028175 5.1751 0.69036
0.028383 5.3958 0.71273
0.028592 5.4068 0.69938
0.028802 5.7546 0.71139
0.029015 4.9295 0.63373
0.029228 4.4995 0.65286
0.029444 4.649 0.6119
0.029661 6.779 0.7357
0.029879 3.7821 0.58921
0.0301 6.4107 0.68803
0.030321 6.1295 0.75221
0.030545 5.9833 0.64556
0.03077 7.5762 0.76515
0.030997 5.9638 0.69869
0.031225 6.8007 0.66825
0.031455 5.9938 0.69774
0.031687 7.5149 0.70284
0.03192 6.2968 0.68667
0.032156 6.4114 0.66977
0.032393 6.4387 0.65105
0.032631 5.9058 0.64854
0.032872 8.0641 0.71621
0.033114 7.0536 0.68476
0.033358 6.8971 0.67506
0.033604 8.1136 0.70836
0.033851 7.2449 0.65698
0.034101 8.3829 0.77021
0.034352 6.8519 0.60838
0.034605 8.487 0.73542
0.03486 7.4927 0.65816
0.035117 7.5462 0.6535
0.035376 6.9119 0.63098
0.035637 7.0124 0.64293
0.035899 8.6183 0.67922
0.036164 8.3774 0.66703
0.03643 8.2154 0.69188
0.036699 8.261 0.63116
0.036969 7.8072 0.64817
0.037241 9.2082 0.68914
0.037516 8.5459 0.67
0.037792 8.07 0.62242
0.038071 7.1319 0.59181
0.038351 8.2763 0.65262
0.038634 7.58 0.58364
0.038919 9.2776 0.66252
0.039205 7.4023 0.58627
0.039494 8.2011 0.63171
0.039785 7.6917 0.56341
0.040079 8.8125 0.63368
0.040374 7.6755 0.57014
0.040671 8.8565 0.63864
0.040971 7.7097 0.56341
0.041273 7.8982 0.57464
0.041577 8.1189 0.57337
0.041883 7.6384 0.56357
0.042192 7.5304 0.56305
0.042503 7.3311 0.52586
0.042816 7.0377 0.52599
0.043132 7.4566 0.52762
0.04345 7.6642 0.54747
0.04377 7.3583 0.52884
0.044092 6.9605 0.50781
0.044417 8.0598 0.54179
0.044744 6.015 0.45599
0.045074 7.6118 0.5204
0.045406 8.2744 0.53641
0.045741 7.2662 0.5006
0.046078 6.6372 0.47842
0.046417 6.5487 0.46832
0.04676 8.4062 0.53233
0.047104 6.3529 0.45093
0.047451 7.0451 0.46627
0.047801 6.3612 0.44877
0.048153 6.1213 0.43947
0.048508 5.7254 0.41431
0.048865 6.2229 0.43545
0.049225 5.5622 0.41243
0.049588 5.5175 0.40166
0.049954 5.6612 0.40721
0.050322 5.2442 0.3983
0.050693 4.864 0.36791
0.051066 4.6225 0.36426
0.051442 4.8307 0.36705
0.051821 4.7709 0.36177
0.052203 4.2689 0.3433
0.052588 4.4659 0.34504
0.052975 4.1893 0.3363
0.053366 4.4128 0.33973
0.053759 4.3624 0.33594
0.054155 3.5789 0.30548
0.054554 3.6186 0.29819
0.054956 3.4404 0.2957
0.055361 3.313 0.28688
0.055769 3.9105 0.31173
0.05618 3.4018 0.28647
0.056594 2.92 0.26631
0.057011 3.6368 0.29065
0.057431 3.2025 0.27702
0.057854 3.556 0.28374
0.058281 3.2829 0.27543
0.05871 2.821 0.25241
0.059143 3.306 0.26973
0.059579 2.9601 0.25566
0.060018 2.9962 0.25276
0.06046 2.7462 0.24323
0.060905 2.723 0.23971
0.061354 2.8445 0.24528
0.061806 2.9888 0.24721
0.062262 2.5176 0.22831
0.062721 2.3057 0.21677
0.063183 2.5501 0.22829
0.063648 2.7278 0.23048
0.064117 2.6631 0.22363
0.06459 2.6905 0.225
0.065066 2.45 0.21504
0.065545 2.4912 0.21711
0.066028 2.6498 0.22139
0.066515 2.4596 0.20854
0.067005 2.2931 0.20425
0.067499 2.6507 0.21806
0.067996 2.3543 0.20181
0.068497 2.265 0.19586
0.069002 2.1903 0.19605
0.06951 2.2771 0.19448
0.070023 2.4606 0.19946
0.070539 2.4287 0.19978
0.071058 2.7976 0.20674
0.071582 2.3002 0.189
0.072109 2.2068 0.1873
0.072641 1.9911 0.17664
0.073176 2.2848 0.18614
0.073715 2.3662 0.18743
0.074258 2.5146 0.18898
0.074806 2.3335 0.18475
0.075357 2.295 0.18112
0.075912 1.8307 0.16425
0.076472 2.2695 0.17523
0.077035 2.171 0.17421
0.077603 2.1263 0.17047
0.078175 2.1288 0.1687
0.078751 2.0234 0.16462
0.079331 2.4616 0.17734
0.079916 2.2108 0.16849
0.080504 1.9051 0.15802
0.081098 2.0265 0.15729
0.081695 1.989 0.16028
0.082297 2.1425 0.15864
0.082904 1.8963 0.15287
0.083515 1.8968 0.14911
0.08413 1.8706 0.14954
0.08475 2.0007 0.15326
0.085374 1.5765 0.13716
0.086004 2.001 0.15128
0.086637 1.8769 0.14336
0.087276 1.8645 0.14173
0.087919 1.7657 0.14046
0.088567 1.7107 0.13687
0.089219 1.8359 0.13991
0.089877 1.788 0.13643
0.090539 1.5857 0.12926
0.091206 1.6791 0.13078
0.091878 1.7539 0.13345
0.092555 1.7687 0.13313
0.093237 1.7132 0.12858
0.093924 1.7563 0.12931
0.094616 1.8062 0.13156
0.095314 1.838 0.12994
0.096016 1.8819 0.13056
0.096724 1.709 0.12622
0.097436 1.4974 0.11867
0.098154 1.5416 0.11672
0.098878 1.7396 0.12336
0.099606 1.5301 0.11722
0.10034 1.4324 0.11119
0.10108 1.5763 0.11628
0.10182 1.5285 0.11369
0.10257 1.6524 0.11554
0.10333 1.3959 0.10912
0.10409 1.4805 0.10879
0.10486 1.5611 0.11184
0.10563 1.6173 0.11164
0.10641 1.5225 0.10852
0.10719 1.3626 0.10396
0.10798 1.3857 0.10214
0.10878 1.348 0.10254
0.10958 1.5301 0.1046
0.11039 1.4702 0.10406
0.1112 1.3714 0.09896
0.11202 1.1841 0.094992
0.11285 1.3454 0.096575
0.11368 1.4513 0.10025
0.11452 1.283 0.09321
0.11536 1.3593 0.096551
0.11621 1.2147 0.091117
0.11707 1.4791 0.097429
0.11793 1.0966 0.086771
0.1188 1.2063 0.088686
0.11967 1.3022 0.091707
0.12056 1.2124 0.087387
0.12144 1.3174 0.089623
0.12234 1.0935 0.08438
0.12324 1.1133 0.082713
0.12415 1.2645 0.086602
0.12506 1.1895 0.085151
0.12598 1.0311 0.078675
0.12691 1.1752 0.08255
0.12785 1.1604 0.081767
0.12879 1.1217 0.080509
0.12974 1.1248 0.079133
0.1307 1.124 0.078736
0.13166 1.1045 0.078133
0.13263 1.1612 0.078828
0.13361 1.1625 0.07782
0.13459 1.1759 0.07779
0.13558 1.1259 0.075665
0.13658 1.0417 0.074074
0.13759 1.0948 0.073872
0.1386 0.99445 0.071205
0.13962 0.91764 0.068925
0.14065 1.0189 0.070474
0.14169 0.93952 0.068335
0.14273 0.96182 0.068485
0.14378 0.78364 0.063246
0.14484 1.0286 0.069001
0.14591 1.0139 0.068059
0.14699 0.90345 0.06529
0.14807 0.90691 0.064629
0.14916 0.92844 0.064638
0.15026 0.92237 0.063781
0.15137 0.84347 0.061771
0.15248 0.91522 0.062659
0.15361 0.75255 0.058554
0.15474 0.89104 0.061404
0.15588 0.75517 0.05784
0.15703 0.8462 0.059387
0.15818 0.91258 0.060496
0.15935 0.82451 0.058161
0.16052 0.8134 0.057236
0.16171 0.84388 0.057775
0.1629 0.72656 0.054656
0.1641 0.86208 0.057296
0.16531 0.7028 0.053407
0.16653 0.76164 0.054124
0.16775 0.70697 0.052646
0.16899 0.77236 0.053704
0.17023 0.72348 0.052341
0.17149 0.6764 0.050801
0.17275 0.6797 0.050327
0.17403 0.69567 0.050534
0.17531 0.75677 0.051576
0.1766 0.59262 0.047287
0.1779 0.57813 0.046835
0.17921 0.60887 0.046967
0.18053 0.67661 0.048375
0.18186 0.60997 0.046379
0.1832 0.5385 0.044565
0.18455 0.59824 0.045609
0.18591 0.56933 0.044638
0.18728 0.58473 0.044464
0.18866 0.55607 0.043775
0.19005 0.52404 0.042404
0.19145 0.52288 0.042479
0.19286 0.50966 0.041689
0.19429 0.4514 0.040156
0.19572 0.52909 0.041763
