#
0.0050184 11.339 1.046
0.0050554 15.987 1.3881
0.0050926 13.097 1.2566
0.0051301 10.188 0.99137
0.0051679 12.656 1.0086
0.005206 15.87 1.9557
0.0052444 22.605 3.3007
0.005283 NaN NaN
0.005322 12.823 1.4354
0.0053612 12.973 1.2508
0.0054007 14.184 1.0675
0.0054405 10.38 0.70759
0.0054806 11.212 0.94944
0.005521 12.255 0.99254
0.0055616 12.204 1.0851
0.0056026 9.7057 0.96771
0.0056439 10.574 0.92191
0.0056855 8.484 1.1683
0.0057274 11.769 1.6851
0.0057696 14.666 1.3295
0.0058121 11.892 1.1976
0.0058549 10.359 0.74509
0.0058981 10.249 1.2839
0.0059416 10.812 1.1419
0.0059853 9.8813 0.82535
0.0060294 6.2364 1.2275
0.0060739 9.4234 0.5914
0.0061186 13.701 1.2851
0.0061637 12.68 0.87419
0.0062091 8.1084 0.65953
0.0062549 10.279 0.99604
0.006301 9.1243 1.4839
0.0063474 7.0202 0.65096
0.0063942 6.7245 0.90072
0.0064413 10.086 1.5601
0.0064888 8.6453 1.4444
0.0065366 9.2751 0.58674
0.0065847 7.7606 0.55882
0.0066333 7.8106 0.58558
0.0066821 8.5778 0.76897
0.0067314 6.5268 0.79403
0.006781 5.5669 0.73333
0.006831 8.2826 0.99981
0.0068813 9.3635 0.75167
0.006932 7.8872 0.73757
0.0069831 8.3296 1.1573
0.0070345 8.0957 0.74713
0.0070864 6.2672 0.43502
0.0071386 7.2912 0.56561
0.0071912 4.4775 0.84921
0.0072442 6.5398 0.62832
0.0072976 8.3781 0.67029
0.0073513 6.3983 0.5075
0.0074055 4.6686 0.53151
0.0074601 5.3696 0.72058
0.0075151 5.5134 1.1545
0.0075704 5.3856 0.53762
0.0076262 4.9294 0.41268
0.0076824 7.3313 0.56731
0.007739 5.5438 0.54554
0.0077961 4.6812 0.36489
0.0078535 3.4816 0.49119
0.0079114 4.4963 0.52119
0.0079697 3.6712 0.76966
0.0080284 4.5043 0.66014
0.0080876 6.5367 0.49272
0.0081471 5.5301 0.39649
0.0082072 4.0923 0.42435
0.0082677 4.0721 0.37515
0.0083286 3.6993 0.40353
0.00839 4.1501 0.57864
0.0084518 7.4689 0.63296
0.0085141 4.1268 0.39194
0.0085768 4.2424 0.38295
0.00864 4.0269 0.62404
0.0087037 3.9599 0.41753
0.0087678 3.6323 0.32166
0.0088324 4.5028 0.34772
0.0088975 3.9787 0.43863
0.0089631 3.1445 0.32986
0.0090291 3.4455 0.40853
0.0090956 4.3573 0.43769
0.0091627 1.4252 0.58967
0.0092302 4.6646 0.34466
0.0092982 3.651 0.27138
0.0093667 3.6811 0.33373
0.0094357 3.708 0.67016
0.0095053 3.2699 0.28892
0.0095753 4.8469 0.51031
0.0096459 3.575 0.33968
0.0097169 3.3491 0.36772
0.0097885 3.669 0.29091
0.0098607 3.2884 0.3156
0.0099333 2.655 0.37827
0.010007 3.2536 0.2511
0.01008 2.7455 0.28863
0.010155 2.6262 0.35706
0.010229 2.3455 0.30818
0.010305 3.0462 0.30391
0.010381 3.0658 0.29568
0.010457 2.6961 0.22452
0.010534 2.7785 0.2476
0.010612 2.324 0.37584
0.01069 2.7457 0.28863
0.010769 3.4437 0.33357
0.010848 3.464 0.28266
0.010928 2.1795 0.22464
0.011009 2.5799 0.22376
0.01109 2.2741 0.29162
0.011171 2.8448 0.25633
0.011254 2.4119 0.25516
0.011337 2.3881 0.28773
0.01142 2.6292 0.24073
0.011504 2.5511 0.2067
0.011589 2.3647 0.2235
0.011675 2.8416 0.26937
0.011761 1.9821 0.23165
0.011847 2.0785 0.30324
0.011935 2.7455 0.21818
0.012023 2.2783 0.18611
0.012111 1.8565 0.21261
0.0122 1.9723 0.21385
0.01229 2.65 0.24172
0.012381 2.1459 0.20848
0.012472 2.1878 0.21994
0.012564 2.2549 0.20537
0.012657 2.2247 0.20016
0.01275 2.3368 0.19784
0.012844 2.0656 0.23623
0.012938 2.1067 0.19858
0.013034 1.758 0.193
0.01313 1.9927 0.14843
0.013227 1.887 0.18446
0.013324 1.8754 0.23182
0.013422 2.4705 0.20706
0.013521 1.591 0.19705
0.013621 1.9399 0.15367
0.013721 2.2939 0.18958
0.013822 2.4621 0.21874
0.013924 1.7181 0.15249
0.014027 1.9941 0.24631
0.01413 1.8649 0.15881
0.014234 1.9436 0.15774
0.014339 1.7733 0.15286
0.014445 1.7617 0.17832
0.014551 2.1875 0.25013
0.014658 1.8656 0.13615
0.014766 1.665 0.15012
0.014875 1.453 0.15138
0.014985 1.8415 0.17014
0.015095 1.9175 0.16105
0.015206 1.6505 0.15383
0.015319 1.8471 0.14808
0.015431 1.6779 0.13491
0.015545 1.7492 0.15832
0.01566 1.8129 0.18098
0.015775 1.811 0.14667
0.015891 1.6587 0.12595
0.016008 2.0257 0.17546
0.016126 1.8152 0.15257
0.016245 1.7345 0.15769
0.016365 1.6038 0.12154
0.016486 1.8565 0.14854
0.016607 1.8845 0.13418
0.016729 1.3269 0.14709
0.016853 1.662 0.13281
0.016977 1.9335 0.13583
0.017102 1.4763 0.12516
0.017228 1.6857 0.15782
0.017355 1.7296 0.12058
0.017483 1.6334 0.12885
0.017612 1.6384 0.13321
0.017741 1.8559 0.1358
0.017872 1.7615 0.13513
0.018004 1.6756 0.12924
0.018136 1.7235 0.11459
0.01827 1.6409 0.13491
0.018405 1.8908 0.1557
0.01854 1.7605 0.1077
0.018677 1.6252 0.12846
0.018815 1.8204 0.13062
0.018953 1.6804 0.12322
0.019093 1.5355 0.11177
0.019234 1.716 0.11434
0.019375 1.6093 0.12284
0.019518 1.8009 0.13115
0.019662 1.7824 0.10761
0.019807 1.8546 0.12376
0.019953 1.8376 0.13251
0.0201 1.7485 0.11195
0.020248 1.5785 0.10418
0.020397 1.9727 0.12449
0.020547 1.854 0.12586
0.020699 1.6989 0.11038
0.020851 1.8256 0.10609
0.021005 1.8885 0.12483
0.02116 1.7908 0.11329
0.021316 1.7467 0.10187
0.021473 2.0101 0.12362
0.021631 2.0884 0.11959
0.02179 1.7925 0.10938
0.021951 1.8376 0.10259
0.022113 2.0027 0.11974
0.022276 2.0634 0.11973
0.02244 1.7393 0.093524
0.022605 2.0133 0.1257
0.022772 2.0867 0.11125
0.02294 1.9471 0.10148
0.023109 2.0606 0.10991
0.023279 2.046 0.12373
0.02345 2.1682 0.10424
0.023623 2.1444 0.10535
0.023797 2.4138 0.12941
0.023973 2.1704 0.10123
0.024149 2.0991 0.10711
0.024327 2.3644 0.11236
0.024507 2.2422 0.10946
0.024687 2.2694 0.10152
0.024869 2.7598 0.12552
0.025052 2.4942 0.10639
0.025237 2.3809 0.11274
0.025423 2.6619 0.11601
0.02561 2.4585 0.10423
0.025799 2.4479 0.10493
0.025989 2.7101 0.12368
0.026181 2.6368 0.10371
0.026373 2.9333 0.11425
0.026568 2.8986 0.11518
0.026764 2.9012 0.10965
0.026961 3.2571 0.11979
0.027159 2.985 0.11687
0.02736 2.9 0.10363
0.027561 3.1452 0.12228
0.027764 2.9136 0.10232
0.027969 3.2524 0.11708
0.028175 3.1932 0.11173
0.028383 3.2169 0.11353
0.028592 3.5009 0.11603
0.028802 3.3032 0.11141
0.029015 3.3105 0.10668
0.029228 3.6092 0.11971
0.029444 3.4734 0.10848
0.029661 4.0746 0.11869
0.029879 3.3414 0.11247
0.0301 3.5769 0.10677
0.030321 3.9171 0.12468
0.030545 3.7024 0.10521
0.03077 4.2944 0.12014
0.030997 4.0951 0.11985
0.031225 4.0603 0.10752
0.031455 3.837 0.11562
0.031687 4.3433 0.11152
0.03192 4.5207 0.12075
0.032156 4.4541 0.11605
0.032393 4.409 0.11201
0.032631 4.4043 0.11612
0.032872 4.5609 0.11261
0.033114 4.5981 0.11507
0.033358 4.6026 0.11478
0.033604 4.8093 0.114
0.033851 4.5049 0.10796
0.034101 4.7997 0.12199
0.034352 4.8793 0.10677
0.034605 5.1613 0.1201
0.03486 4.8089 0.11006
0.035117 5.3541 0.11491
0.035376 4.7709 0.10907
0.035637 5.1965 0.11529
0.035899 5.1722 0.11018
0.036164 5.3304 0.11131
0.03643 5.1325 0.1143
0.036699 5.5277 0.10802
0.036969 5.2821 0.11134
0.037241 5.1351 0.10797
0.037516 5.5434 0.11296
0.037792 5.3597 0.10592
0.038071 5.2623 0.10587
0.038351 5.6643 0.11285
0.038634 5.4 0.10281
0.038919 5.7757 0.10969
0.039205 5.4068 0.10437
0.039494 5.8567 0.11166
0.039785 5.5453 0.099826
0.040079 5.5353 0.10516
0.040374 5.2679 0.098596
0.040671 5.5575 0.10602
0.040971 5.3653 0.098192
0.041273 5.3424 0.098726
0.041577 5.1097 0.095133
0.041883 5.2463 0.097471
0.042192 5.2787 0.098326
0.042503 4.8199 0.088897
0.042816 5.1953 0.094053
0.043132 5.1069 0.091036
0.04345 4.7782 0.090215
0.04377 4.638 0.087651
0.044092 4.6479 0.086294
0.044417 4.7081 0.086557
0.044744 4.4513 0.081282
0.045074 4.4204 0.082799
0.045406 4.094 0.078946
0.045741 4.2674 0.079966
0.046078 4.0439 0.077615
0.046417 4.0374 0.076388
0.04676 3.9184 0.076165
0.047104 3.7223 0.07167
0.047451 3.7059 0.07051
0.047801 3.5715 0.069816
0.048153 3.3384 0.067323
0.048508 3.1913 0.064058
0.048865 3.0297 0.063102
0.049225 3.0792 0.063443
0.049588 2.7773 0.058938
0.049954 2.9074 0.060373
0.050322 2.6813 0.058831
0.050693 2.5149 0.054449
0.051066 2.5558 0.055633
0.051442 2.3643 0.05287
0.051821 2.3015 0.051729
0.052203 2.2169 0.050659
0.052588 2.1953 0.049651
0.052975 2.0365 0.047955
0.053366 2.036 0.047298
0.053759 1.9294 0.045797
0.054155 1.7966 0.043962
0.054554 1.7355 0.041944
0.054956 1.6855 0.041914
0.055361 1.6363 0.040744
0.055769 1.633 0.041129
0.05618 1.4766 0.03822
0.056594 1.5089 0.038395
0.057011 1.4448 0.037251
0.057431 1.3587 0.036428
0.057854 1.3549 0.035573
0.058281 1.3105 0.035196
0.05871 1.2921 0.034173
0.059143 1.2627 0.033751
0.059579 1.2065 0.032824
0.060018 1.2671 0.033109
0.06046 1.1862 0.031975
0.060905 1.1734 0.031522
0.061354 1.1401 0.031143
0.061806 1.0546 0.029548
0.062262 1.0375 0.029138
0.062721 1.0111 0.028331
0.063183 1.0783 0.029524
0.063648 1.0506 0.028651
0.064117 1.0425 0.027972
0.06459 1.0953 0.02874
0.065066 1.0119 0.027461
0.065545 0.98078 0.027072
0.066028 1.0339 0.027647
0.066515 0.98785 0.026246
0.067005 0.9118 0.025471
0.067499 0.97458 0.026429
0.067996 0.99121 0.025955
0.068497 0.93524 0.024856
0.069002 0.95076 0.025465
0.06951 0.9349 0.024636
0.070023 0.91794 0.024229
0.070539 0.98505 0.025274
0.071058 0.92959 0.02397
0.071582 0.89996 0.023433
0.072109 0.89311 0.023523
0.072641 0.92511 0.023536
0.073176 0.91188 0.023272
0.073715 0.91291 0.023105
0.074258 0.84384 0.021861
0.074806 0.88354 0.022529
0.075357 0.85833 0.021944
0.075912 0.86139 0.021837
0.076472 0.90509 0.021914
0.077035 0.86201 0.021637
0.077603 0.82899 0.020954
0.078175 0.86473 0.021144
0.078751 0.8513 0.020907
0.079331 0.79517 0.020089
0.079916 0.79703 0.019996
0.080504 0.7901 0.019876
0.081098 0.78752 0.019245
0.081695 0.78797 0.019738
0.082297 0.7707 0.018748
0.082904 0.77886 0.019121
0.083515 0.78528 0.018695
0.08413 0.74143 0.018351
0.08475 0.72468 0.018086
0.085374 0.75817 0.018176
0.086004 0.72763 0.017927
0.086637 0.71156 0.017205
0.087276 0.70511 0.017011
0.087919 0.68934 0.017013
0.088567 0.69946 0.016913
0.089219 0.6696 0.016469
0.089877 0.66141 0.016136
0.090539 0.68513 0.016288
0.091206 0.63271 0.015544
0.091878 0.63544 0.01562
0.092555 0.64076 0.015558
0.093237 0.64605 0.015305
0.093924 0.59811 0.014663
0.094616 0.57873 0.01453
0.095314 0.6105 0.014624
0.096016 0.58489 0.014239
0.096724 0.55987 0.014009
0.097436 0.58028 0.014114
0.098154 0.56319 0.013531
0.098878 0.55878 0.013599
0.099606 0.5441 0.013386
0.10034 0.53005 0.01289
0.10108 0.52174 0.012888
0.10182 0.51967 0.01272
0.10257 0.51725 0.012517
0.10333 0.49753 0.01237
0.10409 0.50215 0.012114
0.10486 0.50029 0.012185
0.10563 0.51297 0.012155
0.10641 0.4783 0.011699
0.10719 0.48797 0.011808
0.10798 0.48457 0.011475
0.10878 0.47407 0.011521
0.10958 0.47489 0.011211
0.11039 0.44789 0.011019
0.1112 0.47149 0.011015
0.11202 0.45965 0.011041
0.11285 0.43801 0.010465
0.11368 0.43672 0.010548
0.11452 0.4244 0.010133
0.11536 0.4448 0.010496
0.11621 0.4444 0.010319
0.11707 0.42121 0.01
0.11793 0.42992 0.01004
0.1188 0.41964 0.0097864
0.11967 0.40168 0.00965
0.12056 0.39581 0.0093682
0.12144 0.39839 0.0093533
0.12234 0.38797 0.0093014
0.12324 0.38511 0.0090268
0.12415 0.39555 0.0091406
0.12506 0.38938 0.0091253
0.12598 0.37957 0.0087614
0.12691 0.38235 0.0088134
0.12785 0.3564 0.0084667
0.12879 0.35884 0.0084618
0.12974 0.35868 0.0083289
0.1307 0.36027 0.0083007
0.13166 0.35632 0.0082379
0.13263 0.35494 0.0081574
0.13361 0.34715 0.007972
0.13459 0.3453 0.0079143
0.13558 0.34002 0.0077659
0.13658 0.33117 0.0077129
0.13759 0.32509 0.0075029
0.1386 0.33394 0.0075638
0.13962 0.32027 0.0073785
0.14065 0.32076 0.0072914
0.14169 0.30968 0.0071364
0.14273 0.321 0.0072283
0.14378 0.29791 0.0068935
0.14484 0.31122 0.0070054
0.14591 0.31642 0.0069999
0.14699 0.29371 0.006744
0.14807 0.30022 0.0067394
0.14916 0.301 0.0066928
0.15026 0.28362 0.0064491
0.15137 0.28563 0.0064506
0.15248 0.27654 0.0062797
0.15361 0.27385 0.0062283
0.15474 0.2671 0.0060978
0.15588 0.27385 0.0061406
0.15703 0.26981 0.0060377
0.15818 0.27493 0.0060509
0.15935 0.26762 0.0059377
0.16052 0.25608 0.0057525
0.16171 0.25854 0.0057526
0.1629 0.24336 0.0055607
0.1641 0.24556 0.0055363
0.16531 0.24411 0.0054935
0.16653 0.2488 0.0054809
0.16775 0.23143 0.0052681
0.16899 0.21774 0.005085
0.17023 0.22275 0.0051138
0.17149 0.23 0.0051428
0.17275 0.21691 0.0049571
0.17403 0.20998 0.0048647
0.17531 0.21409 0.0048798
0.1766 0.21165 0.0047891
0.1779 0.20947 0.0047557
0.17921 0.20423 0.004648
0.18053 0.19631 0.0045539
0.18186 0.19394 0.0044796
0.1832 0.19267 0.0044417
0.18455 0.19117 0.004396
0.18591 0.19096 0.004358
0.18728 0.17949 0.004198
0.18866 0.18254 0.0042242
0.19005 0.1728 0.004054
0.19145 0.16371 0.0039669
0.19286 0.16349 0.0039124
0.19429 0.15518 0.0038007
0.19572 0.15095 0.0037385
