#
0.0050184 10.272 0.5792
0.0050554 15.209 0.78784
0.0050926 11.578 0.68745
0.0051301 8.5764 0.52924
0.0051679 13.046 0.59582
0.005206 12.966 1.0288
0.0052444 16.472 1.6399
0.005283 NaN NaN
0.005322 9.7305 0.7277
0.0053612 9.3735 0.61866
0.0054007 13.047 0.59582
0.0054405 12.46 0.45102
0.0054806 11.469 0.55866
0.005521 11.36 0.55601
0.0055616 9.9449 0.56993
0.0056026 7.8582 0.50662
0.0056439 12.123 0.57433
0.0056855 10.762 0.76534
0.0057274 9.6181 0.88625
0.0057696 11.049 0.67154
0.0058121 9.8231 0.63328
0.0058549 9.4031 0.41303
0.0058981 10.218 0.74577
0.0059416 12.68 0.71939
0.0059853 11.368 0.51494
0.0060294 7.6615 0.79101
0.0060739 8.5282 0.32731
0.0061186 12.965 0.72744
0.0061637 10.865 0.47089
0.0062091 6.8455 0.35249
0.0062549 9.6843 0.56241
0.006301 8.6402 0.83998
0.0063474 5.9079 0.34734
0.0063942 9.7442 0.63064
0.0064413 7.1714 0.76534
0.0064888 7.3357 0.77399
0.0065366 8.4152 0.32513
0.0065847 7.6749 0.32321
0.0066333 5.7474 0.29219
0.0066821 7.6392 0.42217
0.0067314 6.5198 0.46152
0.006781 5.8028 0.4354
0.006831 7.6615 0.55933
0.0068813 6.906 0.37554
0.006932 6.4727 0.38866
0.0069831 6.0321 0.57304
0.0070345 7.4991 0.41829
0.0070864 5.3059 0.23278
0.0071386 6.3427 0.30688
0.0071912 5.1073 0.52734
0.0072442 5.847 0.34554
0.0072976 6.4293 0.3416
0.0073513 6.4381 0.29604
0.0074055 4.3358 0.29768
0.0074601 5.0833 0.4076
0.0075151 3.9082 0.56525
0.0075704 5.0524 0.30284
0.0076262 5.4236 0.2516
0.0076824 6.7568 0.31676
0.007739 4.9429 0.29956
0.0077961 4.3413 0.20429
0.0078535 3.0215 0.26578
0.0079114 5.7052 0.3413
0.0079697 4.834 0.51312
0.0080284 3.5826 0.34227
0.0080876 5.5667 0.26448
0.0081471 4.293 0.20316
0.0082072 4.146 0.24822
0.0082677 4.3755 0.226
0.0083286 3.4937 0.22788
0.00839 4.2349 0.33967
0.0084518 4.9064 0.29846
0.0085141 3.3316 0.20471
0.0085768 4.3167 0.22449
0.00864 3.6818 0.34691
0.0087037 3.6562 0.23313
0.0087678 3.4867 0.18313
0.0088324 4.1096 0.19315
0.0088975 3.5187 0.23981
0.0089631 3.7347 0.20882
0.0090291 2.7668 0.21275
0.0090956 3.7463 0.23595
0.0091627 3.0122 0.49627
0.0092302 3.7365 0.17932
0.0092982 3.2227 0.14818
0.0093667 3.5728 0.19107
0.0094357 2.6437 0.32889
0.0095053 3.3669 0.17025
0.0095753 4.5073 0.28609
0.0096459 3.3111 0.18998
0.0097169 2.6852 0.19134
0.0097885 3.3103 0.16056
0.0098607 3.0114 0.17546
0.0099333 2.6041 0.21756
0.010007 3.3284 0.14754
0.01008 2.4704 0.15898
0.010155 3.0766 0.22433
0.010229 2.9298 0.19985
0.010305 2.9293 0.17307
0.010381 2.8532 0.16569
0.010457 2.4576 0.12442
0.010534 2.477 0.13575
0.010612 2.4398 0.22343
0.01069 2.4501 0.15832
0.010769 2.9512 0.17941
0.010848 2.5027 0.13965
0.010928 2.2072 0.13118
0.011009 2.4408 0.12639
0.01109 2.3648 0.17256
0.011171 2.8445 0.14886
0.011254 1.8509 0.12979
0.011337 2.2313 0.1615
0.01142 2.3522 0.13226
0.011504 2.502 0.11883
0.011589 2.348 0.12927
0.011675 2.1482 0.13606
0.011761 2.1675 0.14044
0.011847 2.1582 0.17924
0.011935 2.4107 0.11872
0.012023 2.307 0.10865
0.012111 2.0896 0.13079
0.0122 1.935 0.12286
0.01229 2.2332 0.12889
0.012381 2.2366 0.12351
0.012472 1.8689 0.11798
0.012564 1.9943 0.11209
0.012657 2.0352 0.11111
0.01275 2.1143 0.10925
0.012844 1.9148 0.13199
0.012938 2.2014 0.11775
0.013034 1.8586 0.11505
0.01313 1.9808 0.085858
0.013227 2.0175 0.11061
0.013324 1.7682 0.13055
0.013422 2.0028 0.10824
0.013521 1.6651 0.11682
0.013621 2.1505 0.093826
0.013721 1.8617 0.099176
0.013822 2.2573 0.12158
0.013924 2.0055 0.095509
0.014027 1.6957 0.13179
0.01413 1.9329 0.093772
0.014234 1.904 0.090584
0.014339 1.5756 0.08356
0.014445 1.7333 0.10256
0.014551 1.778 0.13091
0.014658 1.7678 0.076882
0.014766 1.6295 0.08612
0.014875 1.8347 0.098475
0.014985 1.7505 0.096198
0.015095 1.7876 0.090199
0.015206 1.5816 0.087315
0.015319 1.5891 0.079697
0.015431 1.7943 0.080839
0.015545 1.5671 0.086919
0.01566 1.7446 0.10292
0.015775 1.8794 0.086649
0.015891 1.6404 0.072609
0.016008 1.5483 0.089055
0.016126 1.6114 0.083377
0.016245 1.6581 0.089401
0.016365 1.5688 0.069665
0.016486 1.7436 0.083483
0.016607 1.6082 0.071901
0.016729 1.5103 0.090853
0.016853 1.5778 0.074999
0.016977 1.6695 0.073241
0.017102 1.6639 0.076986
0.017228 1.7729 0.09382
0.017355 1.6328 0.067931
0.017483 1.5768 0.073386
0.017612 1.4836 0.073514
0.017741 1.8212 0.078028
0.017872 1.5761 0.074139
0.018004 1.5003 0.070878
0.018136 1.7595 0.067119
0.01827 1.7132 0.079885
0.018405 1.6886 0.085344
0.01854 1.5801 0.059169
0.018677 1.6692 0.075482
0.018815 1.6713 0.072583
0.018953 1.5516 0.068642
0.019093 1.543 0.06493
0.019234 1.6575 0.065154
0.019375 1.6437 0.07197
0.019518 1.823 0.076522
0.019662 1.6441 0.059941
0.019807 1.8482 0.071643
0.019953 1.7266 0.074489
0.0201 1.7852 0.065586
0.020248 1.7278 0.063151
0.020397 1.6898 0.066842
0.020547 1.971 0.075254
0.020699 1.67 0.063444
0.020851 1.7321 0.059937
0.021005 1.7906 0.070513
0.02116 1.6868 0.063761
0.021316 1.784 0.0597
0.021473 1.8822 0.069405
0.021631 1.8799 0.065853
0.02179 1.7587 0.062828
0.021951 1.9129 0.060708
0.022113 1.8066 0.065981
0.022276 1.9838 0.068123
0.02244 1.8629 0.056098
0.022605 1.743 0.067871
0.022772 1.955 0.062487
0.02294 1.8908 0.058019
0.023109 2.0608 0.063767
0.023279 1.9738 0.070517
0.02345 2.0234 0.058445
0.023623 2.0964 0.060435
0.023797 2.1585 0.071052
0.023973 2.2042 0.059193
0.024149 2.1745 0.063249
0.024327 2.2735 0.063955
0.024507 2.0313 0.060466
0.024687 2.3963 0.060543
0.024869 2.4231 0.068307
0.025052 2.3826 0.06037
0.025237 2.2056 0.062992
0.025423 2.4541 0.064682
0.02561 2.3553 0.059209
0.025799 2.4433 0.060852
0.025989 2.5503 0.069666
0.026181 2.3966 0.057414
0.026373 2.6454 0.06302
0.026568 2.8266 0.066053
0.026764 2.5077 0.059222
0.026961 2.7476 0.063927
0.027159 2.7944 0.065676
0.02736 2.6707 0.057759
0.027561 2.9186 0.06842
0.027764 2.8635 0.058908
0.027969 2.9768 0.065073
0.028175 2.897 0.061824
0.028383 3.0876 0.064607
0.028592 3.0657 0.063089
0.028802 3.1675 0.063376
0.029015 3.13 0.060259
0.029228 3.4248 0.067756
0.029444 3.0178 0.058755
0.029661 3.3532 0.062586
0.029879 3.2832 0.064769
0.0301 3.543 0.061738
0.030321 3.7446 0.070841
0.030545 3.3702 0.058329
0.03077 3.5553 0.063542
0.030997 3.5495 0.064855
0.031225 3.5964 0.058814
0.031455 3.693 0.065912
0.031687 3.9739 0.062002
0.03192 3.8537 0.064811
0.032156 3.7605 0.061989
0.032393 4.0659 0.062528
0.032631 4.0169 0.064467
0.032872 3.9692 0.061069
0.033114 4.3549 0.065095
0.033358 4.1439 0.063312
0.033604 4.3932 0.063339
0.033851 4.0819 0.059738
0.034101 4.6886 0.070087
0.034352 4.0747 0.056729
0.034605 4.6319 0.066151
0.03486 4.2808 0.06037
0.035117 4.762 0.063014
0.035376 4.2187 0.059623
0.035637 4.5725 0.062883
0.035899 4.4828 0.059641
0.036164 4.5902 0.060059
0.03643 4.4356 0.061775
0.036699 4.8821 0.059028
0.036969 4.9059 0.062387
0.037241 4.5912 0.059356
0.037516 4.9157 0.061852
0.037792 4.8599 0.058641
0.038071 4.754 0.058506
0.038351 4.7889 0.060338
0.038634 4.6738 0.055613
0.038919 4.8521 0.058464
0.039205 4.7652 0.056968
0.039494 4.8426 0.059048
0.039785 4.6058 0.052902
0.040079 4.6935 0.056304
0.040374 4.6618 0.053929
0.040671 4.8702 0.05771
0.040971 4.7857 0.053923
0.041273 4.6441 0.053521
0.041577 4.5988 0.052473
0.041883 4.6557 0.053387
0.042192 4.6209 0.053489
0.042503 4.4173 0.049475
0.042816 4.5972 0.051439
0.043132 4.3212 0.048688
0.04345 4.1318 0.04877
0.04377 4.3139 0.049142
0.044092 4.1643 0.047481
0.044417 4.1124 0.047028
0.044744 3.9056 0.044259
0.045074 4.0168 0.045879
0.045406 3.9849 0.045265
0.045741 3.6755 0.043138
0.046078 3.6765 0.04301
0.046417 3.4871 0.041261
0.04676 3.5729 0.04227
0.047104 3.3358 0.039427
0.047451 3.1371 0.037703
0.047801 3.1602 0.038161
0.048153 2.9788 0.036948
0.048508 2.8574 0.035215
0.048865 2.696 0.034578
0.049225 2.7685 0.034945
0.049588 2.543 0.032753
0.049954 2.5036 0.032541
0.050322 2.3763 0.032165
0.050693 2.2784 0.030091
0.051066 2.1487 0.029622
0.051442 2.1562 0.029311
0.051821 1.9807 0.02786
0.052203 1.9451 0.027544
0.052588 1.8812 0.02668
0.052975 1.7505 0.025801
0.053366 1.6852 0.024972
0.053759 1.5927 0.024144
0.054155 1.5518 0.0237
0.054554 1.444 0.022192
0.054956 1.4002 0.022156
0.055361 1.3635 0.021568
0.055769 1.2874 0.021181
0.05618 1.2369 0.020276
0.056594 1.1558 0.019485
0.057011 1.0822 0.018693
0.057431 1.0759 0.018786
0.057854 0.97999 0.017538
0.058281 0.93477 0.01723
0.05871 0.90771 0.016602
0.059143 0.8665 0.016207
0.059579 0.86618 0.016115
0.060018 0.81184 0.015369
0.06046 0.77464 0.014978
0.060905 0.75798 0.014687
0.061354 0.73973 0.014538
0.061806 0.71576 0.014098
0.062262 0.70008 0.013862
0.062721 0.65388 0.013195
0.063183 0.6358 0.013142
0.063648 0.63191 0.012879
0.064117 0.60701 0.012373
0.06459 0.5891 0.012228
0.065066 0.57295 0.011979
0.065545 0.57961 0.012059
0.066028 0.55438 0.011742
0.066515 0.54844 0.011337
0.067005 0.54081 0.011363
0.067499 0.53203 0.011321
0.067996 0.54314 0.01114
0.068497 0.52091 0.010751
0.069002 0.5178 0.010895
0.06951 0.50913 0.010539
0.070023 0.5059 0.010425
0.070539 0.48892 0.010331
0.071058 0.49345 0.010126
0.071582 0.47432 0.0098629
0.072109 0.47537 0.0099485
0.072641 0.4742 0.0097723
0.073176 0.47899 0.0097794
0.073715 0.45367 0.0094478
0.074258 0.45861 0.0093386
0.074806 0.44654 0.0092875
0.075357 0.43987 0.0091076
0.075912 0.43323 0.0089796
0.076472 0.43152 0.0087799
0.077035 0.42362 0.0087971
0.077603 0.4297 0.0087442
0.078175 0.41838 0.0085308
0.078751 0.41733 0.0084892
0.079331 0.40446 0.0083038
0.079916 0.40889 0.0083009
0.080504 0.39555 0.008153
0.081098 0.39184 0.0078695
0.081695 0.37324 0.0078785
0.082297 0.37967 0.0076278
0.082904 0.37984 0.0077425
0.083515 0.35248 0.0072679
0.08413 0.34886 0.0072998
0.08475 0.34797 0.0072649
0.085374 0.32919 0.0069514
0.086004 0.31311 0.006826
0.086637 0.3137 0.006628
0.087276 0.3011 0.0064519
0.087919 0.30099 0.0065226
0.088567 0.29705 0.0063973
0.089219 0.29374 0.0063282
0.089877 0.2804 0.0060974
0.090539 0.27433 0.0059862
0.091206 0.27747 0.0059711
0.091878 0.25984 0.005799
0.092555 0.2531 0.0056793
0.093237 0.25788 0.0056158
0.093924 0.24154 0.0054097
0.094616 0.24123 0.0054432
0.095314 0.23652 0.005288
0.096016 0.22157 0.0050925
0.096724 0.21481 0.0050409
0.097436 0.22349 0.0050884
0.098154 0.21094 0.0048127
0.098878 0.20667 0.0048073
0.099606 0.1872 0.0045697
0.10034 0.19313 0.0045238
0.10108 0.19435 0.0045712
0.10182 0.18525 0.004417
0.10257 0.17738 0.0042664
0.10333 0.17252 0.0042387
0.10409 0.17171 0.0041233
0.10486 0.16049 0.0040223
0.10563 0.16448 0.0040113
0.10641 0.15997 0.00394
0.10719 0.15442 0.0038727
0.10798 0.14976 0.0037213
0.10878 0.15168 0.0037986
0.10958 0.15167 0.0036932
0.11039 0.1432 0.0036321
0.1112 0.14177 0.0035259
0.11202 0.14237 0.0035846
0.11285 0.13559 0.0033969
0.11368 0.13895 0.0034689
0.11452 0.13039 0.0032776
0.11536 0.13207 0.0033402
0.11621 0.12681 0.0032225
0.11707 0.12428 0.0031733
0.11793 0.12472 0.0031603
0.1188 0.1219 0.003083
0.11967 0.12277 0.0031142
0.12056 0.12009 0.003013
0.12144 0.11537 0.0029426
0.12234 0.11557 0.0029659
0.12324 0.11719 0.0029075
0.12415 0.11068 0.0028298
0.12506 0.10852 0.0028199
0.12598 0.10909 0.0027473
0.12691 0.10654 0.0027235
0.12785 0.10715 0.0027123
0.12879 0.10483 0.0026745
0.12974 0.10112 0.0025888
0.1307 0.10323 0.0025998
0.13166 0.09962 0.0025508
0.13263 0.096296 0.0024907
0.13361 0.093888 0.0024308
0.13459 0.090706 0.0023809
0.13558 0.091049 0.0023573
0.13658 0.091966 0.0023816
0.13759 0.091747 0.0023343
0.1386 0.087819 0.0022772
0.13962 0.08799 0.0022675
0.14065 0.089453 0.0022562
0.14169 0.088984 0.0022397
0.14273 0.087134 0.0022089
0.14378 0.088131 0.0021931
0.14484 0.081845 0.0021104
0.14591 0.080902 0.0020813
0.14699 0.082787 0.0020984
0.14807 0.077969 0.0020191
0.14916 0.081879 0.0020483
0.15026 0.075413 0.0019539
0.15137 0.072085 0.0019083
0.15248 0.072221 0.0018874
0.15361 0.070523 0.0018602
0.15474 0.069916 0.0018355
0.15588 0.072848 0.0018614
0.15703 0.068341 0.0017901
0.15818 0.070966 0.0018091
0.15935 0.065959 0.001739
0.16052 0.069521 0.001761
0.16171 0.066471 0.0017182
0.1629 0.062829 0.0016648
0.1641 0.063452 0.0016581
0.16531 0.061875 0.0016312
0.16653 0.064561 0.0016443
0.16775 0.05946 0.0015749
0.16899 0.058663 0.0015538
0.17023 0.058386 0.0015431
0.17149 0.057571 0.0015197
0.17275 0.057839 0.0015076
0.17403 0.056393 0.0014848
0.17531 0.053352 0.0014406
0.1766 0.054739 0.0014374
0.1779 0.052812 0.0014115
0.17921 0.052578 0.0013928
0.18053 0.050315 0.0013627
0.18186 0.052929 0.0013782
0.1832 0.049822 0.0013346
0.18455 0.048663 0.0013121
0.18591 0.045552 0.0012646
0.18728 0.046243 0.0012605
0.18866 0.044245 0.001235
0.19005 0.044953 0.0012232
0.19145 0.042735 0.0011996
0.19286 0.043286 0.0011904
0.19429 0.041887 0.0011669
0.19572 0.040922 0.0011505
