#
0.0050184 10.645 0.64725
0.0050554 13.752 0.82238
0.0050926 12.032 0.76927
0.0051301 8.4062 0.57516
0.0051679 12.998 0.65283
0.005206 14.54 1.1958
0.0052444 15.717 1.7583
0.005283 NaN NaN
0.005322 10.281 0.82108
0.0053612 12.964 0.79854
0.0054007 12.574 0.64205
0.0054405 11.944 0.48474
0.0054806 10.508 0.58702
0.005521 10.836 0.5961
0.0055616 11.234 0.66492
0.0056026 10.372 0.63883
0.0056439 10.248 0.57966
0.0056855 10.607 0.83405
0.0057274 10.507 1.0168
0.0057696 14.245 0.83694
0.0058121 10.065 0.70367
0.0058549 9.7997 0.46285
0.0058981 9.1652 0.77535
0.0059416 10.509 0.71896
0.0059853 9.4268 0.51479
0.0060294 7.6577 0.86811
0.0060739 8.5205 0.35913
0.0061186 12.278 0.77708
0.0061637 10.633 0.51134
0.0062091 7.2207 0.3974
0.0062549 9.1512 0.60015
0.006301 8.8369 0.9325
0.0063474 7.0194 0.41557
0.0063942 6.7758 0.57734
0.0064413 6.6741 0.81055
0.0064888 7.7567 0.87365
0.0065366 8.3541 0.35561
0.0065847 7.248 0.34481
0.0066333 6.424 0.33909
0.0066821 6.8164 0.43778
0.0067314 6.2822 0.49733
0.006781 5.3398 0.45852
0.006831 7.1663 0.59384
0.0068813 8.2465 0.45044
0.006932 6.8714 0.43958
0.0069831 7.0708 0.681
0.0070345 6.3106 0.42126
0.0070864 5.1638 0.2521
0.0071386 6.3012 0.33578
0.0071912 5.3668 0.59339
0.0072442 5.3734 0.36365
0.0072976 7.3746 0.40158
0.0073513 6.3313 0.32228
0.0074055 4.7076 0.3405
0.0074601 4.9841 0.44309
0.0075151 5.0035 0.70196
0.0075704 5.0168 0.33127
0.0076262 4.8914 0.26233
0.0076824 6.8359 0.34975
0.007739 4.8193 0.32472
0.0077961 4.5943 0.2307
0.0078535 3.8368 0.32872
0.0079114 4.6373 0.33783
0.0079697 3.0062 0.44444
0.0080284 4.4342 0.41795
0.0080876 5.8296 0.2971
0.0081471 4.4552 0.2272
0.0082072 4.4768 0.28314
0.0082677 4.3588 0.24763
0.0083286 3.2619 0.24176
0.00839 4.5779 0.38768
0.0084518 5.8238 0.35692
0.0085141 3.4392 0.22834
0.0085768 3.9509 0.23581
0.00864 3.5708 0.37507
0.0087037 3.6185 0.25463
0.0087678 3.9578 0.21417
0.0088324 3.6953 0.20109
0.0088975 3.964 0.2794
0.0089631 4.1766 0.2424
0.0090291 2.9009 0.23916
0.0090956 4.0846 0.27045
0.0091627 2.4495 0.49147
0.0092302 4.0464 0.20486
0.0092982 3.0881 0.15926
0.0093667 3.0512 0.19388
0.0094357 2.1038 0.32228
0.0095053 3.0734 0.17861
0.0095753 4.6003 0.31729
0.0096459 3.3208 0.20887
0.0097169 2.8419 0.2161
0.0097885 2.9492 0.16641
0.0098607 2.7803 0.18512
0.0099333 2.6786 0.24225
0.010007 3.4124 0.16401
0.01008 2.5586 0.17763
0.010155 2.763 0.23344
0.010229 2.4813 0.20198
0.010305 3.0745 0.19466
0.010381 2.8939 0.18321
0.010457 2.5602 0.13942
0.010534 2.3677 0.14574
0.010612 2.2759 0.23698
0.01069 2.5218 0.17635
0.010769 2.7167 0.18902
0.010848 2.725 0.15997
0.010928 2.2286 0.14472
0.011009 2.3195 0.13529
0.01109 2.093 0.17829
0.011171 2.856 0.16376
0.011254 1.5746 0.13151
0.011337 2.5478 0.18944
0.01142 2.262 0.14241
0.011504 2.3568 0.12664
0.011589 2.3759 0.14277
0.011675 2.5467 0.16261
0.011761 1.8469 0.1424
0.011847 2.3142 0.20377
0.011935 2.6165 0.13578
0.012023 1.9992 0.11109
0.012111 1.9966 0.14039
0.0122 1.7977 0.13005
0.01229 2.2348 0.14157
0.012381 1.9902 0.12795
0.012472 1.9835 0.13344
0.012564 1.9112 0.12051
0.012657 2.1607 0.12569
0.01275 1.8829 0.11323
0.012844 1.8701 0.14324
0.012938 1.9641 0.12215
0.013034 1.9572 0.12963
0.01313 1.7922 0.089694
0.013227 1.87 0.11695
0.013324 1.6909 0.14021
0.013422 1.8583 0.11451
0.013521 1.5638 0.12434
0.013621 1.834 0.095174
0.013721 1.6849 0.10362
0.013822 1.9018 0.12258
0.013924 1.8155 0.099801
0.014027 1.5269 0.13737
0.01413 1.6461 0.095057
0.014234 1.7869 0.096371
0.014339 1.5104 0.089856
0.014445 1.8843 0.11741
0.014551 1.6564 0.13877
0.014658 1.6845 0.082419
0.014766 1.6847 0.096149
0.014875 1.4241 0.095336
0.014985 1.8173 0.10762
0.015095 1.5639 0.092674
0.015206 1.6685 0.098466
0.015319 1.4303 0.083051
0.015431 1.5894 0.083579
0.015545 1.6104 0.096753
0.01566 1.3373 0.099035
0.015775 1.5402 0.086176
0.015891 1.4212 0.074248
0.016008 1.4845 0.095768
0.016126 1.5327 0.089308
0.016245 1.5466 0.094834
0.016365 1.6564 0.078599
0.016486 1.6067 0.088024
0.016607 1.5867 0.078433
0.016729 1.4592 0.098078
0.016853 1.3411 0.075972
0.016977 1.5566 0.077671
0.017102 1.5174 0.08075
0.017228 1.6296 0.098792
0.017355 1.5434 0.072539
0.017483 1.5188 0.079101
0.017612 1.3767 0.077783
0.017741 1.6244 0.080941
0.017872 1.4973 0.079364
0.018004 1.3462 0.073762
0.018136 1.5454 0.069098
0.01827 1.577 0.084184
0.018405 1.7343 0.094973
0.01854 1.4175 0.061564
0.018677 1.5278 0.079313
0.018815 1.6204 0.078489
0.018953 1.4288 0.072356
0.019093 1.5772 0.072085
0.019234 1.5147 0.068412
0.019375 1.5077 0.075708
0.019518 1.6451 0.079842
0.019662 1.6138 0.065216
0.019807 1.4437 0.069577
0.019953 1.6562 0.080121
0.0201 1.6304 0.068842
0.020248 1.3783 0.061978
0.020397 1.7441 0.074567
0.020547 1.7435 0.077737
0.020699 1.5176 0.066433
0.020851 1.6562 0.064367
0.021005 1.5308 0.071622
0.02116 1.798 0.072278
0.021316 1.653 0.063114
0.021473 1.6717 0.071844
0.021631 1.808 0.07092
0.02179 1.723 0.06829
0.021951 1.7449 0.063678
0.022113 1.821 0.072739
0.022276 1.7834 0.07094
0.02244 1.8067 0.060668
0.022605 1.6243 0.07196
0.022772 1.871 0.067131
0.02294 1.6669 0.059834
0.023109 1.912 0.067454
0.023279 1.8698 0.075372
0.02345 1.8683 0.061675
0.023623 1.869 0.062674
0.023797 2.1006 0.076966
0.023973 1.9551 0.061228
0.024149 1.9815 0.066306
0.024327 2.1947 0.068998
0.024507 1.9785 0.065529
0.024687 2.1301 0.062686
0.024869 2.1399 0.070497
0.025052 2.1649 0.063196
0.025237 1.9984 0.065849
0.025423 2.4447 0.070882
0.02561 2.2013 0.06286
0.025799 2.2738 0.064462
0.025989 2.4554 0.075057
0.026181 2.3141 0.061948
0.026373 2.4441 0.066516
0.026568 2.4651 0.067742
0.026764 2.2768 0.061968
0.026961 2.5632 0.067799
0.027159 2.4411 0.067411
0.02736 2.5828 0.062368
0.027561 2.7202 0.07253
0.027764 2.5586 0.061147
0.027969 2.7624 0.06883
0.028175 2.9274 0.068232
0.028383 2.7222 0.066617
0.028592 3.0288 0.068849
0.028802 2.8454 0.065958
0.029015 2.8841 0.063515
0.029228 3.1803 0.071689
0.029444 2.9498 0.063779
0.029661 3.2057 0.067187
0.029879 2.8865 0.066686
0.0301 3.3308 0.065724
0.030321 3.4978 0.075173
0.030545 3.0919 0.061344
0.03077 3.6007 0.070204
0.030997 3.4473 0.070171
0.031225 3.5083 0.063775
0.031455 3.4663 0.07011
0.031687 3.6208 0.064981
0.03192 3.7176 0.069886
0.032156 3.8966 0.069271
0.032393 3.9051 0.067276
0.032631 3.8179 0.069002
0.032872 3.9979 0.067285
0.033114 4.1279 0.06958
0.033358 3.8093 0.066647
0.033604 4.178 0.067814
0.033851 4.0547 0.065363
0.034101 4.3695 0.074283
0.034352 4.0885 0.062384
0.034605 4.5361 0.071867
0.03486 4.0894 0.06478
0.035117 4.6318 0.068226
0.035376 4.3043 0.066115
0.035637 4.6809 0.069845
0.035899 4.5962 0.066296
0.036164 4.5651 0.065754
0.03643 4.5523 0.068703
0.036699 4.9418 0.065194
0.036969 4.7395 0.067319
0.037241 4.661 0.065654
0.037516 4.84 0.067377
0.037792 4.6508 0.062978
0.038071 4.8857 0.06511
0.038351 4.8359 0.066562
0.038634 4.7896 0.061802
0.038919 4.9296 0.064692
0.039205 5.1176 0.064807
0.039494 5.0366 0.066105
0.039785 4.753 0.058996
0.040079 4.9762 0.063642
0.040374 4.6237 0.058961
0.040671 4.947 0.06385
0.040971 4.711 0.058733
0.041273 4.7041 0.059133
0.041577 4.6136 0.057698
0.041883 4.5031 0.057642
0.042192 4.6921 0.05917
0.042503 4.3375 0.053822
0.042816 4.4877 0.055795
0.043132 4.3761 0.053789
0.04345 4.3112 0.054689
0.04377 4.194 0.053195
0.044092 4.1896 0.052284
0.044417 3.985 0.050825
0.044744 3.8628 0.048322
0.045074 3.8046 0.049022
0.045406 3.7646 0.048304
0.045741 3.6417 0.047141
0.046078 3.4626 0.045828
0.046417 3.4804 0.045255
0.04676 3.3576 0.044989
0.047104 3.1473 0.042048
0.047451 3.1418 0.041424
0.047801 3.0358 0.041066
0.048153 2.9092 0.04009
0.048508 2.6894 0.037513
0.048865 2.6614 0.037721
0.049225 2.5669 0.036948
0.049588 2.4278 0.03514
0.049954 2.3629 0.034714
0.050322 2.283 0.034618
0.050693 2.1499 0.032098
0.051066 2.1067 0.032207
0.051442 1.9643 0.030724
0.051821 1.8966 0.029937
0.052203 1.7905 0.029023
0.052588 1.7651 0.028382
0.052975 1.6715 0.027688
0.053366 1.5642 0.026425
0.053759 1.5182 0.025889
0.054155 1.4429 0.025102
0.054554 1.3758 0.023792
0.054956 1.2996 0.023447
0.055361 1.2834 0.022985
0.055769 1.24 0.022833
0.05618 1.1546 0.021521
0.056594 1.1341 0.021201
0.057011 1.0898 0.020603
0.057431 1.054 0.020426
0.057854 0.98741 0.019337
0.058281 0.91512 0.018729
0.05871 0.90784 0.018239
0.059143 0.88678 0.01801
0.059579 0.87306 0.017773
0.060018 0.8273 0.017042
0.06046 0.80022 0.016722
0.060905 0.77701 0.016335
0.061354 0.75489 0.016134
0.061806 0.76269 0.015984
0.062262 0.75084 0.015768
0.062721 0.70944 0.015096
0.063183 0.71296 0.015281
0.063648 0.69785 0.014864
0.064117 0.68659 0.014449
0.06459 0.65295 0.014137
0.065066 0.63515 0.013852
0.065545 0.64578 0.013979
0.066028 0.64158 0.013868
0.066515 0.63206 0.013363
0.067005 0.64361 0.013607
0.067499 0.65157 0.01375
0.067996 0.59244 0.012779
0.068497 0.59964 0.012666
0.069002 0.59387 0.012812
0.06951 0.595 0.012508
0.070023 0.59266 0.012387
0.070539 0.59915 0.012551
0.071058 0.56613 0.011909
0.071582 0.56926 0.01186
0.072109 0.59817 0.012245
0.072641 0.5878 0.01194
0.073176 0.57542 0.011765
0.073715 0.55778 0.011497
0.074258 0.55184 0.011244
0.074806 0.52723 0.011079
0.075357 0.54917 0.011167
0.075912 0.53386 0.010939
0.076472 0.50507 0.010429
0.077035 0.51816 0.010678
0.077603 0.51769 0.010535
0.078175 0.5125 0.010362
0.078751 0.48971 0.010096
0.079331 0.49616 0.010093
0.079916 0.47885 0.0098626
0.080504 0.47377 0.0097944
0.081098 0.47021 0.0094627
0.081695 0.47188 0.009719
0.082297 0.46141 0.009229
0.082904 0.43579 0.009107
0.083515 0.45031 0.0090117
0.08413 0.44915 0.0090855
0.08475 0.44465 0.0090088
0.085374 0.41978 0.0086111
0.086004 0.41405 0.0086074
0.086637 0.41949 0.0084035
0.087276 0.40084 0.008162
0.087919 0.38474 0.008089
0.088567 0.37538 0.0078892
0.089219 0.40184 0.0081125
0.089877 0.36368 0.0076152
0.090539 0.37927 0.007713
0.091206 0.35875 0.0074462
0.091878 0.35161 0.0073936
0.092555 0.35195 0.0073374
0.093237 0.35514 0.0072216
0.093924 0.34132 0.0070435
0.094616 0.33174 0.0069937
0.095314 0.32283 0.0067695
0.096016 0.30559 0.0065512
0.096724 0.30279 0.0065535
0.097436 0.30713 0.0065347
0.098154 0.29879 0.0062715
0.098878 0.2951 0.0062886
0.099606 0.28982 0.0062152
0.10034 0.28058 0.0059668
0.10108 0.27938 0.0059983
0.10182 0.26227 0.0057527
0.10257 0.26693 0.0057224
0.10333 0.26493 0.0057405
0.10409 0.25335 0.0054771
0.10486 0.25531 0.0055394
0.10563 0.25058 0.0054108
0.10641 0.24634 0.0053418
0.10719 0.244 0.0053153
0.10798 0.24081 0.0051498
0.10878 0.23604 0.0051748
0.10958 0.22505 0.004917
0.11039 0.231 0.0050332
0.1112 0.21696 0.0047631
0.11202 0.22125 0.0048786
0.11285 0.21149 0.0046301
0.11368 0.21328 0.0046928
0.11452 0.19891 0.0044194
0.11536 0.20741 0.004567
0.11621 0.19883 0.0044017
0.11707 0.20081 0.0043971
0.11793 0.20248 0.0043891
0.1188 0.19468 0.0042471
0.11967 0.19254 0.0042534
0.12056 0.1874 0.0041048
0.12144 0.18831 0.0040951
0.12234 0.18329 0.004071
0.12324 0.18428 0.0039749
0.12415 0.17813 0.0039104
0.12506 0.18534 0.0040083
0.12598 0.18425 0.0038843
0.12691 0.18137 0.0038648
0.12785 0.17482 0.0037713
0.12879 0.1759 0.0037679
0.12974 0.17236 0.0036741
0.1307 0.17692 0.0036997
0.13166 0.17031 0.0036244
0.13263 0.15996 0.0034902
0.13361 0.16008 0.003448
0.13459 0.16411 0.0034725
0.13558 0.15972 0.0033883
0.13658 0.14971 0.0033042
0.13759 0.16472 0.0033929
0.1386 0.15176 0.0032485
0.13962 0.15312 0.0032455
0.14065 0.15284 0.0032022
0.14169 0.14814 0.0031393
0.14273 0.14936 0.0031389
0.14378 0.1466 0.0030729
0.14484 0.13836 0.002977
0.14591 0.13904 0.0029586
0.14699 0.13846 0.0029457
0.14807 0.13304 0.0028595
0.14916 0.1341 0.0028468
0.15026 0.13423 0.0028218
0.15137 0.127 0.0027409
0.15248 0.12663 0.0027052
0.15361 0.12473 0.0026763
0.15474 0.1234 0.0026373
0.15588 0.12165 0.0026078
0.15703 0.11709 0.0025362
0.15818 0.12303 0.0025787
0.15935 0.11682 0.0025009
0.16052 0.11853 0.0024898
0.16171 0.11601 0.0024541
0.1629 0.11673 0.0024466
0.1641 0.1099 0.0023586
0.16531 0.11163 0.0023639
0.16653 0.10341 0.0022564
0.16775 0.1068 0.0022759
0.16899 0.1078 0.0022688
0.17023 0.10371 0.002218
0.17149 0.10167 0.002178
0.17275 0.1031 0.0021705
0.17403 0.1009 0.0021402
0.17531 0.097602 0.0020956
0.1766 0.094882 0.0020408
0.1779 0.090829 0.0019958
0.17921 0.091982 0.0019847
0.18053 0.089247 0.0019524
0.18186 0.085451 0.0018933
0.1832 0.088522 0.0019134
0.18455 0.086804 0.0018835
0.18591 0.083685 0.0018372
0.18728 0.07818 0.0017647
0.18866 0.080091 0.0017817
0.19005 0.076069 0.0017121
0.19145 0.076668 0.0017221
0.19286 0.076958 0.0017023
0.19429 0.074921 0.001672
0.19572 0.07178 0.001633
