#
0.0050184 4.7341 3.8091
0.0050554 33.067 10.645
0.0050926 827.43 52.795
0.0051301 12.934 6.0218
0.0051679 26.308 7.7739
0.005206 699.66 68.655
0.0052444 120.53 40.393
0.005283 NaN NaN
0.005322 13.014 7.7741
0.0053612 16.097 7.5273
0.0054007 122.89 16.642
0.0054405 34.453 6.8657
0.0054806 21.82 7.0967
0.005521 1092.2 49.522
0.0055616 15.45 6.5966
0.0056026 729.22 44.33
0.0056439 30.905 8.3967
0.0056855 -0.60512 NaN
0.0057274 1029.3 83.272
0.0057696 12.952 6.7326
0.0058121 16.167 7.5273
0.0058549 12.932 4.4884
0.0058981 250.73 33.586
0.0059416 29.713 10.099
0.0059853 10.902 4.712
0.0060294 6.1038 6.7332
0.0060739 376.43 19.76
0.0061186 49.921 13.037
0.0061637 319.27 23.199
0.0062091 15.82 4.9621
0.0062549 314.39 29.128
0.006301 12.813 9.5215
0.0063474 4.4615 2.9157
0.0063942 36.585 11.164
0.0064413 275.34 43.107
0.0064888 26.347 13.465
0.0065366 12.888 3.7346
0.0065847 83.512 9.7172
0.0066333 228.22 16.738
0.0066821 280.28 23.242
0.0067314 15.571 6.5966
0.006781 295.71 28.243
0.006831 2.7377 3.3672
0.0068813 17.821 5.5824
0.006932 89.778 13.187
0.0069831 13.03 7.7741
0.0070345 7.1287 3.8474
0.0070864 7.8072 2.6615
0.0071386 104.76 11.351
0.0071912 466.31 45.77
0.0072442 214.87 19.042
0.0072976 5.4101 2.9926
0.0073513 92.539 10.222
0.0074055 2.6504 2.3811
0.0074601 104.39 16.817
0.0075151 19.545 11.661
0.0075704 6.994 3.3456
0.0076262 15.715 3.9656
0.0076824 49.576 7.8378
0.007739 105.67 12.606
0.0077961 84.185 8.1928
0.0078535 137.76 16.321
0.0079114 6.2492 3.3665
0.0079697 134.08 24.583
0.0080284 4.7899 3.809
0.0080876 8.8059 3.1075
0.0081471 23.972 4.41
0.0082072 6.7306 2.9987
0.0082677 85.991 9.124
0.0083286 74.078 9.5601
0.00839 125.04 16.793
0.0084518 5.4152 2.9926
0.0085141 30.481 5.6731
0.0085768 9.9674 3.19
0.00864 4.9016 3.8089
0.0087037 25.061 5.6095
0.0087678 20.796 4.1157
0.0088324 79.549 7.7377
0.0088975 11.634 4.0396
0.0089631 36.966 6.0062
0.0090291 37.114 7.1249
0.0090956 4.3503 2.4485
0.0091627 53.322 19.042
0.0092302 4.3113 1.8753
0.0092982 8.9768 2.3134
0.0093667 58.345 7.0408
0.0094357 9.4466 5.8309
0.0095053 41.132 5.4434
0.0095753 56.26 9.2224
0.0096459 4.8303 2.1991
0.0097169 10.631 3.5485
0.0097885 2.5874 1.4342
0.0098607 36.422 5.5822
0.0099333 41.336 7.9165
0.010007 25.824 3.7702
0.01008 27.972 4.9071
0.010155 6.1224 3.0112
0.010229 7.2491 2.969
0.010305 6.9279 2.5249
0.010381 5.7448 2.2405
0.010457 23.614 3.5505
0.010534 19.562 3.516
0.010612 29.649 7.1408
0.01069 1.8904 1.4582
0.010769 5.6472 2.3753
0.010848 5.8287 2.0279
0.010928 3.8875 1.6967
0.011009 20.448 3.3636
0.01109 24.242 5.0742
0.011171 16.083 3.2695
0.011254 0.12997 0.74909
0.011337 4.2734 2.1509
0.01142 1.9212 1.2245
0.011504 6.3432 1.7985
0.011589 20.47 3.5126
0.011675 0.098632 0.70971
0.011761 17.283 3.6648
0.011847 14.062 4.2405
0.011935 2.2469 1.1783
0.012023 3.1265 1.2627
0.012111 10.854 2.776
0.0122 11.559 2.795
0.01229 14.132 2.9985
0.012381 6.7153 2.0231
0.012472 3.6536 1.6197
0.012564 2.9877 1.3706
0.012657 7.8604 2.0564
0.01275 13.815 2.5852
0.012844 3.9089 1.8327
0.012938 7.6467 2.0717
0.013034 7.0154 2.111
0.01313 4.3196 1.2243
0.013227 8.8888 2.1739
0.013324 12.846 3.2659
0.013422 6.5764 1.8627
0.013521 2.0808 1.347
0.013621 2.7505 1.0648
0.013721 4.2116 1.4408
0.013822 13.381 2.7464
0.013924 2.792 1.1224
0.014027 5.274 2.2269
0.01413 2.409 1.0582
0.014234 4.3935 1.326
0.014339 5.9238 1.5442
0.014445 6.3817 1.8662
0.014551 1.7737 1.3724
0.014658 1.6131 0.77757
0.014766 2.0569 0.98992
0.014875 2.8486 1.2289
0.014985 3.7218 1.3738
0.015095 5.3778 1.4963
0.015206 1.4092 0.88596
0.015319 2.3948 0.98553
0.015431 2.6407 0.99271
0.015545 8.1278 1.8577
0.01566 5.3188 1.7278
0.015775 1.0585 0.73479
0.015891 2.5603 0.91487
0.016008 4.8969 1.5174
0.016126 2.9296 1.1208
0.016245 2.9659 1.1884
0.016365 0.64843 0.56855
0.016486 2.0017 0.92925
0.016607 5.4452 1.2664
0.016729 4.3443 1.4889
0.016853 1.4023 0.77486
0.016977 2.5904 0.91485
0.017102 2.0637 0.87846
0.017228 3.0755 1.2244
0.017355 1.9397 0.77027
0.017483 1.3575 0.74256
0.017612 4.5291 1.2339
0.017741 2.1646 0.86928
0.017872 4.8588 1.249
0.018004 2.8949 0.99109
0.018136 3.3871 0.91729
0.01827 1.8229 0.86592
0.018405 3.626 1.2278
0.01854 1.9253 0.6811
0.018677 1.9699 0.84186
0.018815 1.452 0.73276
0.018953 1.614 0.7484
0.019093 2.0994 0.77768
0.019234 1.4958 0.66563
0.019375 3.5746 1.036
0.019518 2.8417 0.9522
0.019662 2.2711 0.71838
0.019807 2.3419 0.82314
0.019953 4.3947 1.1511
0.0201 2.365 0.76716
0.020248 3.9404 0.92928
0.020397 2.6127 0.8414
0.020547 2.7151 0.88414
0.020699 2.1657 0.74117
0.020851 2.8208 0.76246
0.021005 2.3767 0.82313
0.02116 0.97348 0.56044
0.021316 1.3943 0.56911
0.021473 4.8809 1.073
0.021631 3.5959 0.88973
0.02179 2.3563 0.73806
0.021951 3.3929 0.79225
0.022113 1.5552 0.65706
0.022276 4.0373 0.94255
0.02244 2.1394 0.62104
0.022605 1.5764 0.6871
0.022772 2.3636 0.69691
0.02294 2.2025 0.63819
0.023109 3.1171 0.77824
0.023279 2.7387 0.82886
0.02345 2.3339 0.63634
0.023623 1.6689 0.57325
0.023797 3.4496 0.88171
0.023973 2.915 0.67949
0.024149 3.0274 0.74139
0.024327 1.7582 0.59213
0.024507 2.0393 0.62803
0.024687 2.8095 0.65409
0.024869 3.2011 0.77627
0.025052 3.1818 0.68945
0.025237 3.4033 0.76906
0.025423 3.3314 0.74239
0.02561 2.8986 0.65941
0.025799 3.0036 0.6716
0.025989 4.0828 0.85777
0.026181 3.2471 0.65996
0.026373 2.1079 0.57965
0.026568 2.9381 0.67238
0.026764 2.5312 0.5982
0.026961 1.8511 0.54767
0.027159 2.9429 0.67238
0.02736 1.8529 0.50377
0.027561 4.1313 0.79225
0.027764 2.2877 0.53732
0.027969 2.9071 0.64151
0.028175 2.429 0.57481
0.028383 1.9405 0.53392
0.028592 3.1152 0.63242
0.028802 3.1306 0.62647
0.029015 2.5278 0.54878
0.029228 3.5867 0.68055
0.029444 3.915 0.65253
0.029661 4.2089 0.68025
0.029879 3.3975 0.64865
0.0301 3.4714 0.60099
0.030321 3.4782 0.67154
0.030545 3.5488 0.58789
0.03077 3.7714 0.64123
0.030997 3.8742 0.66195
0.031225 4.084 0.60855
0.031455 3.7465 0.65001
0.031687 3.3826 0.56355
0.03192 4.9665 0.70698
0.032156 4.3847 0.64657
0.032393 4.4891 0.6338
0.032631 4.2812 0.64357
0.032872 4.8897 0.65221
0.033114 4.5945 0.64634
0.033358 4.6585 0.64744
0.033604 4.2794 0.60663
0.033851 3.7846 0.56254
0.034101 4.8389 0.68526
0.034352 4.7901 0.59276
0.034605 5.7138 0.70064
0.03486 5.3703 0.64672
0.035117 3.5341 0.5323
0.035376 4.3194 0.58499
0.035637 5.6101 0.66466
0.035899 4.4958 0.57743
0.036164 3.5368 0.51805
0.03643 3.8461 0.56267
0.036699 5.6395 0.60551
0.036969 5.0855 0.60983
0.037241 4.7136 0.57954
0.037516 4.7847 0.58782
0.037792 3.8046 0.50832
0.038071 4.0229 0.52403
0.038351 5.271 0.60736
0.038634 4.3635 0.52018
0.038919 5.0397 0.57177
0.039205 4.7067 0.54699
0.039494 6.1709 0.63348
0.039785 4.9487 0.52752
0.040079 5.1714 0.56758
0.040374 4.0245 0.48771
0.040671 5.4322 0.58293
0.040971 4.7216 0.5155
0.041273 4.0219 0.48487
0.041577 4.5356 0.50314
0.041883 4.8429 0.52425
0.042192 4.3411 0.50249
0.042503 4.6016 0.4875
0.042816 5.0794 0.51953
0.043132 3.4562 0.42882
0.04345 4.5111 0.49288
0.04377 4.633 0.49034
0.044092 4.8607 0.49464
0.044417 4.7529 0.48738
0.044744 3.6147 0.4173
0.045074 4.1476 0.45279
0.045406 3.964 0.4402
0.045741 3.3113 0.40434
0.046078 3.7402 0.4247
0.046417 3.1667 0.38986
0.04676 3.8648 0.42809
0.047104 3.4232 0.39325
0.047451 2.5437 0.34201
0.047801 3.9047 0.41392
0.048153 3.6199 0.39932
0.048508 3.8362 0.39787
0.048865 2.7578 0.35017
0.049225 3.0244 0.3631
0.049588 2.8704 0.3472
0.049954 2.5225 0.33025
0.050322 2.7773 0.34737
0.050693 2.5044 0.31871
0.051066 2.5604 0.32572
0.051442 2.4523 0.31611
0.051821 2.2128 0.30063
0.052203 3.0281 0.34096
0.052588 1.8941 0.27831
0.052975 2.3012 0.30145
0.053366 1.6999 0.26515
0.053759 2.431 0.30222
0.054155 2.3491 0.29592
0.054554 1.8038 0.25977
0.054956 2.2431 0.28644
0.055361 1.9702 0.26868
0.055769 1.9474 0.26987
0.05618 1.3543 0.23146
0.056594 1.3358 0.22869
0.057011 1.3757 0.22927
0.057431 1.597 0.24355
0.057854 2.1374 0.26598
0.058281 1.1853 0.21611
0.05871 2.0671 0.25835
0.059143 1.504 0.22879
0.059579 1.3094 0.21679
0.060018 1.0504 0.19779
0.06046 2.116 0.25394
0.060905 1.0872 0.19751
0.061354 0.93184 0.18977
0.061806 1.2864 0.20794
0.062262 1.0905 0.1955
0.062721 1.4701 0.21296
0.063183 1.8217 0.23245
0.063648 1.0715 0.18924
0.064117 1.5992 0.21281
0.06459 0.96109 0.1793
0.065066 0.82838 0.17087
0.065545 0.98008 0.18064
0.066028 1.2246 0.19226
0.066515 0.89692 0.16969
0.067005 1.223 0.18855
0.067499 1.1586 0.18612
0.067996 0.78052 0.16016
0.068497 0.96658 0.16853
0.069002 1.3093 0.18852
0.06951 0.73155 0.15382
0.070023 0.91472 0.16307
0.070539 0.98003 0.16754
0.071058 1.1181 0.16996
0.071582 1.1115 0.16847
0.072109 1.2002 0.17433
0.072641 0.81264 0.1519
0.073176 0.76733 0.14886
0.073715 0.76192 0.14744
0.074258 1.0598 0.1599
0.074806 1.123 0.16458
0.075357 0.98058 0.15546
0.075912 0.96803 0.15412
0.076472 1.2404 0.16286
0.077035 0.76534 0.14226
0.077603 0.91874 0.14806
0.078175 1.0908 0.15462
0.078751 0.74304 0.13732
0.079331 0.88992 0.14369
0.079916 0.82473 0.13944
0.080504 0.96844 0.14554
0.081098 0.94474 0.14038
0.081695 1.0673 0.14997
0.082297 0.74917 0.12962
0.082904 1.1636 0.1497
0.083515 1.0614 0.1419
0.08413 0.81574 0.13195
0.08475 0.909 0.13606
0.085374 0.9281 0.13468
0.086004 0.97967 0.137
0.086637 0.80196 0.12585
0.087276 0.81842 0.12519
0.087919 0.99815 0.13485
0.088567 0.8155 0.12517
0.089219 0.56323 0.11262
0.089877 0.83022 0.12312
0.090539 0.79219 0.12075
0.091206 0.95225 0.12589
0.091878 0.79249 0.11954
0.092555 0.81556 0.12019
0.093237 0.76244 0.11504
0.093924 0.62095 0.10863
0.094616 0.58365 0.10747
0.095314 0.83278 0.11606
0.096016 0.71206 0.11074
0.096724 0.65199 0.10859
0.097436 0.65933 0.1077
0.098154 0.72341 0.1074
0.098878 0.73279 0.10858
0.099606 0.66793 0.10604
0.10034 0.72291 0.10508
0.10108 0.56663 0.099506
0.10182 0.59631 0.099773
0.10257 0.8501 0.10835
0.10333 0.44487 0.092675
0.10409 0.62852 0.098007
0.10486 0.76838 0.10418
0.10563 0.45784 0.089983
0.10641 0.58051 0.094603
0.10719 0.61288 0.095784
0.10798 0.50282 0.089265
0.10878 0.55887 0.092808
0.10958 0.48924 0.087453
0.11039 0.72707 0.097519
0.1112 0.66387 0.092996
0.11202 0.58126 0.090932
0.11285 0.42451 0.082083
0.11368 0.67186 0.09233
0.11452 0.56215 0.085885
0.11536 0.63909 0.090042
0.11621 0.7133 0.091229
0.11707 0.55087 0.084713
0.11793 0.36159 0.076918
0.1188 0.57522 0.084258
0.11967 0.38907 0.077531
0.12056 0.48972 0.079717
0.12144 0.58212 0.082576
0.12234 0.41421 0.076985
0.12324 0.5135 0.078623
0.12415 0.51778 0.078792
0.12506 0.42519 0.075787
0.12598 0.6365 0.080988
0.12691 0.40892 0.073148
0.12785 0.41661 0.07325
0.12879 0.55419 0.077841
0.12974 0.52829 0.075369
0.1307 0.47196 0.07314
0.13166 0.54736 0.075656
0.13263 0.45559 0.071812
0.13361 0.28938 0.064879
0.13459 0.44734 0.070217
0.13558 0.3513 0.066016
0.13658 0.34898 0.066399
0.13759 0.45815 0.06867
0.1386 0.41927 0.067256
0.13962 0.5211 0.07021
0.14065 0.31496 0.062408
0.14169 0.44755 0.066785
0.14273 0.52883 0.068869
0.14378 0.40031 0.063988
0.14484 0.41975 0.06447
0.14591 0.31858 0.060591
0.14699 0.25377 0.058235
0.14807 0.38846 0.06199
0.14916 0.3745 0.061098
0.15026 0.47284 0.063344
0.15137 0.36445 0.059882
0.15248 0.4139 0.060599
0.15361 0.52312 0.063574
0.15474 0.31693 0.05704
0.15588 0.39946 0.059122
0.15703 0.29278 0.055235
0.15818 0.30899 0.055388
0.15935 0.27514 0.054029
0.16052 0.41863 0.057698
0.16171 0.36136 0.055971
0.1629 0.34594 0.054973
0.1641 0.44073 0.057354
0.16531 0.27076 0.052042
0.16653 0.30105 0.052327
0.16775 0.29513 0.051992
0.16899 0.31266 0.052113
0.17023 0.28294 0.050937
0.17149 0.25738 0.049689
0.17275 0.32262 0.051
0.17403 0.33077 0.051125
0.17531 0.22599 0.047841
0.1766 0.27736 0.048653
0.1779 0.29383 0.048979
0.17921 0.23597 0.046747
0.18053 0.2622 0.047469
0.18186 0.26516 0.046973
0.1832 0.26688 0.046804
0.18455 0.21209 0.045013
0.18591 0.23179 0.045247
0.18728 0.18915 0.043476
0.18866 0.21997 0.044262
0.19005 0.28066 0.045229
0.19145 0.26779 0.044999
0.19286 0.26401 0.0444
0.19429 0.2325 0.043286
0.19572 0.16359 0.041431
