#
0.0050184 11.349 0.54073
0.0050554 16.57 0.73042
0.0050926 16.28 0.72401
0.0051301 11.402 0.54195
0.0051679 14.328 0.55458
0.005206 17.118 1.0499
0.0052444 20.207 1.6132
0.005283 NaN NaN
0.005322 11.411 0.69992
0.0053612 11.516 0.60899
0.0054007 13.921 0.54664
0.0054405 14.491 0.43201
0.0054806 13.598 0.54028
0.005521 19.005 0.6387
0.0055616 10.705 0.52518
0.0056026 11.247 0.53827
0.0056439 13.363 0.53558
0.0056855 11.925 0.71553
0.0057274 13.769 0.94169
0.0057696 13.127 0.65013
0.0058121 9.6173 0.55655
0.0058549 9.9082 0.37658
0.0058981 12.268 0.72576
0.0059416 13.448 0.65805
0.0059853 12.537 0.48031
0.0060294 9.3924 0.77781
0.0060739 11.364 0.33555
0.0061186 13.577 0.66119
0.0061637 12.548 0.44946
0.0062091 8.6484 0.35186
0.0062549 10.679 0.52455
0.006301 8.6197 0.74516
0.0063474 7.703 0.35221
0.0063942 10.907 0.59261
0.0064413 8.1688 0.72544
0.0064888 11.195 0.84913
0.0065366 9.6206 0.30876
0.0065847 9.0167 0.31113
0.0066333 8.3737 0.31318
0.0066821 10.239 0.43407
0.0067314 7.3843 0.43622
0.006781 5.7372 0.38451
0.006831 8.0405 0.50891
0.0068813 8.6515 0.37328
0.006932 7.406 0.36922
0.0069831 7.5918 0.57095
0.0070345 8.1239 0.38667
0.0070864 6.7131 0.23252
0.0071386 8.4572 0.31471
0.0071912 9.2653 0.63072
0.0072442 8.0734 0.36057
0.0072976 7.9338 0.337
0.0073513 7.3972 0.28182
0.0074055 5.9154 0.30872
0.0074601 6.5599 0.41118
0.0075151 4.4355 0.53472
0.0075704 5.56 0.28214
0.0076262 6.9094 0.25218
0.0076824 8.3743 0.31318
0.007739 6.246 0.29904
0.0077961 5.3868 0.20208
0.0078535 5.0325 0.30444
0.0079114 5.9981 0.31081
0.0079697 6.4748 0.52735
0.0080284 4.4489 0.33868
0.0080876 6.6106 0.25596
0.0081471 5.6895 0.20768
0.0082072 5.0971 0.24439
0.0082677 5.2272 0.21936
0.0083286 5.3549 0.25048
0.00839 5.6588 0.34864
0.0084518 6.7894 0.31177
0.0085141 3.9656 0.19832
0.0085768 4.7393 0.2089
0.00864 4.141 0.32672
0.0087037 5.0266 0.2427
0.0087678 4.4702 0.18411
0.0088324 5.1308 0.19166
0.0088975 4.4886 0.24052
0.0089631 4.7768 0.2097
0.0090291 4.0756 0.22922
0.0090956 4.2083 0.22207
0.0091627 4.0504 0.51094
0.0092302 4.6354 0.17735
0.0092982 3.9804 0.14622
0.0093667 4.3398 0.18699
0.0094357 3.148 0.31863
0.0095053 3.9643 0.16403
0.0095753 4.8581 0.26377
0.0096459 4.2605 0.19135
0.0097169 3.2988 0.18829
0.0097885 3.7829 0.15241
0.0098607 3.7278 0.17333
0.0099333 3.9143 0.23679
0.010007 4.1093 0.14557
0.01008 3.116 0.1585
0.010155 3.702 0.21849
0.010229 3.288 0.18798
0.010305 3.9045 0.17739
0.010381 3.728 0.16815
0.010457 3.3305 0.12856
0.010534 3.2828 0.13873
0.010612 2.9872 0.21948
0.01069 3.0999 0.15809
0.010769 3.4271 0.17166
0.010848 3.0843 0.13764
0.010928 2.9248 0.13404
0.011009 3.0691 0.12583
0.01109 2.985 0.17211
0.011171 3.4215 0.14495
0.011254 2.5619 0.13552
0.011337 2.8549 0.16218
0.01142 2.804 0.12821
0.011504 2.9685 0.11491
0.011589 2.6923 0.12289
0.011675 2.8062 0.13804
0.011761 2.5113 0.13419
0.011847 3.002 0.18763
0.011935 2.8631 0.11486
0.012023 2.6088 0.10258
0.012111 2.7302 0.13271
0.0122 2.4157 0.12185
0.01229 2.5872 0.12317
0.012381 2.4406 0.11455
0.012472 2.3758 0.11806
0.012564 2.4946 0.11128
0.012657 2.4593 0.10842
0.01275 2.3474 0.10221
0.012844 1.9471 0.11818
0.012938 2.242 0.10551
0.013034 2.5412 0.1194
0.01313 2.2066 0.080453
0.013227 2.2975 0.1048
0.013324 2.1903 0.12897
0.013422 2.4309 0.10586
0.013521 2.3245 0.12248
0.013621 2.2697 0.085583
0.013721 2.2913 0.097665
0.013822 2.3475 0.11009
0.013924 2.1045 0.086868
0.014027 1.9655 0.12595
0.01413 2.2296 0.089408
0.014234 2.268 0.087764
0.014339 1.9913 0.083367
0.014445 2.0065 0.097956
0.014551 2.0769 0.12559
0.014658 2.0964 0.074317
0.014766 2.1583 0.087966
0.014875 1.8878 0.088687
0.014985 2.162 0.094888
0.015095 2.1543 0.087893
0.015206 1.8727 0.084334
0.015319 1.9258 0.077874
0.015431 1.905 0.073946
0.015545 2.043 0.088076
0.01566 2.0107 0.098072
0.015775 2.023 0.079813
0.015891 1.8042 0.067597
0.016008 2.0545 0.091038
0.016126 1.7627 0.077409
0.016245 2.0505 0.088239
0.016365 1.8232 0.06666
0.016486 1.9566 0.078505
0.016607 2.1322 0.07347
0.016729 1.8912 0.090226
0.016853 1.6423 0.067927
0.016977 1.8853 0.06909
0.017102 1.881 0.072663
0.017228 1.7226 0.082116
0.017355 1.8454 0.064106
0.017483 1.8986 0.071471
0.017612 1.9345 0.074498
0.017741 1.9414 0.071525
0.017872 1.8736 0.071748
0.018004 1.8985 0.070748
0.018136 1.9576 0.062847
0.01827 1.934 0.075344
0.018405 1.8676 0.079675
0.01854 1.7652 0.055512
0.018677 1.875 0.071017
0.018815 2.012 0.070684
0.018953 1.7631 0.064946
0.019093 1.9341 0.064517
0.019234 1.9536 0.062783
0.019375 1.9827 0.070162
0.019518 1.9584 0.070415
0.019662 1.9066 0.057296
0.019807 1.9667 0.065611
0.019953 1.9606 0.07046
0.0201 1.9046 0.060143
0.020248 1.9653 0.059786
0.020397 1.7756 0.060827
0.020547 2.1786 0.07024
0.020699 1.9065 0.060173
0.020851 1.8898 0.055579
0.021005 1.9583 0.065466
0.02116 1.9368 0.060647
0.021316 1.8661 0.054209
0.021473 1.9759 0.063137
0.021631 1.9294 0.059234
0.02179 1.9256 0.058362
0.021951 1.9788 0.054823
0.022113 2.0124 0.061819
0.022276 1.9919 0.060613
0.02244 2.0738 0.052543
0.022605 1.9463 0.063668
0.022772 2.2271 0.059209
0.02294 2.0783 0.054002
0.023109 2.1581 0.057938
0.023279 2.0783 0.064246
0.02345 2.0239 0.051902
0.023623 2.1623 0.054496
0.023797 2.2199 0.06398
0.023973 2.2254 0.052812
0.024149 2.2365 0.056955
0.024327 2.4079 0.058439
0.024507 2.1517 0.055252
0.024687 2.4407 0.054255
0.024869 2.3845 0.060171
0.025052 2.3371 0.053095
0.025237 2.4123 0.05849
0.025423 2.5787 0.058874
0.02561 2.364 0.052671
0.025799 2.4035 0.053594
0.025989 2.7159 0.063834
0.026181 2.4968 0.052035
0.026373 2.7771 0.057335
0.026568 2.6833 0.057153
0.026764 2.5673 0.05321
0.026961 2.6747 0.056012
0.027159 2.8097 0.05848
0.02736 2.9692 0.054075
0.027561 2.9592 0.061179
0.027764 2.8506 0.052194
0.027969 3.0093 0.058101
0.028175 2.8589 0.05454
0.028383 3.1597 0.058039
0.028592 3.0923 0.056267
0.028802 3.1739 0.056337
0.029015 3.2083 0.054177
0.029228 3.2658 0.05876
0.029444 3.1527 0.053328
0.029661 3.444 0.056326
0.029879 3.4203 0.058705
0.0301 3.4486 0.054093
0.030321 3.6711 0.062294
0.030545 3.5326 0.053031
0.03077 3.6841 0.057441
0.030997 3.7 0.058802
0.031225 3.6139 0.052358
0.031455 3.8086 0.059442
0.031687 3.9285 0.054749
0.03192 3.917 0.058028
0.032156 3.9038 0.056089
0.032393 4.0298 0.055284
0.032631 3.9183 0.056547
0.032872 4.0094 0.054508
0.033114 4.2868 0.057358
0.033358 4.1602 0.056338
0.033604 4.3208 0.055788
0.033851 4.1103 0.053237
0.034101 4.6898 0.062254
0.034352 4.0516 0.050238
0.034605 4.6691 0.058985
0.03486 4.3668 0.05415
0.035117 4.6638 0.055385
0.035376 4.3109 0.053526
0.035637 4.7482 0.056909
0.035899 4.4577 0.052819
0.036164 4.6196 0.05351
0.03643 4.4661 0.055051
0.036699 4.7759 0.051851
0.036969 4.8184 0.054912
0.037241 4.6859 0.053255
0.037516 4.7848 0.054197
0.037792 4.8329 0.051935
0.038071 4.8134 0.052284
0.038351 4.7403 0.053315
0.038634 4.6495 0.049262
0.038919 4.9017 0.052189
0.039205 4.8296 0.050935
0.039494 4.9225 0.052872
0.039785 4.644 0.047178
0.040079 4.6945 0.05001
0.040374 4.6115 0.047636
0.040671 4.8841 0.051327
0.040971 4.7922 0.047923
0.041273 4.4932 0.046755
0.041577 4.727 0.047247
0.041883 4.541 0.046827
0.042192 4.5683 0.047233
0.042503 4.3705 0.043706
0.042816 4.4724 0.04506
0.043132 4.3005 0.043137
0.04345 4.1727 0.043527
0.04377 4.2521 0.043331
0.044092 4.0468 0.041569
0.044417 4.0889 0.041647
0.044744 3.8786 0.03917
0.045074 3.9076 0.040189
0.045406 3.8175 0.039347
0.045741 3.5503 0.037652
0.046078 3.5605 0.03759
0.046417 3.4778 0.036594
0.04676 3.4531 0.036905
0.047104 3.2927 0.034787
0.047451 3.0431 0.032977
0.047801 3.0386 0.033231
0.048153 2.9437 0.032617
0.048508 2.7867 0.030883
0.048865 2.6604 0.030503
0.049225 2.7227 0.030774
0.049588 2.4569 0.028589
0.049954 2.4286 0.028461
0.050322 2.2822 0.027992
0.050693 2.1844 0.026164
0.051066 2.0804 0.025883
0.051442 2.071 0.025508
0.051821 1.8946 0.024195
0.052203 1.857 0.023898
0.052588 1.7642 0.022943
0.052975 1.6695 0.022373
0.053366 1.5607 0.02134
0.053759 1.5194 0.020939
0.054155 1.441 0.02028
0.054554 1.3896 0.019329
0.054956 1.285 0.018847
0.055361 1.263 0.018431
0.055769 1.2203 0.018309
0.05618 1.1042 0.017011
0.056594 1.0526 0.01651
0.057011 1.0399 0.016266
0.057431 1.0034 0.016106
0.057854 0.93691 0.015222
0.058281 0.8723 0.014776
0.05871 0.85021 0.014263
0.059143 0.80108 0.013834
0.059579 0.77609 0.013543
0.060018 0.7575 0.013178
0.06046 0.70921 0.012722
0.060905 0.65856 0.012155
0.061354 0.67115 0.012293
0.061806 0.63608 0.011798
0.062262 0.61623 0.011546
0.062721 0.58509 0.01108
0.063183 0.58406 0.011179
0.063648 0.56943 0.010852
0.064117 0.55838 0.010532
0.06459 0.52199 0.010217
0.065066 0.51783 0.010108
0.065545 0.50579 0.01
0.066028 0.49842 0.0098815
0.066515 0.47651 0.0093807
0.067005 0.47614 0.0094641
0.067499 0.4644 0.0093891
0.067996 0.47231 0.0092217
0.068497 0.43777 0.0087511
0.069002 0.43317 0.0088482
0.06951 0.4421 0.0087178
0.070023 0.44126 0.0086421
0.070539 0.41699 0.0084699
0.071058 0.43443 0.0084334
0.071582 0.42127 0.0082496
0.072109 0.42168 0.008316
0.072641 0.40702 0.0080371
0.073176 0.39748 0.0079102
0.073715 0.39508 0.0078257
0.074258 0.40646 0.0078026
0.074806 0.40226 0.0078222
0.075357 0.37356 0.007451
0.075912 0.39237 0.0075826
0.076472 0.38152 0.0073267
0.077035 0.37392 0.0073349
0.077603 0.36499 0.0071543
0.078175 0.36423 0.0070646
0.078751 0.35432 0.0069439
0.079331 0.34092 0.0067681
0.079916 0.34443 0.0067636
0.080504 0.33411 0.006652
0.081098 0.32496 0.006363
0.081695 0.31521 0.0064271
0.082297 0.30407 0.0060627
0.082904 0.3118 0.0062288
0.083515 0.29607 0.0059131
0.08413 0.30052 0.0060131
0.08475 0.29132 0.0059011
0.085374 0.27752 0.0056655
0.086004 0.26852 0.00561
0.086637 0.27505 0.0055066
0.087276 0.25729 0.005293
0.087919 0.24532 0.0052288
0.088567 0.23862 0.005092
0.089219 0.23723 0.0050501
0.089877 0.23083 0.0049115
0.090539 0.21856 0.0047455
0.091206 0.21636 0.0046842
0.091878 0.21019 0.0046313
0.092555 0.20253 0.0045119
0.093237 0.19586 0.0043496
0.093924 0.18547 0.0042124
0.094616 0.18196 0.004202
0.095314 0.18535 0.0041585
0.096016 0.17429 0.0040121
0.096724 0.17554 0.0040455
0.097436 0.16332 0.0038686
0.098154 0.15789 0.0037018
0.098878 0.15156 0.0036613
0.099606 0.14931 0.0036244
0.10034 0.14069 0.0034347
0.10108 0.14492 0.0035098
0.10182 0.13337 0.003335
0.10257 0.13225 0.003276
0.10333 0.12807 0.0032482
0.10409 0.12971 0.0031862
0.10486 0.121 0.0031054
0.10563 0.12016 0.0030505
0.10641 0.11383 0.002959
0.10719 0.11664 0.0029926
0.10798 0.11252 0.0028685
0.10878 0.10261 0.0027857
0.10958 0.10226 0.0027039
0.11039 0.098301 0.0026825
0.1112 0.098881 0.0026239
0.11202 0.093135 0.0025879
0.11285 0.093646 0.0025164
0.11368 0.089861 0.0024911
0.11452 0.08814 0.0024039
0.11536 0.087827 0.002431
0.11621 0.085862 0.0023657
0.11707 0.084509 0.0023344
0.11793 0.085608 0.0023351
0.1188 0.082183 0.0022592
0.11967 0.084083 0.0022988
0.12056 0.078484 0.0021761
0.12144 0.07563 0.0021288
0.12234 0.078461 0.0021809
0.12324 0.074333 0.0020712
0.12415 0.077296 0.0021089
0.12506 0.073195 0.0020679
0.12598 0.073318 0.0020112
0.12691 0.069689 0.0019691
0.12785 0.071446 0.0019786
0.12879 0.064429 0.0018794
0.12974 0.07089 0.0019332
0.1307 0.066471 0.0018664
0.13166 0.06586 0.0018542
0.13263 0.064476 0.0018214
0.13361 0.061423 0.001759
0.13459 0.060772 0.0017422
0.13558 0.060932 0.0017239
0.13658 0.059322 0.0017126
0.13759 0.060199 0.0016916
0.1386 0.059244 0.0016719
0.13962 0.056921 0.0016332
0.14065 0.056716 0.0016099
0.14169 0.054437 0.0015727
0.14273 0.051048 0.0015211
0.14378 0.053268 0.0015315
0.14484 0.051382 0.0015005
0.14591 0.050899 0.0014813
0.14699 0.049548 0.00146
0.14807 0.04911 0.0014383
0.14916 0.047562 0.0014063
0.15026 0.046415 0.0013778
0.15137 0.046597 0.0013761
0.15248 0.043567 0.0013197
0.15361 0.046305 0.001351
0.15474 0.044634 0.0013168
0.15588 0.04361 0.001297
0.15703 0.041871 0.0012611
0.15818 0.044431 0.0012863
0.15935 0.040009 0.0012203
0.16052 0.041741 0.0012293
0.16171 0.040222 0.0012045
0.1629 0.039549 0.0011881
0.1641 0.042094 0.001211
0.16531 0.036995 0.0011385
0.16653 0.037374 0.0011308
0.16775 0.037414 0.0011246
0.16899 0.035853 0.0010958
0.17023 0.036792 0.0011028
0.17149 0.03572 0.0010789
0.17275 0.033573 0.0010399
0.17403 0.034456 0.0010475
0.17531 0.034287 0.0010393
0.1766 0.031841 0.00099336
0.1779 0.032237 0.00099626
0.17921 0.030901 0.0009673
0.18053 0.031627 0.0009746
0.18186 0.031661 0.00096432
0.1832 0.02915 0.00092616
0.18455 0.029402 0.0009233
0.18591 0.026953 0.00088323
0.18728 0.027682 0.00088426
0.18866 0.028334 0.00089169
0.19005 0.027726 0.00086926
0.19145 0.026419 0.00085402
0.19286 0.026096 0.0008387
0.19429 0.02447 0.00081204
0.19572 0.023559 0.00079656
